Current Date: Wed 07 Sep 2022 23:24:39
Object Position (x,y,z)(m): 0,0,-0.305
Target Position (x,y,z)(m): 0.15,0.15,-0.31
Time,x (m),y (m),z (m),grasp angle (deg),force,Buffer Length,Move to Pre Grasp,Move to grasp,grasp,lift after grasp,move to pre release,move to release,release,lift after release
0.1589372158050537,0.0,0.0,0.0,66.35211181640625,0,0,20.0,0.0,0.0,-20.0,0.0,-20.0,-20.0,0.0
0.25693297386169434,0.0,0.0,-0.0008949999999999819,66.35211181640625,0,1,20.0,0.0,0.0,-20.0,0.0,-20.0,-20.0,0.0
0.3359487056732178,0.0,0.0,-0.002712499999999977,66.35211181640625,0,2,20.0,0.0,0.0,-20.0,0.0,-20.0,-20.0,0.0
0.4759361743927002,0.0,0.0,-0.005115000000000009,66.35211181640625,0,3,20.0,0.0,0.0,-20.0,0.0,-20.0,-20.0,0.0
0.5759854316711426,0.0,0.0,-0.009225000000000023,66.35211181640625,0,4,20.0,0.0,0.0,-20.0,0.0,-20.0,-20.0,0.0
0.6739857196807861,0.0,0.0,-0.011112500000000011,66.35211181640625,0,5,20.0,0.0,0.0,-20.0,0.0,-20.0,-20.0,0.0
0.7534985542297363,0.0,0.0,-0.01208499999999998,66.35211181640625,0,6,20.0,0.0,0.0,-20.0,0.0,-20.0,-20.0,0.0
0.851506233215332,0.0,0.0,-0.012345000000000028,66.35211181640625,0,6,20.0,0.0,0.0,-20.0,0.0,-20.0,-20.0,0.0
0.9495022296905518,0.0,0.0,-0.013377499999999997,66.35211181640625,0,7,20.0,0.0,0.0,-20.0,0.0,-20.0,-20.0,0.0
1.0495097637176514,0.0,0.0,-0.015375,66.35211181640625,0,8,20.0,0.0,0.0,-20.0,0.0,-20.0,-20.0,0.0
1.146500587463379,0.0,0.0,-0.018355000000000017,66.35211181640625,0,9,20.0,0.0,0.0,-20.0,0.0,-20.0,-20.0,0.0
1.2175004482269287,0.0,0.0,-0.02175999999999999,66.35211181640625,0,10,20.0,0.0,0.0,-20.0,0.0,-20.0,-20.0,0.0
1.315500020980835,0.0,0.0,-0.024209999999999978,66.35211181640625,0,9,20.0,0.0,0.0,-20.0,0.0,-20.0,-20.0,0.0
1.3885011672973633,0.0,0.0,-0.027639999999999987,66.35211181640625,0,10,20.0,0.0,0.0,-20.0,0.0,-20.0,-20.0,0.0
1.4625015258789062,0.0,0.0,-0.030194999999999993,66.35211181640625,0,10,20.0,0.0,0.0,-20.0,0.0,-20.0,-20.0,0.0
1.5435004234313965,0.0,0.0,-0.03284500000000003,66.35211181640625,0,10,20.0,0.0,0.0,-20.0,0.0,-20.0,-20.0,0.0
1.6725013256072998,0.0,0.0,-0.03602499999999998,66.35211181640625,0,9,20.0,0.0,0.0,-20.0,0.0,-20.0,-20.0,0.0
1.7454993724822998,0.0,0.0,-0.04011500000000001,66.35211181640625,0,10,20.0,0.0,0.0,-20.0,0.0,-20.0,-20.0,0.0
1.8195013999938965,0.0,0.0,-0.042670000000000013,66.35211181640625,0,10,20.0,0.0,0.0,-20.0,0.0,-20.0,-20.0,0.0
1.8925206661224365,0.0,0.0,-0.04523000000000002,66.35211181640625,0,10,20.0,0.0,0.0,-20.0,0.0,-20.0,-20.0,0.0
1.9894981384277344,0.0,0.0,-0.04780000000000001,66.35211181640625,0,9,20.0,0.0,0.0,-20.0,0.0,-20.0,-20.0,0.0
2.060018301010132,0.0,0.0,-0.05115499999999997,66.35211181640625,0,10,20.0,0.0,0.0,-20.0,0.0,-20.0,-20.0,0.0
2.1320173740386963,0.0,0.0,-0.053625,66.35211181640625,0,10,20.0,0.0,0.0,-20.0,0.0,-20.0,-20.0,0.0
2.2050204277038574,0.0,0.0,-0.05613999999999999,66.35211181640625,0,10,20.0,0.0,0.0,-20.0,0.0,-20.0,-20.0,0.0
2.284019708633423,0.0,0.0,-0.058685,66.35211181640625,0,9,20.0,0.0,0.0,-20.0,0.0,-20.0,-20.0,0.0
2.358025074005127,0.0,0.0,-0.06141,66.35211181640625,0,10,20.0,0.0,0.0,-20.0,0.0,-20.0,-20.0,0.0
2.430026054382324,0.0,0.0,-0.06399500000000001,66.35211181640625,0,10,20.0,0.0,0.0,-20.0,0.0,-20.0,-20.0,0.0
2.525574207305908,0.0,0.0,-0.06653,66.35211181640625,0,9,20.0,0.0,0.0,-20.0,0.0,-20.0,-20.0,0.0
2.597569227218628,0.0,0.0,-0.06984,66.35211181640625,0,10,20.0,0.0,0.0,-20.0,0.0,-20.0,-20.0,0.0
2.6855835914611816,0.0,0.0,-0.07234499999999999,66.35211181640625,0,10,20.0,0.0,0.0,-20.0,0.0,-20.0,-20.0,0.0
2.8155806064605713,0.0,0.0,-0.07582,66.35211181640625,0,9,20.0,0.0,0.0,-20.0,0.0,-20.0,-20.0,0.0
2.887580394744873,0.0,0.0,-0.07996,66.35211181640625,0,10,20.0,0.0,0.0,-20.0,0.0,-20.0,-20.0,0.0
2.9605722427368164,0.0,0.0,-0.08246,66.35211181640625,0,10,20.0,0.0,0.0,-20.0,0.0,-20.0,-20.0,0.0
3.0585973262786865,0.0,0.0,-0.08501499999999998,66.35211181640625,0,9,20.0,0.0,0.0,-20.0,0.0,-20.0,-20.0,0.0
3.1305742263793945,0.0,0.0,-0.088415,66.35211181640625,0,10,20.0,0.0,0.0,-20.0,0.0,-20.0,-20.0,0.0
3.201573610305786,0.0,0.0,-0.090925,66.35211181640625,0,10,20.0,0.0,0.0,-20.0,0.0,-20.0,-20.0,0.0
3.275570869445801,0.0,0.0,-0.09337000000000001,66.35211181640625,0,10,20.0,0.0,0.0,-20.0,0.0,-20.0,-20.0,0.0
3.37358021736145,0.0,0.0,-0.09596500000000001,66.35211181640625,0,9,20.0,0.0,0.0,-20.0,0.0,-20.0,-20.0,0.0
3.446570873260498,0.0,0.0,-0.09938499999999999,66.35211181640625,0,10,20.0,0.0,0.0,-20.0,0.0,-20.0,-20.0,0.0
3.521580457687378,0.0,0.0,-0.10194999999999999,66.35211181640625,0,10,20.0,0.0,0.0,-20.0,0.0,-20.0,-20.0,0.0
3.620574951171875,0.0,0.0,-0.10454,66.35211181640625,0,9,20.0,0.0,0.0,-20.0,0.0,-20.0,-20.0,0.0
3.6935739517211914,0.0,0.0,-0.108,66.35211181640625,0,10,20.0,0.0,0.0,-20.0,0.0,-20.0,-20.0,0.0
3.792569398880005,0.0,0.0,-0.11051499999999999,66.35211181640625,0,9,20.0,0.0,0.0,-20.0,0.0,-20.0,-20.0,0.0
3.8815958499908447,0.0,0.0,-0.11411000000000002,66.35211181640625,0,10,20.0,0.0,0.0,-20.0,0.0,-20.0,-20.0,0.0
3.9625728130340576,0.0,0.0,-0.11738,66.35211181640625,0,10,20.0,0.0,0.0,-20.0,0.0,-20.0,-20.0,0.0
4.036579132080078,0.0,0.0,-0.11993000000000001,66.35211181640625,0,10,20.0,0.0,0.0,-20.0,0.0,-20.0,-20.0,0.0
4.106569051742554,0.0,0.0,-0.12247,66.35211181640625,0,10,20.0,0.0,0.0,-20.0,0.0,-20.0,-20.0,0.0
4.177571058273315,0.0,0.0,-0.12492500000000001,66.35211181640625,0,10,20.0,0.0,0.0,-20.0,0.0,-20.0,-20.0,0.0
4.27557897567749,0.0,0.0,-0.127405,66.35211181640625,0,9,20.0,0.0,0.0,-20.0,0.0,-20.0,-20.0,0.0
4.347573518753052,0.0,0.0,-0.13081,66.35211181640625,0,10,20.0,0.0,0.0,-20.0,0.0,-20.0,-20.0,0.0
4.418572902679443,0.0,0.0,-0.133305,66.35211181640625,0,10,20.0,0.0,0.0,-20.0,0.0,-20.0,-20.0,0.0
4.492571592330933,0.0,0.0,-0.1358,66.35211181640625,0,10,20.0,0.0,0.0,-20.0,0.0,-20.0,-20.0,0.0
4.561568975448608,0.0,0.0,-0.13839500000000002,66.35211181640625,0,10,20.0,0.0,0.0,-20.0,0.0,-20.0,-20.0,0.0
4.635570287704468,0.0,0.0,-0.1408,66.35211181640625,0,10,20.0,0.0,0.0,-20.0,0.0,-20.0,-20.0,0.0
4.707576513290405,0.0,0.0,-0.14335,66.35211181640625,0,10,20.0,0.0,0.0,-20.0,0.0,-20.0,-20.0,0.0
4.781572341918945,0.0,0.0,-0.14586500000000002,66.35211181640625,0,10,20.0,0.0,0.0,-20.0,0.0,-20.0,-20.0,0.0
4.852591037750244,0.0,0.0,-0.148455,66.35211181640625,0,10,20.0,0.0,0.0,-20.0,0.0,-20.0,-20.0,0.0
4.926587820053101,0.0,0.0,-0.150935,66.35211181640625,0,10,20.0,0.0,0.0,-20.0,0.0,-20.0,-20.0,0.0
5.073591947555542,0.0,0.0,-0.15351499999999998,66.35211181640625,0,9,20.0,0.0,0.0,-20.0,0.0,-20.0,-20.0,0.0
5.154573202133179,0.0,0.0,-0.158875,66.35211181640625,0,10,20.0,0.0,0.0,-20.0,0.0,-20.0,-20.0,0.0
5.22756814956665,0.0,0.0,-0.16145500000000002,66.35211181640625,0,10,20.0,0.0,0.0,-20.0,0.0,-20.0,-20.0,0.0
5.297569274902344,0.0,0.0,-0.16395500000000002,66.35211181640625,0,10,20.0,0.0,0.0,-20.0,0.0,-20.0,-20.0,0.0
5.372581958770752,0.0,0.0,-0.16645,66.35211181640625,0,10,20.0,0.0,0.0,-20.0,0.0,-20.0,-20.0,0.0
5.443567991256714,0.0,0.0,-0.16904,66.35211181640625,0,10,20.0,0.0,0.0,-20.0,0.0,-20.0,-20.0,0.0
5.51557469367981,0.0,0.0,-0.171505,66.35211181640625,0,10,20.0,0.0,0.0,-20.0,0.0,-20.0,-20.0,0.0
5.589599609375,0.0,0.0,-0.17403,66.35211181640625,0,10,20.0,0.0,0.0,-20.0,0.0,-20.0,-20.0,0.0
5.687569856643677,0.0,0.0,-0.1766,66.35211181640625,0,9,20.0,0.0,0.0,-20.0,0.0,-20.0,-20.0,0.0
5.758574724197388,0.0,0.0,-0.18001499999999998,66.35211181640625,0,10,20.0,0.0,0.0,-20.0,0.0,-20.0,-20.0,0.0
5.831582546234131,0.0,0.0,-0.182475,66.35211181640625,0,10,20.0,0.0,0.0,-20.0,0.0,-20.0,-20.0,0.0
5.905572414398193,0.0,0.0,-0.18503999999999998,66.35211181640625,0,10,20.0,0.0,0.0,-20.0,0.0,-20.0,-20.0,0.0
5.979572057723999,0.0,0.0,-0.187615,66.35211181640625,0,10,20.0,0.0,0.0,-20.0,0.0,-20.0,-20.0,0.0
6.052576541900635,0.0,0.0,-0.190185,66.35211181640625,0,10,20.0,0.0,0.0,-20.0,0.0,-20.0,-20.0,0.0
6.126574993133545,0.0,0.0,-0.19274000000000002,66.35211181640625,0,10,20.0,0.0,0.0,-20.0,0.0,-20.0,-20.0,0.0
6.250580549240112,0.0,0.0,-0.195315,66.35211181640625,0,9,20.0,0.0,0.0,-20.0,0.0,-20.0,-20.0,0.0
6.334573268890381,0.0,0.0,-0.200005,66.35211181640625,0,10,20.0,0.0,0.0,-20.0,0.0,-20.0,-20.0,0.0
6.406574249267578,0.0,0.0,-0.20259,66.35211181640625,0,10,20.0,0.0,0.0,-20.0,0.0,-20.0,-20.0,0.0
6.4805748462677,0.0,0.0,-0.20511500000000002,66.35211181640625,0,10,20.0,0.0,0.0,-20.0,0.0,-20.0,-20.0,0.0
6.553583383560181,0.0,0.0,-0.207685,66.35211181640625,0,10,20.0,0.0,0.0,-20.0,0.0,-20.0,-20.0,0.0
6.652573347091675,0.0,0.0,-0.21025,66.35211181640625,0,9,20.0,0.0,0.0,-20.0,0.0,-20.0,-20.0,0.0
6.728577375411987,0.0,0.0,-0.21368,66.35211181640625,0,10,20.0,0.0,0.0,-20.0,0.0,-20.0,-20.0,0.0
6.800570726394653,0.0,0.0,-0.21636000000000002,66.35211181640625,0,10,20.0,0.0,0.0,-20.0,0.0,-20.0,-20.0,0.0
6.874573230743408,0.0,0.0,-0.218845,66.35211181640625,0,10,20.0,0.0,0.0,-20.0,0.0,-20.0,-20.0,0.0
6.9735753536224365,0.0,0.0,-0.221435,66.35211181640625,0,9,20.0,0.0,0.0,-20.0,0.0,-20.0,-20.0,0.0
7.044571876525879,0.0,0.0,-0.224875,66.35211181640625,0,10,20.0,0.0,0.0,-20.0,0.0,-20.0,-20.0,0.0
7.114576578140259,0.0,0.0,-0.22738999999999998,66.35211181640625,0,10,20.0,0.0,0.0,-20.0,0.0,-20.0,-20.0,0.0
7.213573217391968,0.0,0.0,-0.2298,66.35211181640625,0,9,20.0,0.0,0.0,-20.0,0.0,-20.0,-20.0,0.0
7.28557014465332,0.0,0.0,-0.23325,66.35211181640625,0,10,0.0,20.0,0.0,0.0,-20.0,-20.0,-20.0,0.0
7.370577573776245,0.0,0.0,-0.23575,66.35211181640625,0,10,0.0,20.0,0.0,0.0,-20.0,-20.0,-20.0,0.0
7.463570594787598,0.0,0.0,-0.23914499999999997,66.35211181640625,0,10,0.0,20.0,0.0,0.0,-20.0,-20.0,-20.0,0.0
7.566571950912476,0.0,0.0,-0.24217000000000002,66.35211181640625,0,9,0.0,20.0,0.0,0.0,-20.0,-20.0,-20.0,0.0
7.638573169708252,0.0,0.0,-0.245565,66.35211181640625,0,10,0.0,20.0,0.0,0.0,-20.0,-20.0,-20.0,0.0
7.737109661102295,0.0,0.0,-0.248065,66.35211181640625,0,9,0.0,20.0,0.0,0.0,-20.0,-20.0,-20.0,0.0
7.809105396270752,0.0,0.0,-0.251525,66.35211181640625,0,10,0.0,20.0,0.0,0.0,-20.0,-20.0,-20.0,0.0
7.906097173690796,0.0,0.0,-0.25402,66.35211181640625,0,9,0.0,20.0,0.0,0.0,-20.0,-20.0,-20.0,0.0
7.9771199226379395,0.0,0.0,-0.257375,66.35211181640625,0,10,0.0,20.0,0.0,0.0,-20.0,-20.0,-20.0,0.0
8.051097869873047,0.0,0.0,-0.259895,66.35211181640625,0,10,0.0,20.0,0.0,0.0,-20.0,-20.0,-20.0,0.0
8.124106407165527,0.0,0.0,-0.26243500000000003,66.35211181640625,0,10,0.0,20.0,0.0,0.0,-20.0,-20.0,-20.0,0.0
8.221096992492676,0.0,0.0,-0.26498,66.35211181640625,0,9,0.0,20.0,0.0,0.0,-20.0,-20.0,-20.0,0.0
8.295108795166016,0.0,0.0,-0.26838999999999996,66.35211181640625,0,10,0.0,20.0,0.0,0.0,-20.0,-20.0,-20.0,0.0
8.366104125976562,0.0,0.0,-0.270965,66.35211181640625,0,10,0.0,20.0,0.0,0.0,-20.0,-20.0,-20.0,0.0
8.439112901687622,0.0,0.0,-0.273465,66.35211181640625,0,10,0.0,20.0,0.0,0.0,-20.0,-20.0,-20.0,0.0
8.540094137191772,0.0,0.0,-0.27604,66.35211181640625,0,10,0.0,20.0,0.0,0.0,-20.0,-20.0,-20.0,0.0
8.673399448394775,0.0,0.0,-0.28002,66.35211181640625,0,9,0.0,20.0,0.0,0.0,-20.0,-20.0,-20.0,0.0
8.749407291412354,0.0,0.0,-0.28422000000000003,66.35211181640625,0,10,0.0,20.0,0.0,0.0,-20.0,-20.0,-20.0,0.0
8.848402500152588,0.0,0.0,-0.28682,66.35211181640625,0,9,0.0,20.0,0.0,0.0,-20.0,-20.0,-20.0,0.0
8.942398071289062,0.0,0.0,-0.290265,66.35211181640625,0,9,0.0,20.0,0.0,0.0,-20.0,-20.0,-20.0,0.0
9.037508249282837,0.0,0.0,-0.29352999999999996,66.35211181640625,0,9,0.0,20.0,0.0,0.0,-20.0,-20.0,-20.0,0.0
9.200036764144897,0.0,0.0,-0.29639499999999996,95.0,0,8,0.0,0.0,20.0,0.0,-20.0,-20.0,-20.0,0.0
9.297590255737305,0.0,0.0,-0.2998525,95.0,0,5,0.0,0.0,20.0,0.0,-20.0,-20.0,-20.0,0.0
9.37856674194336,0.0,0.0,-0.3008,95.0,0,4,0.0,0.0,20.0,0.0,-20.0,-20.0,-20.0,0.0
9.458564043045044,0.0,0.0,-0.30131,95.0,0,2,0.0,0.0,20.0,0.0,-20.0,-20.0,-20.0,0.0
9.551563739776611,0.0,0.0,-0.30161,95.0,0,1,0.0,0.0,20.0,0.0,-20.0,-20.0,-20.0,0.0
9.646565914154053,0.0,0.0,-0.30185,95.0,0,0,0.0,0.0,20.0,0.0,-20.0,-20.0,-20.0,0.0
9.74458384513855,0.0,0.0,-0.30197,95.0,0,0,0.0,0.0,20.0,0.0,-20.0,-20.0,-20.0,0.0
9.840568542480469,0.0,0.0,-0.30208999999999997,95.0,20,0,0.0,0.0,20.0,0.0,-20.0,-20.0,-20.0,0.0
9.920571327209473,0.0,0.0,-0.30221,95.0,20,0,-20.0,-20.0,0.0,20.0,0.0,0.0,0.0,-20.0
10.017565965652466,0.0,0.0,-0.302055,95.0,20,1,-20.0,-20.0,0.0,20.0,0.0,0.0,0.0,-20.0
10.115562438964844,0.0,0.0,-0.30102749999999995,95.0,20,2,-20.0,-20.0,0.0,20.0,0.0,0.0,0.0,-20.0
10.197601556777954,0.0,0.0,-0.29934249999999996,95.0,20,3,-20.0,-20.0,0.0,20.0,0.0,0.0,0.0,-20.0
10.27756118774414,0.0,0.0,-0.2985,95.0,20,4,-20.0,-20.0,0.0,20.0,0.0,0.0,0.0,-20.0
10.374584197998047,0.0,0.0,-0.2982325,95.0,20,4,-20.0,-20.0,0.0,20.0,0.0,0.0,0.0,-20.0
10.517563104629517,0.0,0.0,-0.2970525,95.0,20,5,-20.0,-20.0,0.0,20.0,0.0,0.0,0.0,-20.0
10.618565797805786,0.0,0.0,-0.294265,95.0,20,5,-20.0,-7.75807,-12.241928,20.0,0.0,0.0,0.0,-20.0
10.717586755752563,0.0,0.0,-0.291285,95.0,20,6,-20.0,0.0,-20.0,20.0,0.0,0.0,0.0,-20.0
10.813578844070435,0.0,0.0,-0.288185,95.0,20,6,-20.0,0.0,-20.0,20.0,0.0,0.0,0.0,-20.0
10.911564826965332,0.0,0.0,-0.2852,95.0,20,6,-20.0,0.0,-20.0,20.0,0.0,0.0,0.0,-20.0
11.009589433670044,0.0,0.0,-0.282245,95.0,20,6,-20.0,0.0,-20.0,20.0,0.0,0.0,0.0,-20.0
11.108572959899902,0.0,0.0,-0.279165,95.0,20,6,-20.0,0.0,-20.0,20.0,0.0,0.0,0.0,-20.0
11.207567691802979,0.0,0.0,-0.276005,95.0,20,6,-20.0,0.0,-20.0,20.0,0.0,0.0,0.0,-20.0
11.305570125579834,0.0,0.0,-0.273245,95.0,20,6,-20.0,0.0,-20.0,20.0,0.0,0.0,0.0,-20.0
11.404565334320068,0.0,0.0,-0.27048500000000003,95.0,20,6,-20.0,0.0,-20.0,20.0,0.0,0.0,0.0,-20.0
11.503568887710571,0.0,0.0,-0.267815,95.0,20,6,-20.0,0.0,-20.0,20.0,0.0,0.0,0.0,-20.0
11.652560710906982,0.0,0.0,-0.26423,95.0,20,5,-20.0,0.0,-20.0,20.0,0.0,0.0,0.0,-20.0
11.752567529678345,0.0,0.0,-0.26084500000000005,95.0,20,5,-20.0,0.0,-20.0,20.0,0.0,0.0,0.0,-20.0
11.852561235427856,0.0,0.0,-0.2583875,95.0,20,5,-20.0,0.0,-20.0,20.0,0.0,0.0,0.0,-20.0
11.934565305709839,0.0,0.0,-0.2561325,95.0,20,5,-20.0,0.0,-20.0,20.0,0.0,0.0,0.0,-20.0
12.033570289611816,0.0,0.0,-0.254295,95.0,20,5,-20.0,0.0,-20.0,20.0,0.0,0.0,0.0,-20.0
12.129578828811646,0.0,0.0,-0.2521225,95.0,20,5,-20.0,0.0,-20.0,20.0,0.0,0.0,0.0,-20.0
12.227579593658447,0.0,0.0,-0.2501025,95.0,20,5,-20.0,0.0,-20.0,20.0,0.0,0.0,0.0,-20.0
12.325566530227661,0.0,0.0,-0.2480525,95.0,20,5,-20.0,0.0,-20.0,20.0,0.0,0.0,0.0,-20.0
12.421568632125854,0.0,0.0,-0.246095,95.0,20,4,-20.0,0.0,-20.0,20.0,0.0,0.0,0.0,-20.0
12.51656198501587,0.0,0.0,-0.24417250000000001,95.0,20,4,-20.0,0.0,-20.0,20.0,0.0,0.0,0.0,-20.0
12.61056399345398,0.0,0.0,-0.2423225,95.0,20,4,-20.0,0.0,-20.0,20.0,0.0,0.0,0.0,-20.0
12.740562200546265,0.0,0.0,-0.24051499999999998,95.0,20,4,-20.0,0.0,-20.0,20.0,0.0,0.0,0.0,-20.0
12.841569185256958,0.0,0.0,-0.23800749999999998,95.0,20,3,-20.0,0.0,-20.0,20.0,0.0,0.0,0.0,-20.0
12.939568996429443,0.0,0.0,-0.23632,95.0,20,3,-20.0,0.0,-20.0,20.0,0.0,0.0,0.0,-20.0
13.017565250396729,0.0,0.0,-0.234655,95.0,20,2,-20.0,0.0,-20.0,20.0,0.0,0.0,0.0,-20.0
13.114569187164307,0.0,0.0,-0.2333375,95.0,20,2,-20.0,0.0,-20.0,20.0,0.0,0.0,0.0,-20.0
13.197561502456665,0.0,0.0,-0.2316975,95.0,20,2,-20.0,0.0,-20.0,20.0,0.0,0.0,0.0,-20.0
13.277573347091675,0.0,0.0,-0.2306375,95.0,20,2,-20.0,0.0,-20.0,20.0,0.0,0.0,0.0,-20.0
13.373567581176758,0.0,0.0,-0.23026249999999998,95.0,20,2,-6.3474274,-13.652573,-20.0,6.3474274,13.652573,0.0,0.0,-20.0
13.46856164932251,0.0,0.0,-0.22966,95.0,20,3,0.0,-20.0,-20.0,0.0,20.0,0.0,0.0,-20.0
13.566562414169312,3.749999999999432e-05,1.2499999999988632e-05,-0.22817500000000002,95.0,20,2,0.0,-20.0,-20.0,0.0,20.0,0.0,0.0,-20.0
13.6645667552948,0.0008249999999999886,0.0002874999999999943,-0.22582,95.0,20,3,0.0,-20.0,-20.0,0.0,20.0,0.0,0.0,-20.0
13.745569467544556,0.001875,0.0006374999999999887,-0.22266500000000003,95.0,20,4,0.0,-20.0,-20.0,0.0,20.0,0.0,0.0,-20.0
13.863568782806396,0.0025999999999999942,0.0008874999999999887,-0.22048,95.0,20,5,0.0,-20.0,-20.0,0.0,20.0,0.0,0.0,-20.0
13.945563316345215,0.0032624999999999885,0.001125,-0.21848250000000002,95.0,20,6,0.0,-20.0,-20.0,0.0,20.0,0.0,0.0,-20.0
14.041587114334106,0.0034499999999999887,0.0011875,-0.21791750000000001,95.0,20,7,0.0,-20.0,-20.0,0.0,20.0,0.0,0.0,-20.0
14.122583627700806,0.004162499999999994,0.0014250000000000113,-0.21832749999999998,95.0,20,7,0.0,-20.0,-20.0,0.0,20.0,0.0,0.0,-20.0
14.221565961837769,0.005887499999999988,0.0020250000000000055,-0.21941750000000002,95.0,20,8,0.0,-20.0,-20.0,0.0,20.0,0.0,0.0,-20.0
14.318561792373657,0.009375,0.00325,-0.221615,95.0,20,8,0.0,-20.0,-20.0,0.0,20.0,0.0,0.0,-20.0
14.399577856063843,0.013300000000000011,0.004637499999999989,-0.224075,95.0,20,9,0.0,-20.0,-20.0,0.0,20.0,0.0,0.0,-20.0
14.496567010879517,0.01657499999999999,0.005824999999999989,-0.226135,95.0,20,9,0.0,-20.0,-20.0,0.0,20.0,0.0,0.0,-20.0
14.594574928283691,0.02044999999999999,0.007262499999999989,-0.22857,95.0,20,9,0.0,-20.0,-20.0,0.0,20.0,0.0,0.0,-20.0
14.668569326400757,0.024400000000000005,0.00875,-0.231055,95.0,20,10,0.0,-20.0,-20.0,0.0,20.0,0.0,0.0,-20.0
14.76356315612793,0.027349999999999996,0.009875,-0.232905,95.0,20,9,0.0,-20.0,-20.0,0.0,20.0,0.0,0.0,-20.0
14.86057186126709,0.031199999999999988,0.011375,-0.23532499999999998,95.0,20,9,0.0,-20.0,-20.0,0.0,20.0,0.0,0.0,-20.0
14.940568447113037,0.03508750000000001,0.012925000000000011,-0.23776499999999998,95.0,20,10,0.0,-20.0,-20.0,0.0,20.0,0.0,0.0,-20.0
15.049579381942749,0.03847500000000002,0.01430000000000001,-0.2399,95.0,20,9,0.0,-20.0,-20.0,0.0,20.0,0.0,0.0,-20.0
15.143561363220215,0.04260000000000002,0.01601249999999999,-0.24249,95.0,20,9,0.0,-20.0,-20.0,0.0,20.0,0.0,0.0,-20.0
15.228586912155151,0.04632499999999999,0.01761250000000001,-0.24483249999999998,95.0,20,9,0.0,-20.0,-20.0,0.0,20.0,0.0,0.0,-20.0
15.324114561080933,0.0496875,0.019087500000000007,-0.246945,95.0,20,9,0.0,-20.0,-20.0,0.0,20.0,0.0,0.0,-20.0
15.422659397125244,0.053462499999999975,0.02076249999999999,-0.24931999999999999,95.0,20,9,0.0,-20.0,-20.0,0.0,20.0,0.0,0.0,-20.0
15.518637418746948,0.05739999999999998,0.0225625,-0.2517925,95.0,20,9,0.0,-20.0,-20.0,0.0,20.0,0.0,0.0,-20.0
15.616641759872437,0.061112500000000014,0.0243125,-0.254125,95.0,20,9,0.0,-20.0,-20.0,0.0,20.0,0.0,0.0,-20.0
15.713639736175537,0.06498750000000002,0.026199999999999987,-0.25656,95.0,20,9,0.0,-20.0,-20.0,0.0,20.0,0.0,0.0,-20.0
15.789163589477539,0.0687375,0.028087500000000005,-0.2589175,95.0,20,10,0.0,-20.0,-20.0,0.0,20.0,0.0,0.0,-20.0
15.888182640075684,0.07167500000000002,0.02957499999999999,-0.2607675,95.0,20,9,0.0,-20.0,-20.0,0.0,20.0,0.0,0.0,-20.0
15.985162258148193,0.0755,0.03161250000000001,-0.263175,95.0,20,9,0.0,-20.0,-20.0,0.0,20.0,0.0,0.0,-20.0
16.071163415908813,0.0791875,0.03361250000000001,-0.2654825,95.0,20,10,0.0,-20.0,-20.0,0.0,20.0,0.0,0.0,-20.0
16.19816279411316,0.08283749999999998,0.03567500000000001,-0.26779000000000003,95.0,20,8,0.0,-20.0,-20.0,0.0,20.0,0.0,0.0,-20.0
16.294166088104248,0.08725,0.038274999999999976,-0.27056,95.0,20,8,0.0,-20.0,-20.0,0.0,20.0,0.0,0.0,-20.0
16.39317035675049,0.09085000000000003,0.040475000000000025,-0.27282,95.0,20,7,0.0,-20.0,-20.0,0.0,20.0,0.0,0.0,-20.0
16.49216079711914,0.09455000000000001,0.04283749999999998,-0.275145,95.0,20,7,0.0,-20.0,-20.0,0.0,20.0,0.0,0.0,-20.0
16.591167211532593,0.09816250000000003,0.04526249999999999,-0.277415,95.0,20,6,0.0,-20.0,-20.0,0.0,20.0,0.0,0.0,-20.0
16.68916416168213,0.10172500000000002,0.04775,-0.2796575,95.0,20,6,0.0,-20.0,-20.0,0.0,20.0,0.0,0.0,-20.0
16.78817343711853,0.10522500000000003,0.05032499999999999,-0.28185750000000004,95.0,20,6,0.0,-20.0,-20.0,0.0,20.0,0.0,0.0,-20.0
16.88516116142273,0.10869999999999999,0.053,-0.284045,95.0,20,5,0.0,-20.0,-20.0,0.0,20.0,0.0,0.0,-20.0
16.98216724395752,0.11141250000000003,0.0551875,-0.2857425,95.0,20,5,0.0,-20.0,-20.0,0.0,20.0,0.0,0.0,-20.0
17.07916235923767,0.11372500000000002,0.05714999999999998,-0.2872,95.0,20,4,0.0,-20.0,-20.0,0.0,20.0,0.0,0.0,-20.0
17.19716477394104,0.11605000000000001,0.05921249999999998,-0.28866,95.0,20,4,0.0,-20.0,-20.0,0.0,20.0,0.0,0.0,-20.0
17.302161693572998,0.11885000000000003,0.061800000000000015,-0.29041500000000003,95.0,20,3,0.0,-20.0,-20.0,0.0,20.0,0.0,0.0,-20.0
17.396159887313843,0.12102499999999998,0.0639375,-0.29178750000000003,95.0,20,2,0.0,-20.0,-20.0,0.0,20.0,0.0,0.0,-20.0
17.494171142578125,0.12238749999999998,0.065325,-0.292635,95.0,20,2,0.0,-20.0,-20.0,0.0,20.0,0.0,0.0,-20.0
17.574162483215332,0.12298750000000001,0.06596249999999998,-0.2930175,95.0,20,2,0.0,-20.0,-20.0,0.0,20.0,0.0,0.0,-20.0
17.670170545578003,0.123625,0.066625,-0.29342250000000003,95.0,20,2,0.0,-20.0,-20.0,0.0,20.0,0.0,0.0,-20.0
17.768166065216064,0.12453750000000002,0.0676125,-0.29399000000000003,95.0,20,3,0.0,-20.0,-20.0,0.0,20.0,0.0,0.0,-20.0
17.850162267684937,0.12646249999999998,0.06977499999999998,-0.29521,95.0,20,2,0.0,-20.0,-20.0,0.0,20.0,0.0,0.0,-20.0
17.93117117881775,0.1274875,0.07098750000000001,-0.29585,95.0,20,2,0.0,-20.0,-20.0,0.0,20.0,0.0,0.0,-20.0
18.02616000175476,0.127925,0.07151249999999999,-0.2961275,95.0,20,2,0.0,-20.0,-20.0,0.0,20.0,0.0,0.0,-20.0
18.123162269592285,0.12855,0.0722625,-0.29652249999999997,95.0,20,2,0.0,-20.0,-20.0,0.0,20.0,0.0,0.0,-20.0
18.205165147781372,0.12978750000000003,0.0738,-0.29729500000000003,95.0,20,2,0.0,-20.0,-20.0,0.0,20.0,0.0,0.0,-20.0
18.308168172836304,0.13085000000000002,0.07516250000000002,-0.29796249999999996,95.0,20,2,0.0,-20.0,-20.0,0.0,20.0,0.0,0.0,-20.0
18.404160976409912,0.131625,0.07622500000000003,-0.2984475,95.0,20,2,0.0,-20.0,-20.0,0.0,20.0,0.0,0.0,-20.0
18.502164125442505,0.13203750000000003,0.07678750000000002,-0.298705,95.0,20,2,0.0,-20.0,-20.0,0.0,20.0,0.0,0.0,-20.0
18.584166288375854,0.13261250000000002,0.07758749999999998,-0.29907,95.0,20,2,0.0,-20.0,-20.0,0.0,20.0,0.0,0.0,-20.0
18.6621675491333,0.1336875,0.07913749999999999,-0.2997525,95.0,20,2,0.0,-20.0,-20.0,0.0,20.0,0.0,0.0,-20.0
18.741164922714233,0.13445,0.08027499999999997,-0.3002325,95.0,20,2,0.0,-20.0,-20.0,0.0,20.0,0.0,0.0,-20.0
18.83816361427307,0.13492500000000002,0.081,-0.30052999999999996,95.0,20,2,0.0,-20.0,-20.0,0.0,20.0,0.0,0.0,-20.0
18.920166730880737,0.1355,0.08189999999999997,-0.30089,95.0,20,2,0.0,-20.0,-20.0,0.0,20.0,0.0,0.0,-20.0
19.01618218421936,0.13625,0.08308749999999998,-0.3013575,95.0,20,2,0.0,-20.0,-20.0,0.0,20.0,0.0,0.0,-20.0
19.11016297340393,0.1368,0.08401249999999999,-0.3016975,95.0,20,2,-20.0,-20.0,-20.0,0.0,0.0,20.0,0.0,0.0
19.204172372817993,0.13732499999999997,0.08489999999999998,-0.30202999999999997,95.0,20,2,-20.0,-20.0,-20.0,0.0,0.0,20.0,0.0,0.0
19.298160076141357,0.13782499999999998,0.08580000000000002,-0.30234750000000005,95.0,20,2,-20.0,-20.0,-20.0,0.0,0.0,20.0,0.0,0.0
19.3761625289917,0.13832499999999998,0.08669999999999999,-0.30266000000000004,95.0,20,2,-20.0,-20.0,-20.0,0.0,0.0,20.0,0.0,0.0
19.485164880752563,0.1388,0.08758749999999997,-0.30296,95.0,20,1,-20.0,-20.0,-20.0,0.0,0.0,20.0,0.0,0.0
19.56517505645752,0.13926249999999998,0.08847500000000003,-0.30325,95.0,20,1,-20.0,-20.0,-20.0,0.0,0.0,20.0,0.0,0.0
19.647167921066284,0.13967500000000002,0.08930000000000002,-0.30351249999999996,95.0,20,1,-20.0,-20.0,-20.0,0.0,0.0,20.0,0.0,0.0
19.728174209594727,0.14010000000000003,0.0901375,-0.3037725,95.0,20,1,-20.0,-20.0,-20.0,0.0,0.0,20.0,0.0,0.0
19.80915880203247,0.14048750000000002,0.09094999999999999,-0.3040225,95.0,20,1,-20.0,-20.0,-20.0,0.0,0.0,20.0,0.0,0.0
19.907184839248657,0.1408875,0.09176249999999998,-0.304265,95.0,20,1,-20.0,-20.0,-20.0,0.0,0.0,20.0,0.0,0.0
20.00117301940918,0.14132499999999998,0.09273750000000001,-0.304545,95.0,20,1,-20.0,-20.0,-20.0,0.0,0.0,20.0,0.0,0.0
20.0821590423584,0.1418,0.09382499999999999,-0.30484500000000003,95.0,20,1,-20.0,-20.0,-20.0,0.0,0.0,20.0,0.0,0.0
20.179165840148926,0.14216250000000002,0.09466250000000002,-0.30507249999999997,95.0,20,1,-20.0,-20.0,-20.0,0.0,0.0,20.0,0.0,0.0
20.259172677993774,0.14255,0.09560000000000002,-0.3053125,95.0,20,1,-20.0,-20.0,-20.0,0.0,0.0,20.0,0.0,0.0
20.35716438293457,0.1428,0.09623750000000002,-0.305475,95.0,20,1,-20.0,-20.0,-20.0,0.0,0.0,20.0,0.0,0.0
20.436164617538452,0.1431375,0.09710000000000002,-0.3056875,95.0,20,1,-20.0,-20.0,-20.0,0.0,0.0,20.0,0.0,0.0
20.5561683177948,0.14341250000000003,0.09783749999999998,-0.30586,95.0,20,0,-20.0,-20.0,-20.0,0.0,0.0,20.0,0.0,0.0
20.636471033096313,0.14367500000000002,0.09855000000000001,-0.30602999999999997,95.0,20,1,-20.0,-20.0,-20.0,0.0,0.0,20.0,0.0,0.0
20.718470096588135,0.1438875,0.09914999999999997,-0.30616750000000004,95.0,20,1,-20.0,-20.0,-20.0,0.0,0.0,20.0,0.0,0.0
20.80546808242798,0.14414999999999997,0.099875,-0.306325,95.0,20,1,-20.0,-20.0,-20.0,0.0,0.0,20.0,0.0,0.0
20.88646960258484,0.14441250000000003,0.10063749999999999,-0.30648000000000003,95.0,20,0,-20.0,-20.0,-20.0,0.0,0.0,20.0,0.0,0.0
20.966472148895264,0.14460000000000003,0.10122500000000002,-0.30661,95.0,20,1,-20.0,-20.0,-20.0,0.0,0.0,20.0,0.0,0.0
21.048481225967407,0.14483749999999998,0.10192500000000002,-0.30675,95.0,20,1,-20.0,-20.0,-20.0,0.0,0.0,20.0,0.0,0.0
21.130501985549927,0.1450375,0.10261250000000001,-0.30688499999999996,95.0,20,1,-20.0,-20.0,-20.0,0.0,0.0,20.0,0.0,0.0
21.211474418640137,0.14523750000000002,0.1032625,-0.307005,95.0,20,1,-20.0,-20.0,-20.0,0.0,0.0,20.0,0.0,0.0
21.293471574783325,0.145425,0.10389999999999998,-0.307125,95.0,20,1,-20.0,-20.0,-20.0,0.0,0.0,20.0,0.0,0.0
21.39248013496399,0.145625,0.10455000000000002,-0.3072475,95.0,20,1,-20.0,-20.0,-20.0,0.0,0.0,20.0,0.0,0.0
21.4724702835083,0.1458,0.105175,-0.30736,95.0,20,0,-20.0,-20.0,-20.0,0.0,0.0,20.0,0.0,0.0
21.551469802856445,0.14597500000000002,0.10577499999999998,-0.3074575,95.0,20,1,-20.0,-20.0,-20.0,0.0,0.0,20.0,0.0,0.0
21.659483194351196,0.146125,0.10639999999999998,-0.30757,95.0,20,0,-20.0,-20.0,-20.0,0.0,0.0,20.0,0.0,0.0
21.73946976661682,0.146275,0.107,-0.30766000000000004,95.0,20,0,-20.0,-20.0,-20.0,0.0,0.0,20.0,0.0,0.0
21.82347083091736,0.14641250000000003,0.10755,-0.307755,95.0,20,1,-20.0,-20.0,-20.0,0.0,0.0,20.0,0.0,0.0
21.902477264404297,0.14657499999999998,0.10817500000000001,-0.30785,95.0,20,0,-20.0,-20.0,-20.0,0.0,0.0,20.0,0.0,0.0
21.983479976654053,0.14671249999999997,0.10873750000000001,-0.30793,95.0,20,0,-20.0,-20.0,-20.0,0.0,0.0,20.0,0.0,0.0
22.078475952148438,0.14683749999999998,0.10930000000000001,-0.30801,95.0,20,0,-20.0,-20.0,-20.0,0.0,0.0,20.0,0.0,0.0
22.15848422050476,0.14697500000000002,0.10986250000000002,-0.30809,95.0,20,0,-20.0,-20.0,-20.0,0.0,0.0,20.0,0.0,0.0
22.235469818115234,0.14708749999999998,0.11041250000000002,-0.30817,95.0,20,0,-20.0,-20.0,-20.0,0.0,0.0,20.0,0.0,0.0
22.31647515296936,0.14721249999999997,0.1109375,-0.3082375,95.0,20,1,-20.0,-20.0,-20.0,0.0,0.0,20.0,0.0,0.0
22.393471479415894,0.14732499999999998,0.11148750000000002,-0.30831000000000003,95.0,20,0,-20.0,-20.0,-20.0,0.0,0.0,20.0,0.0,0.0
22.491562843322754,0.147425,0.11202499999999997,-0.30838,95.0,20,0,-20.0,-20.0,-20.0,0.0,0.0,20.0,0.0,0.0
22.56757164001465,0.147525,0.11253750000000003,-0.30845,95.0,20,0,-20.0,-20.0,-20.0,0.0,0.0,20.0,0.0,0.0
22.680564641952515,0.147625,0.11305000000000001,-0.30851,95.0,20,0,-20.0,-20.0,-20.0,0.0,0.0,20.0,0.0,0.0
22.78156042098999,0.14772500000000002,0.1135625,-0.30857,95.0,20,0,-20.0,-20.0,-20.0,0.0,0.0,20.0,0.0,0.0
22.86256432533264,0.1478125,0.11405000000000001,-0.30863,95.0,20,0,-20.0,-20.0,-20.0,0.0,0.0,20.0,0.0,0.0
22.95756220817566,0.14789999999999998,0.11455000000000001,-0.30868,95.0,20,0,-20.0,-20.0,-20.0,0.0,0.0,20.0,0.0,0.0
23.0505633354187,0.14797500000000002,0.11502499999999997,-0.30873,95.0,20,0,-20.0,-20.0,-20.0,0.0,0.0,20.0,0.0,0.0
23.130563497543335,0.14807499999999998,0.11551249999999999,-0.30878,95.0,20,0,-20.0,-20.0,-20.0,0.0,0.0,20.0,0.0,0.0
23.207560300827026,0.14813749999999998,0.11597500000000002,-0.30883,95.0,20,0,-20.0,-20.0,-20.0,0.0,0.0,20.0,0.0,0.0
23.28556251525879,0.14822500000000002,0.11644999999999998,-0.30888,95.0,20,0,-20.0,-20.0,-20.0,0.0,0.0,20.0,0.0,0.0
23.366567850112915,0.14828750000000002,0.11691250000000002,-0.30892000000000003,95.0,20,0,-20.0,-20.0,-20.0,0.0,0.0,20.0,0.0,0.0
23.459569931030273,0.1483625,0.11736250000000001,-0.30897,95.0,20,0,-20.0,-20.0,-20.0,0.0,0.0,20.0,0.0,0.0
23.539560079574585,0.148425,0.1178125,-0.30901,95.0,20,0,-20.0,-20.0,-20.0,0.0,0.0,20.0,0.0,0.0
23.620561838150024,0.14848750000000002,0.11825,-0.30905,95.0,20,0,-20.0,-20.0,-20.0,0.0,0.0,20.0,0.0,0.0
23.700565814971924,0.14855000000000002,0.1186875,-0.30909,95.0,20,0,-20.0,-20.0,-20.0,0.0,0.0,20.0,0.0,0.0
23.81455969810486,0.1486,0.119125,-0.30912,95.0,20,0,-20.0,-20.0,-20.0,0.0,0.0,20.0,0.0,0.0
23.89457082748413,0.14866250000000003,0.11953750000000002,-0.30916000000000005,95.0,20,0,-20.0,-20.0,-20.0,0.0,0.0,20.0,0.0,0.0
23.991562843322754,0.14871249999999997,0.11996249999999997,-0.30919,95.0,20,0,-20.0,-20.0,-20.0,0.0,0.0,20.0,0.0,0.0
24.07319974899292,0.148775,0.120375,-0.30922000000000005,95.0,20,0,-20.0,-20.0,-20.0,0.0,0.0,20.0,0.0,0.0
24.154196739196777,0.1488125,0.12077499999999998,-0.30925,95.0,20,0,-20.0,-20.0,-20.0,0.0,0.0,20.0,0.0,0.0
24.231191635131836,0.1488625,0.121175,-0.30928,95.0,20,0,-20.0,-20.0,-20.0,0.0,0.0,20.0,0.0,0.0
24.32719087600708,0.14891250000000003,0.12157499999999999,-0.30931000000000003,95.0,20,0,-20.0,-20.0,-20.0,0.0,0.0,20.0,0.0,0.0
24.407193660736084,0.14895,0.12196249999999997,-0.30933999999999995,95.0,20,0,-20.0,-20.0,-20.0,0.0,0.0,20.0,0.0,0.0
24.486191034317017,0.14898750000000002,0.12233749999999997,-0.30937,95.0,20,0,-20.0,-20.0,-20.0,0.0,0.0,20.0,0.0,0.0
24.58119773864746,0.149025,0.12272500000000003,-0.30939,95.0,20,0,-20.0,-20.0,-20.0,0.0,0.0,20.0,0.0,0.0
24.67919659614563,0.14907499999999999,0.12308749999999997,-0.30942000000000003,95.0,20,0,-20.0,-20.0,-20.0,0.0,0.0,20.0,0.0,0.0
24.75919270515442,0.1491125,0.12346249999999998,-0.30944,95.0,20,0,-20.0,-20.0,-20.0,0.0,0.0,20.0,0.0,0.0
24.86523151397705,0.14913749999999998,0.12382499999999999,-0.30945999999999996,95.0,20,0,-20.0,-20.0,-20.0,0.0,0.0,20.0,0.0,0.0
24.97019076347351,0.149175,0.1241875,-0.30948000000000003,95.0,20,0,-20.0,-20.0,-20.0,0.0,0.0,20.0,0.0,0.0
25.049203395843506,0.14921249999999997,0.12453750000000002,-0.3095,95.0,20,0,-20.0,-20.0,-20.0,0.0,0.0,20.0,0.0,0.0
25.14518928527832,0.14923750000000002,0.12488749999999998,-0.30951999999999996,95.0,20,0,-20.0,-20.0,-20.0,0.0,0.0,20.0,0.0,0.0
25.226198434829712,0.149275,0.12522500000000003,-0.30954000000000004,95.0,20,0,-20.0,-20.0,-20.0,0.0,0.0,20.0,0.0,0.0
25.306194067001343,0.14930000000000002,0.125575,-0.30956,95.0,20,0,-20.0,-20.0,-20.0,0.0,0.0,20.0,0.0,0.0
25.387195587158203,0.14932499999999999,0.1259125,-0.30957999999999997,95.0,20,0,-20.0,-20.0,-20.0,0.0,0.0,20.0,0.0,0.0
25.48419952392578,0.1493625,0.1262375,-0.30960000000000004,95.0,20,0,-20.0,-20.0,-20.0,0.0,0.0,20.0,0.0,0.0
25.560195446014404,0.149375,0.1265625,-0.30961,95.0,20,0,-20.0,-20.0,-20.0,0.0,0.0,20.0,0.0,0.0
25.6372127532959,0.14941250000000003,0.126875,-0.30963,95.0,20,0,-20.0,-20.0,-20.0,0.0,0.0,20.0,0.0,0.0
25.734198093414307,0.149425,0.12719999999999998,-0.30963999999999997,95.0,20,0,-20.0,-20.0,-20.0,0.0,0.0,20.0,0.0,0.0
25.81119728088379,0.14945,0.1275125,-0.30966000000000005,95.0,20,0,-20.0,-20.0,-20.0,0.0,0.0,20.0,0.0,0.0
25.891202211380005,0.14947500000000002,0.127825,-0.30967,95.0,20,0,-20.0,-20.0,-20.0,0.0,0.0,20.0,0.0,0.0
25.99920153617859,0.1495,0.128125,-0.30968,95.0,20,0,-20.0,-20.0,-20.0,0.0,0.0,20.0,0.0,0.0
26.095192909240723,0.14952499999999996,0.128425,-0.3097,95.0,20,0,-20.0,-20.0,-20.0,0.0,0.0,20.0,0.0,0.0
26.194195985794067,0.14953750000000002,0.12872500000000003,-0.30971,95.0,20,0,-20.0,-20.0,-20.0,0.0,0.0,20.0,0.0,0.0
26.273194551467896,0.1495625,0.1290125,-0.30972000000000005,95.0,20,0,-20.0,-20.0,-20.0,0.0,0.0,20.0,0.0,0.0
26.35319948196411,0.14957499999999999,0.1293,-0.30973,95.0,20,0,-20.0,-20.0,-20.0,0.0,0.0,20.0,0.0,0.0
26.45019245147705,0.14958749999999998,0.129575,-0.30974,95.0,20,0,-20.0,-20.0,-20.0,0.0,0.0,20.0,0.0,0.0
26.53119397163391,0.1496125,0.12986250000000002,-0.30975,95.0,20,0,-20.0,-20.0,-20.0,0.0,0.0,20.0,0.0,0.0
26.612199306488037,0.149625,0.1301375,-0.30976,95.0,20,0,-20.0,-20.0,-20.0,0.0,0.0,20.0,0.0,0.0
26.70920705795288,0.14963749999999998,0.13041250000000001,-0.30977,95.0,20,0,-20.0,-20.0,-20.0,0.0,0.0,20.0,0.0,0.0
26.789193630218506,0.14964999999999998,0.130675,-0.30978,95.0,20,0,-20.0,-20.0,-20.0,0.0,0.0,20.0,0.0,0.0
26.88418984413147,0.149675,0.1309375,-0.30979,95.0,20,0,-20.0,-20.0,-20.0,0.0,0.0,20.0,0.0,0.0
26.962197065353394,0.149675,0.13119999999999998,-0.3098,95.0,20,0,-20.0,-20.0,-20.0,0.0,0.0,20.0,0.0,0.0
27.07119107246399,0.1496875,0.13146249999999998,-0.30981000000000003,95.0,20,0,-20.0,-20.0,-20.0,0.0,0.0,20.0,0.0,0.0
27.167205572128296,0.1497,0.13171249999999998,-0.30981000000000003,95.0,20,0,-20.0,-20.0,-20.0,0.0,0.0,20.0,0.0,0.0
27.264196634292603,0.14972500000000002,0.131975,-0.30982,95.0,20,0,-20.0,-20.0,-20.0,0.0,0.0,20.0,0.0,0.0
27.34521722793579,0.14972500000000002,0.13221249999999998,-0.30983,95.0,20,0,-20.0,-20.0,-20.0,0.0,0.0,20.0,0.0,0.0
27.426201105117798,0.14973750000000002,0.13246249999999998,-0.30983999999999995,95.0,20,0,-20.0,-20.0,-20.0,0.0,0.0,20.0,0.0,0.0
27.522191286087036,0.14975,0.13269999999999998,-0.30983999999999995,95.0,20,0,-20.0,-20.0,-20.0,0.0,0.0,20.0,0.0,0.0
27.602194786071777,0.1497625,0.13292500000000002,-0.30985,95.0,20,0,-20.0,-20.0,-20.0,0.0,0.0,20.0,0.0,0.0
27.697193384170532,0.14977499999999996,0.13317500000000002,-0.30985,95.0,20,0,-20.0,-20.0,-20.0,0.0,0.0,20.0,0.0,0.0
27.77919340133667,0.14977499999999996,0.1334,-0.30986,95.0,20,0,-20.0,-20.0,-20.0,0.0,0.0,20.0,0.0,0.0
27.859195709228516,0.14978750000000002,0.133625,-0.30987,95.0,20,0,-20.0,-20.0,-20.0,0.0,0.0,20.0,0.0,0.0
27.955190181732178,0.14980000000000002,0.13385000000000002,-0.30987,95.0,20,0,-20.0,-20.0,-20.0,0.0,0.0,20.0,0.0,0.0
28.034196853637695,0.14980000000000002,0.134075,-0.30988,95.0,20,0,-20.0,-20.0,-20.0,0.0,0.0,20.0,0.0,0.0
28.143197298049927,0.1498125,0.13428750000000003,-0.30988,95.0,20,0,-20.0,-20.0,-20.0,0.0,0.0,20.0,0.0,0.0
28.219191551208496,0.14982499999999999,0.1345,-0.30989,95.0,20,0,-20.0,-20.0,-20.0,0.0,0.0,20.0,0.0,0.0
28.298207998275757,0.14982499999999999,0.134725,-0.30989,95.0,20,0,-20.0,-20.0,-20.0,0.0,0.0,20.0,0.0,0.0
28.394196033477783,0.14982499999999999,0.13492500000000002,-0.30989999999999995,95.0,20,0,-20.0,-20.0,-20.0,0.0,0.0,20.0,0.0,0.0
28.47519612312317,0.14983749999999998,0.135125,-0.30989999999999995,95.0,20,0,-20.0,-20.0,-20.0,0.0,0.0,20.0,0.0,0.0
28.571192502975464,0.14985,0.13533749999999997,-0.30989999999999995,95.0,20,0,-20.0,-20.0,-20.0,0.0,0.0,20.0,0.0,0.0
28.65319013595581,0.14985,0.13553750000000003,-0.30991,95.0,20,0,-20.0,-20.0,-20.0,0.0,0.0,20.0,0.0,0.0
28.732194900512695,0.1498625,0.1357375,-0.30991,95.0,20,0,-20.0,-20.0,-20.0,0.0,0.0,20.0,0.0,0.0
28.82819414138794,0.1498625,0.13592500000000002,-0.30991,95.0,20,0,-20.0,-20.0,-20.0,0.0,0.0,20.0,0.0,0.0
28.90819549560547,0.149875,0.136125,-0.30992000000000003,95.0,20,0,-20.0,-20.0,-20.0,0.0,0.0,20.0,0.0,0.0
29.00519609451294,0.149875,0.1363125,-0.30992000000000003,95.0,20,0,-20.0,-20.0,-20.0,0.0,0.0,20.0,0.0,0.0
29.083197832107544,0.149875,0.1365,-0.30992000000000003,95.0,20,0,-20.0,-20.0,-20.0,0.0,0.0,20.0,0.0,0.0
29.203204870224,0.149875,0.1366875,-0.30993,95.0,20,0,-20.0,-20.0,-20.0,0.0,0.0,20.0,0.0,0.0
29.28519105911255,0.14988749999999998,0.136875,-0.30993,95.0,20,0,-20.0,-20.0,-20.0,0.0,0.0,20.0,0.0,0.0
29.36419415473938,0.14988749999999998,0.13705,-0.30993,95.0,20,0,-20.0,-20.0,-20.0,0.0,0.0,20.0,0.0,0.0
29.4608097076416,0.14989999999999998,0.137225,-0.30994,95.0,20,0,-20.0,-20.0,-20.0,0.0,0.0,20.0,0.0,0.0
29.53980302810669,0.14989999999999998,0.13739999999999997,-0.30994,95.0,20,0,-20.0,-20.0,-20.0,0.0,0.0,20.0,0.0,0.0
29.62080144882202,0.14991250000000003,0.13757499999999998,-0.30994,95.0,20,0,-20.0,-20.0,-20.0,0.0,0.0,20.0,0.0,0.0
29.700795888900757,0.14991250000000003,0.1377375,-0.30994,95.0,20,0,-20.0,-20.0,-20.0,0.0,0.0,20.0,0.0,0.0
29.796797275543213,0.14991250000000003,0.13791250000000002,-0.30995,95.0,20,0,-20.0,-20.0,-20.0,0.0,0.0,20.0,0.0,0.0
29.87379550933838,0.149925,0.13807499999999998,-0.30995,95.0,20,0,-20.0,-20.0,-20.0,0.0,0.0,20.0,0.0,0.0
29.95479416847229,0.149925,0.1382375,-0.30995,95.0,20,0,-20.0,-20.0,-20.0,0.0,0.0,20.0,0.0,0.0
30.03480052947998,0.149925,0.13839999999999997,-0.30995,95.0,20,0,-20.0,-20.0,-20.0,0.0,0.0,20.0,0.0,0.0
30.11580467224121,0.149925,0.1385625,-0.30995,95.0,20,0,-20.0,-20.0,-20.0,0.0,0.0,20.0,0.0,0.0
30.19380807876587,0.149925,0.13872500000000001,-0.30995999999999996,95.0,20,0,-20.0,-20.0,-20.0,0.0,0.0,20.0,0.0,0.0
30.304794311523438,0.149925,0.138875,-0.30995999999999996,95.0,20,0,-20.0,-20.0,-20.0,0.0,0.0,20.0,0.0,0.0
30.386794805526733,0.149925,0.13902499999999998,-0.30995999999999996,95.0,20,0,-20.0,-20.0,-20.0,0.0,0.0,20.0,0.0,0.0
30.465814352035522,0.1499375,0.13917500000000002,-0.30995999999999996,95.0,20,0,-20.0,-20.0,-20.0,0.0,0.0,20.0,0.0,0.0
30.54581093788147,0.1499375,0.13932499999999998,-0.30995999999999996,95.0,20,0,-20.0,-20.0,-20.0,0.0,0.0,20.0,0.0,0.0
30.62484383583069,0.1499375,0.13947500000000002,-0.30995999999999996,95.0,20,0,-20.0,-20.0,-20.0,0.0,0.0,20.0,0.0,0.0
30.723809957504272,0.1499375,0.1396125,-0.30997,95.0,20,0,-20.0,-20.0,-20.0,0.0,0.0,20.0,0.0,0.0
30.804794788360596,0.14995,0.13976249999999998,-0.30997,95.0,20,0,-20.0,-20.0,-20.0,0.0,0.0,20.0,0.0,0.0
30.882794857025146,0.14995,0.13989999999999997,-0.30997,95.0,20,0,-20.0,-20.0,-20.0,0.0,0.0,20.0,0.0,0.0
30.980806827545166,0.14995,0.14002499999999998,-0.30997,95.0,20,0,-20.0,-20.0,-20.0,0.0,0.0,20.0,0.0,0.0
31.058795928955078,0.14995,0.14017500000000002,-0.30997,95.0,20,0,-20.0,-20.0,-20.0,0.0,0.0,20.0,0.0,0.0
31.13879680633545,0.14995,0.1403125,-0.30997,95.0,20,0,-20.0,-20.0,-20.0,0.0,0.0,20.0,0.0,0.0
31.22081422805786,0.14996249999999997,0.1404375,-0.30997,95.0,20,0,-20.0,-20.0,-20.0,0.0,0.0,20.0,0.0,0.0
31.33379817008972,0.14996249999999997,0.14057499999999998,-0.30997,95.0,20,0,-20.0,-20.0,-20.0,0.0,0.0,20.0,0.0,0.0
31.442798137664795,0.14996249999999997,0.1407,-0.30997,95.0,20,0,-20.0,-20.0,-20.0,0.0,0.0,20.0,0.0,0.0
31.519794940948486,0.14996249999999997,0.14082499999999998,-0.30998000000000003,95.0,20,0,-20.0,-20.0,-20.0,0.0,0.0,20.0,0.0,0.0
31.662794828414917,0.14996249999999997,0.14095,-0.30998000000000003,66.35211181640625,20,0,-20.0,-20.0,-20.0,0.0,0.0,0.0,20.0,0.0
31.743796348571777,0.14996249999999997,0.14107499999999998,-0.30998000000000003,66.35211181640625,20,0,-20.0,-20.0,-20.0,0.0,0.0,0.0,20.0,0.0
31.82379961013794,0.14997500000000002,0.1412,-0.30998000000000003,66.35211181640625,20,0,-20.0,-20.0,-20.0,0.0,0.0,0.0,20.0,0.0
31.922797203063965,0.14997500000000002,0.14132499999999998,-0.30998000000000003,66.35211181640625,20,0,-20.0,-20.0,-20.0,0.0,0.0,0.0,20.0,0.0
32.01879549026489,0.14997500000000002,0.1414375,-0.30998000000000003,66.35211181640625,20,0,-20.0,-20.0,-20.0,0.0,0.0,0.0,20.0,0.0
32.0968017578125,0.14997500000000002,0.14155,-0.30998000000000003,66.35211181640625,0,0,-20.0,-20.0,-20.0,0.0,0.0,0.0,20.0,0.0
32.19380593299866,0.14997500000000002,0.14167500000000002,-0.30998000000000003,66.35211181640625,0,0,0.0,0.0,0.0,-20.0,-20.0,-20.0,0.0,20.0
32.29080367088318,0.14997500000000002,0.14167500000000002,-0.30974,66.35211181640625,0,1,0.0,0.0,0.0,-20.0,-20.0,-20.0,0.0,20.0
32.37279438972473,0.14997500000000002,0.14171249999999996,-0.30858749999999996,66.35211181640625,0,2,0.0,0.0,0.0,-20.0,-20.0,0.0,-20.0,20.0
32.474796295166016,0.14997500000000002,0.14175,-0.3071175,66.35211181640625,0,3,0.0,0.0,0.0,-20.0,-20.0,0.0,-20.0,20.0
32.57280445098877,0.14997500000000002,0.14177499999999998,-0.306095,66.35211181640625,0,4,0.0,0.0,0.0,-20.0,-20.0,0.0,-20.0,20.0
32.667811155319214,0.14997500000000002,0.1417875,-0.30573,66.35211181640625,0,4,0.0,0.0,0.0,-20.0,-20.0,0.0,-20.0,20.0
32.767335653305054,0.14997500000000002,0.14182499999999998,-0.30460000000000004,66.35211181640625,0,5,0.0,0.0,0.0,-20.0,-20.0,0.0,-20.0,20.0
32.867347717285156,0.14997500000000002,0.1418875,-0.302445,66.35211181640625,0,6,0.0,0.0,0.0,-20.0,-20.0,0.0,-20.0,20.0
32.96333122253418,0.14997500000000002,0.14198750000000002,-0.29937,66.35211181640625,0,6,0.0,0.0,0.0,-20.0,-20.0,0.0,-20.0,20.0
33.06134796142578,0.14997500000000002,0.14207499999999998,-0.29634,66.35211181640625,0,6,0.0,0.0,0.0,-20.0,-20.0,0.0,-20.0,20.0
33.16034698486328,0.14997500000000002,0.14217500000000002,-0.293245,66.35211181640625,0,6,0.0,0.0,0.0,-20.0,-20.0,0.0,-20.0,20.0
33.259337425231934,0.14997500000000002,0.14227499999999998,-0.28983,66.35211181640625,0,6,0.0,0.0,0.0,-20.0,-20.0,0.0,-20.0,20.0
33.35633444786072,0.14997500000000002,0.1423875,-0.28635000000000005,66.35211181640625,0,6,0.0,0.0,0.0,-20.0,-20.0,0.0,-20.0,20.0
33.453365087509155,0.14997500000000002,0.1425,-0.283215,66.35211181640625,0,6,0.0,0.0,0.0,-20.0,-20.0,0.0,-20.0,20.0
33.582337856292725,0.14997500000000002,0.14260000000000003,-0.2802,66.35211181640625,0,6,0.0,0.0,0.0,-20.0,-20.0,0.0,-20.0,20.0
33.6903350353241,0.14997500000000002,0.14275,-0.27607,66.35211181640625,0,5,0.0,0.0,0.0,-20.0,-20.0,0.0,-20.0,20.0
33.79034209251404,0.14997500000000002,0.14285000000000003,-0.27338999999999997,66.35211181640625,0,5,0.0,0.0,0.0,-20.0,-20.0,0.0,-20.0,20.0
33.888333797454834,0.14997500000000002,0.14296249999999996,-0.270685,66.35211181640625,0,5,0.0,0.0,0.0,-20.0,-20.0,0.0,-20.0,20.0
33.985337018966675,0.14997500000000002,0.1430625,-0.268155,66.35211181640625,0,5,0.0,0.0,0.0,-20.0,-20.0,0.0,-20.0,20.0
34.08433723449707,0.14997500000000002,0.14316250000000003,-0.26565999999999995,66.35211181640625,0,5,0.0,0.0,0.0,-20.0,-20.0,0.0,-20.0,20.0
34.18333959579468,0.14997500000000002,0.14327499999999999,-0.26314499999999996,66.35211181640625,0,5,0.0,0.0,0.0,-20.0,-20.0,0.0,-20.0,20.0
34.281343936920166,0.14998750000000002,0.143375,-0.2607275,66.35211181640625,0,5,0.0,0.0,0.0,-20.0,-20.0,0.0,-20.0,20.0
34.37733268737793,0.14998750000000002,0.14347500000000002,-0.25851999999999997,66.35211181640625,0,5,0.0,0.0,0.0,-20.0,-20.0,0.0,-20.0,20.0
34.47634291648865,0.14998750000000002,0.1435625,-0.256475,66.35211181640625,0,5,0.0,0.0,0.0,-20.0,-20.0,0.0,-20.0,20.0
34.573856830596924,0.14998750000000002,0.14366250000000003,-0.2543875,66.35211181640625,0,5,0.0,0.0,0.0,-20.0,-20.0,0.0,-20.0,20.0
34.71186423301697,0.14998750000000002,0.143775,-0.25239249999999996,66.35211181640625,0,4,0.0,0.0,0.0,-20.0,-20.0,0.0,-20.0,20.0
34.82186508178711,0.14998750000000002,0.14392500000000003,-0.24935250000000003,66.35211181640625,0,4,0.0,0.0,0.0,-20.0,-20.0,0.0,-20.0,20.0
34.917877197265625,0.14998750000000002,0.144025,-0.24747249999999998,66.35211181640625,0,3,0.0,0.0,0.0,-20.0,-20.0,0.0,-20.0,20.0
35.011857748031616,0.14998750000000002,0.144125,-0.2456625,66.35211181640625,0,3,0.0,0.0,0.0,-20.0,-20.0,0.0,-20.0,20.0
35.109858751297,0.14998750000000002,0.14421249999999997,-0.2439025,66.35211181640625,0,3,0.0,0.0,0.0,-20.0,-20.0,0.0,-20.0,20.0
35.20786428451538,0.14998750000000002,0.14432499999999998,-0.24209999999999998,66.35211181640625,0,3,0.0,0.0,0.0,-20.0,-20.0,0.0,-20.0,20.0
35.307886838912964,0.14998750000000002,0.1444375,-0.2404325,66.35211181640625,0,2,0.0,0.0,0.0,-20.0,-20.0,0.0,-20.0,20.0
35.40385842323303,0.14998750000000002,0.1445375,-0.2386875,66.35211181640625,0,2,0.0,0.0,0.0,-20.0,-20.0,0.0,-20.0,20.0
35.483880043029785,0.14998750000000002,0.1446125,-0.23743,66.35211181640625,0,2,0.0,0.0,0.0,-20.0,-20.0,0.0,-20.0,20.0
35.57985877990723,0.14998750000000002,0.1446375,-0.23707,66.35211181640625,0,2,20.0,0.0,0.0,-20.0,0.0,-20.0,-20.0,0.0
35.6748571395874,0.14998750000000002,0.1446875,-0.2364375,66.35211181640625,0,3,20.0,0.0,0.0,-20.0,0.0,-20.0,-20.0,0.0
35.77487325668335,0.14998750000000002,0.1447875,-0.23498500000000003,66.35211181640625,0,3,20.0,0.0,0.0,-20.0,0.0,-20.0,-20.0,0.0
35.90385985374451,0.14880000000000002,0.14439999999999997,-0.2331,66.35211181640625,0,3,20.0,0.0,0.0,-20.0,0.0,-20.0,-20.0,0.0
36.00985813140869,0.1463,0.14357499999999998,-0.2291825,66.35211181640625,0,4,20.0,0.0,0.0,-20.0,0.0,-20.0,-20.0,0.0
36.10986042022705,0.14408749999999998,0.14285000000000003,-0.2257125,66.35211181640625,0,5,20.0,0.0,0.0,-20.0,0.0,-20.0,-20.0,0.0
36.20685911178589,0.1418875,0.14210000000000003,-0.222275,66.35211181640625,0,5,20.0,0.0,0.0,-20.0,0.0,-20.0,-20.0,0.0
36.30386018753052,0.1397125,0.1413625,-0.218865,66.35211181640625,0,6,20.0,0.0,0.0,-20.0,0.0,-20.0,-20.0,0.0
36.40486812591553,0.13757499999999998,0.140625,-0.21550999999999998,66.35211181640625,0,6,20.0,0.0,0.0,-20.0,0.0,-20.0,-20.0,0.0
36.49885940551758,0.135325,0.13983749999999998,-0.211975,66.35211181640625,0,7,20.0,0.0,0.0,-20.0,0.0,-20.0,-20.0,0.0
36.59787178039551,0.133225,0.1391125,-0.208695,66.35211181640625,0,8,20.0,0.0,0.0,-20.0,0.0,-20.0,-20.0,0.0
36.69986057281494,0.13101249999999998,0.13832499999999998,-0.20521999999999999,66.35211181640625,0,8,20.0,0.0,0.0,-20.0,0.0,-20.0,-20.0,0.0
36.7958607673645,0.12877499999999997,0.13751249999999998,-0.201715,66.35211181640625,0,9,20.0,0.0,0.0,-20.0,0.0,-20.0,-20.0,0.0
36.8928644657135,0.126625,0.1367375,-0.19835,66.35211181640625,0,9,20.0,0.0,0.0,-20.0,0.0,-20.0,-20.0,0.0
37.00285577774048,0.12398750000000001,0.13576249999999998,-0.19423,66.35211181640625,0,10,20.0,0.0,0.0,-20.0,0.0,-20.0,-20.0,0.0
37.10986018180847,0.121875,0.134975,-0.190905,66.35211181640625,0,9,20.0,0.0,0.0,-20.0,0.0,-20.0,-20.0,0.0
37.179858684539795,0.11964999999999998,0.1341375,-0.18741500000000003,66.35211181640625,0,10,20.0,0.0,0.0,-20.0,0.0,-20.0,-20.0,0.0
37.249857664108276,0.11807499999999999,0.13353750000000003,-0.18494999999999998,66.35211181640625,0,10,20.0,0.0,0.0,-20.0,0.0,-20.0,-20.0,0.0
37.34988832473755,0.11652499999999998,0.1329375,-0.18251499999999998,66.35211181640625,0,9,20.0,0.0,0.0,-20.0,0.0,-20.0,-20.0,0.0
37.417855739593506,0.1143125,0.13208749999999997,-0.179065,66.35211181640625,0,10,20.0,0.0,0.0,-20.0,0.0,-20.0,-20.0,0.0
37.48985958099365,0.11278750000000003,0.1314875,-0.17667,66.35211181640625,0,10,20.0,0.0,0.0,-20.0,0.0,-20.0,-20.0,0.0
37.58586311340332,0.1111875,0.13085000000000002,-0.17417500000000002,66.35211181640625,0,9,20.0,0.0,0.0,-20.0,0.0,-20.0,-20.0,0.0
37.658857583999634,0.1090625,0.13001249999999998,-0.170845,66.35211181640625,0,10,20.0,0.0,0.0,-20.0,0.0,-20.0,-20.0,0.0
37.756858587265015,0.1074375,0.12935000000000002,-0.168295,66.35211181640625,0,9,20.0,0.0,0.0,-20.0,0.0,-20.0,-20.0,0.0
37.830873250961304,0.1052625,0.12844999999999998,-0.16488,66.35211181640625,0,10,20.0,0.0,0.0,-20.0,0.0,-20.0,-20.0,0.0
37.92886996269226,0.103625,0.12777499999999997,-0.16231,66.35211181640625,0,9,20.0,0.0,0.0,-20.0,0.0,-20.0,-20.0,0.0
38.00287055969238,0.10141250000000002,0.12683749999999996,-0.15886,66.35211181640625,0,10,20.0,0.0,0.0,-20.0,0.0,-20.0,-20.0,0.0
38.0748770236969,0.09978750000000003,0.12614999999999998,-0.156305,66.35211181640625,0,10,20.0,0.0,0.0,-20.0,0.0,-20.0,-20.0,0.0
38.208861351013184,0.09802499999999997,0.12539999999999998,-0.153555,66.35211181640625,0,9,20.0,0.0,0.0,-20.0,0.0,-20.0,-20.0,0.0
38.30385780334473,0.09511250000000002,0.12413749999999998,-0.149005,66.35211181640625,0,9,20.0,0.0,0.0,-20.0,0.0,-20.0,-20.0,0.0
38.37686324119568,0.09307499999999999,0.12322500000000003,-0.14581,66.35211181640625,0,10,20.0,0.0,0.0,-20.0,0.0,-20.0,-20.0,0.0
38.474873304367065,0.09146249999999997,0.1225,-0.14327,66.35211181640625,0,9,20.0,0.0,0.0,-20.0,0.0,-20.0,-20.0,0.0
38.542861223220825,0.08927499999999998,0.1215125,-0.13985499999999998,66.35211181640625,0,10,20.0,0.0,0.0,-20.0,0.0,-20.0,-20.0,0.0
38.638859033584595,0.0877625,0.1208,-0.13747,66.35211181640625,0,9,20.0,0.0,0.0,-20.0,0.0,-20.0,-20.0,0.0
38.713860273361206,0.085625,0.11980000000000002,-0.13413,66.35211181640625,0,10,20.0,0.0,0.0,-20.0,0.0,-20.0,-20.0,0.0
38.8108606338501,0.08396249999999998,0.119,-0.13152,66.35211181640625,0,9,20.0,0.0,0.0,-20.0,0.0,-20.0,-20.0,0.0
38.88486433029175,0.08180000000000001,0.11794999999999999,-0.12813,66.35211181640625,0,10,20.0,0.0,0.0,-20.0,0.0,-20.0,-20.0,0.0
38.95785593986511,0.08016250000000003,0.11714999999999998,-0.12556,66.35211181640625,0,10,20.0,0.0,0.0,-20.0,0.0,-20.0,-20.0,0.0
39.02986025810242,0.07855000000000001,0.11636250000000001,-0.12303499999999999,66.35211181640625,0,10,20.0,0.0,0.0,-20.0,0.0,-20.0,-20.0,0.0
39.129860162734985,0.0769375,0.11553750000000003,-0.12051499999999998,66.35211181640625,0,9,20.0,0.0,0.0,-20.0,0.0,-20.0,-20.0,0.0
39.20285701751709,0.07471249999999997,0.114375,-0.117035,66.35211181640625,0,10,20.0,0.0,0.0,-20.0,0.0,-20.0,-20.0,0.0
39.28386092185974,0.07311250000000001,0.11353750000000003,-0.114525,66.35211181640625,0,10,20.0,0.0,0.0,-20.0,0.0,-20.0,-20.0,0.0
39.374858140945435,0.07108749999999998,0.11247500000000002,-0.111345,66.35211181640625,0,10,20.0,0.0,0.0,-20.0,0.0,-20.0,-20.0,0.0
39.44938254356384,0.069125,0.1114375,-0.10827,66.35211181640625,0,10,20.0,0.0,0.0,-20.0,0.0,-20.0,-20.0,0.0
39.549386739730835,0.0676125,0.11058749999999998,-0.10590000000000001,66.35211181640625,0,9,20.0,0.0,0.0,-20.0,0.0,-20.0,-20.0,0.0
39.61748957633972,0.06539999999999997,0.10932499999999999,-0.10244,66.35211181640625,0,10,20.0,0.0,0.0,-20.0,0.0,-20.0,-20.0,0.0
39.691484689712524,0.06385000000000002,0.10844999999999999,-0.100025,66.35211181640625,0,10,20.0,0.0,0.0,-20.0,0.0,-20.0,-20.0,0.0
39.765477657318115,0.06222500000000002,0.10752499999999998,-0.09747499999999999,66.35211181640625,0,10,20.0,0.0,0.0,-20.0,0.0,-20.0,-20.0,0.0
39.86148142814636,0.060587499999999975,0.10657499999999999,-0.09490000000000001,66.35211181640625,0,9,20.0,0.0,0.0,-20.0,0.0,-20.0,-20.0,0.0
39.93749260902405,0.05841250000000002,0.10525,-0.0915,66.35211181640625,0,10,20.0,0.0,0.0,-20.0,0.0,-20.0,-20.0,0.0
40.00747537612915,0.05676249999999999,0.10425,-0.0889,66.35211181640625,0,10,20.0,0.0,0.0,-20.0,0.0,-20.0,-20.0,0.0
40.10547876358032,0.055199999999999985,0.1032625,-0.08645500000000002,66.35211181640625,0,9,20.0,0.0,0.0,-20.0,0.0,-20.0,-20.0,0.0
40.177486419677734,0.05301249999999999,0.10186250000000001,-0.083045,66.35211181640625,0,10,20.0,0.0,0.0,-20.0,0.0,-20.0,-20.0,0.0
40.27548027038574,0.05139999999999998,0.1008125,-0.08053,66.35211181640625,0,9,20.0,0.0,0.0,-20.0,0.0,-20.0,-20.0,0.0
40.34947943687439,0.049225000000000026,0.09932499999999998,-0.07710499999999999,66.35211181640625,0,10,20.0,0.0,0.0,-20.0,0.0,-20.0,-20.0,0.0
40.4224796295166,0.04758749999999998,0.09819999999999998,-0.07454,66.35211181640625,0,10,20.0,0.0,0.0,-20.0,0.0,-20.0,-20.0,0.0
40.55849528312683,0.045837499999999975,0.097,-0.07180500000000001,66.35211181640625,0,9,20.0,0.0,0.0,-20.0,0.0,-20.0,-20.0,0.0
40.656474113464355,0.042875,0.09482499999999999,-0.06716499999999999,66.35211181640625,0,9,20.0,0.0,0.0,-20.0,0.0,-20.0,-20.0,0.0
40.72849178314209,0.04077499999999998,0.09323750000000001,-0.063865,66.35211181640625,0,10,20.0,0.0,0.0,-20.0,0.0,-20.0,-20.0,0.0
40.82449793815613,0.039149999999999976,0.09194999999999999,-0.06131999999999999,66.35211181640625,0,9,20.0,0.0,0.0,-20.0,0.0,-20.0,-20.0,0.0
40.92247653007507,0.03701249999999999,0.09023750000000001,-0.05797500000000002,66.35211181640625,0,9,20.0,0.0,0.0,-20.0,0.0,-20.0,-20.0,0.0
40.998483657836914,0.03483750000000001,0.08839999999999998,-0.054564999999999995,66.35211181640625,0,10,20.0,0.0,0.0,-20.0,0.0,-20.0,-20.0,0.0
41.0974805355072,0.033150000000000006,0.08689999999999998,-0.051930000000000004,66.35211181640625,0,9,20.0,0.0,0.0,-20.0,0.0,-20.0,-20.0,0.0
41.17251396179199,0.030949999999999988,0.08488749999999999,-0.048485000000000014,66.35211181640625,0,10,20.0,0.0,0.0,-20.0,0.0,-20.0,-20.0,0.0
41.27148747444153,0.029275000000000006,0.0833625,-0.04586500000000001,66.35211181640625,0,9,20.0,0.0,0.0,-20.0,0.0,-20.0,-20.0,0.0
41.342477321624756,0.027087500000000007,0.08111250000000002,-0.042435,66.35211181640625,0,10,20.0,0.0,0.0,-20.0,0.0,-20.0,-20.0,0.0
41.41648006439209,0.0255,0.07947500000000002,-0.039949999999999986,66.35211181640625,0,10,20.0,0.0,0.0,-20.0,0.0,-20.0,-20.0,0.0
41.51549029350281,0.023837500000000005,0.07777499999999998,-0.03736000000000001,66.35211181640625,0,9,20.0,0.0,0.0,-20.0,0.0,-20.0,-20.0,0.0
41.58848023414612,0.021650000000000006,0.07523750000000001,-0.03393000000000001,66.35211181640625,0,10,20.0,0.0,0.0,-20.0,0.0,-20.0,-20.0,0.0
41.73047399520874,0.019912499999999993,0.07317500000000002,-0.031194999999999994,66.35211181640625,0,9,20.0,0.0,0.0,-20.0,0.0,-20.0,-20.0,0.0
41.82849168777466,0.01792500000000001,0.07063749999999999,-0.028082499999999982,66.35211181640625,0,9,20.0,0.0,0.0,-20.0,0.0,-20.0,-20.0,0.0
41.90147805213928,0.01669999999999999,0.06896249999999998,-0.026160000000000024,66.35211181640625,0,10,20.0,0.0,0.0,-20.0,0.0,-20.0,-20.0,0.0
41.99947452545166,0.01582499999999999,0.0676875,-0.024777499999999977,66.35211181640625,0,9,20.0,0.0,0.0,-20.0,0.0,-20.0,-20.0,0.0
42.097493171691895,0.014375,0.06555000000000001,-0.022512499999999987,66.35211181640625,0,9,20.0,0.0,0.0,-20.0,0.0,-20.0,-20.0,0.0
42.194475412368774,0.0130625,0.06347500000000002,-0.020475000000000024,66.35211181640625,0,9,20.0,0.0,0.0,-20.0,0.0,-20.0,-20.0,0.0
42.292489528656006,0.011712500000000006,0.06116250000000002,-0.018339999999999974,66.35211181640625,0,8,20.0,0.0,0.0,-20.0,0.0,-20.0,-20.0,0.0
42.38947677612305,0.01075,0.05941250000000002,-0.016832499999999983,66.35211181640625,0,8,20.0,0.0,0.0,-20.0,0.0,-20.0,-20.0,0.0
42.48701596260071,0.009949999999999988,0.057875,-0.015592499999999973,66.35211181640625,0,8,20.0,0.0,0.0,-20.0,0.0,-20.0,-20.0,0.0
42.585023164749146,0.009025000000000005,0.056,-0.014142499999999985,66.35211181640625,0,8,20.0,0.0,0.0,-20.0,0.0,-20.0,-20.0,0.0
42.68001747131348,0.007987500000000012,0.053737500000000014,-0.012504999999999995,66.35211181640625,0,7,20.0,0.0,0.0,-20.0,0.0,-20.0,-20.0,0.0
42.80302119255066,0.0072874999999999945,0.05211250000000001,-0.011420000000000015,66.35211181640625,0,6,0.0,20.0,0.0,0.0,-20.0,-20.0,-20.0,0.0
42.90001559257507,0.006375,0.049787500000000026,-0.009977500000000021,66.35211181640625,0,4,0.0,20.0,0.0,0.0,-20.0,-20.0,-20.0,0.0
42.997023820877075,0.005775000000000006,0.048162500000000025,-0.009047500000000014,66.35211181640625,0,3,0.0,20.0,0.0,0.0,-20.0,-20.0,-20.0,0.0
43.07701754570007,0.005212500000000005,0.046524999999999976,-0.008160000000000025,66.35211181640625,0,1,0.0,20.0,0.0,0.0,-20.0,-20.0,-20.0,0.0
43.17202138900757,0.005037499999999994,0.04597500000000002,-0.007882499999999994,66.35211181640625,0,1,0.0,20.0,0.0,0.0,-20.0,-20.0,-20.0,0.0
43.2680127620697,0.004824999999999989,0.04532499999999999,-0.0075600000000000025,66.35211181640625,0,1,0.0,20.0,0.0,0.0,-20.0,-20.0,-20.0,0.0
43.36402416229248,0.004625,0.04466250000000002,-0.007232500000000016,66.35211181640625,0,1,0.0,20.0,0.0,0.0,-20.0,-20.0,-20.0,0.0
43.4630184173584,0.0044000000000000055,0.043962499999999974,-0.006904999999999973,66.35211181640625,0,1,0.0,20.0,0.0,0.0,-20.0,-20.0,-20.0,0.0
43.542014837265015,0.0041875,0.04322500000000002,-0.006567499999999995,66.35211181640625,0,1,0.0,20.0,0.0,0.0,-20.0,-20.0,-20.0,0.0
43.623016357421875,0.004037499999999994,0.04267500000000001,-0.006322499999999991,66.35211181640625,0,1,0.0,20.0,0.0,0.0,-20.0,-20.0,-20.0,0.0
43.71902275085449,0.003875,0.04210000000000002,-0.006069999999999993,66.35211181640625,0,1,0.0,20.0,0.0,0.0,-20.0,-20.0,-20.0,0.0
43.81501817703247,0.003675000000000011,0.041375,-0.005762499999999989,66.35211181640625,0,1,0.0,20.0,0.0,0.0,-20.0,-20.0,-20.0,0.0
43.915035247802734,0.0035250000000000056,0.04077499999999998,-0.005517499999999984,66.35211181640625,0,1,0.0,20.0,0.0,0.0,-20.0,-20.0,-20.0,0.0
43.994022846221924,0.003400000000000006,0.04023750000000001,-0.0053025000000000095,66.35211181640625,0,1,0.0,20.0,0.0,0.0,-20.0,-20.0,-20.0,0.0
44.09001874923706,0.0032624999999999885,0.03973750000000001,-0.005112500000000011,66.35211181640625,0,1,0.0,20.0,0.0,0.0,-20.0,-20.0,-20.0,0.0
44.18801474571228,0.0031125000000000115,0.039087499999999976,-0.004872500000000003,66.35211181640625,0,1,0.0,20.0,0.0,0.0,-20.0,-20.0,-20.0,0.0
44.28603553771973,0.002974999999999994,0.038550000000000015,-0.004677500000000009,66.35211181640625,0,1,0.0,20.0,0.0,0.0,-20.0,-20.0,-20.0,0.0
44.377015113830566,0.0028625000000000113,0.038,-0.004485000000000013,66.35211181640625,0,1,0.0,20.0,0.0,0.0,-20.0,-20.0,-20.0,0.0
44.453017234802246,0.0027624999999999885,0.0375,-0.004310000000000002,66.35211181640625,0,1,0.0,20.0,0.0,0.0,-20.0,-20.0,-20.0,0.0
44.534040451049805,0.0026624999999999943,0.0370625,-0.00416500000000002,66.35211181640625,0,1,0.0,20.0,0.0,0.0,-20.0,-20.0,-20.0,0.0
44.630021810531616,0.0025500000000000115,0.03653750000000002,-0.003990000000000009,66.35211181640625,0,1,0.0,20.0,0.0,0.0,-20.0,-20.0,-20.0,0.0
44.71202039718628,0.0024250000000000113,0.03594999999999999,-0.003810000000000002,66.35211181640625,0,0,0.0,20.0,0.0,0.0,-20.0,-20.0,-20.0,0.0
44.809019565582275,0.002337500000000006,0.03551249999999999,-0.0036675000000000184,66.35211181640625,0,1,0.0,20.0,0.0,0.0,-20.0,-20.0,-20.0,0.0
44.889015436172485,0.002237500000000011,0.03497499999999999,-0.003509999999999991,66.35211181640625,0,0,0.0,20.0,0.0,0.0,-20.0,-20.0,-20.0,0.0
45.005022048950195,0.0021624999999999943,0.03452500000000001,-0.0033799999999999954,66.35211181640625,0,1,0.0,20.0,0.0,0.0,-20.0,-20.0,-20.0,0.0
45.08207845687866,0.0020625,0.03402500000000001,-0.003230000000000018,66.35211181640625,0,0,0.0,20.0,0.0,0.0,-20.0,-20.0,-20.0,0.0
45.18008232116699,0.0019875000000000114,0.03359999999999999,-0.003110000000000014,66.35211181640625,0,1,0.0,20.0,0.0,0.0,-20.0,-20.0,-20.0,0.0
45.27263522148132,0.0019000000000000056,0.0331,-0.0029800000000000182,66.35211181640625,0,0,0.0,20.0,0.0,0.0,-20.0,-20.0,-20.0,0.0
45.35363531112671,0.0018249999999999885,0.032637499999999986,-0.0028600000000000136,66.35211181640625,0,0,0.0,20.0,0.0,0.0,-20.0,-20.0,-20.0,0.0
45.432652711868286,0.00175,0.032199999999999986,-0.00275,66.35211181640625,0,0,0.0,20.0,0.0,0.0,-20.0,-20.0,-20.0,0.0
45.51263380050659,0.0016750000000000113,0.03175,-0.0026399999999999865,66.35211181640625,0,0,0.0,20.0,0.0,0.0,-20.0,-20.0,-20.0,0.0
45.59363651275635,0.001625,0.031337500000000004,-0.0025325000000000274,66.35211181640625,0,1,0.0,20.0,0.0,0.0,-20.0,-20.0,-20.0,0.0
45.66963267326355,0.0015500000000000114,0.030887499999999988,-0.002430000000000007,66.35211181640625,0,0,0.0,20.0,0.0,0.0,-20.0,-20.0,-20.0,0.0
45.75064444541931,0.0014875000000000114,0.030474999999999995,-0.002329999999999984,66.35211181640625,0,0,0.0,20.0,0.0,0.0,-20.0,-20.0,-20.0,0.0
45.84563970565796,0.0014250000000000113,0.03005000000000001,-0.002240000000000009,66.35211181640625,0,0,0.0,20.0,0.0,0.0,-20.0,-20.0,-20.0,0.0
45.9271674156189,0.001375,0.02963749999999999,-0.0021499999999999774,66.35211181640625,0,0,0.0,20.0,0.0,0.0,-20.0,-20.0,-20.0,0.0
46.023162603378296,0.0013249999999999887,0.029224999999999994,-0.0020600000000000024,66.35211181640625,0,0,0.0,20.0,0.0,0.0,-20.0,-20.0,-20.0,0.0
46.13416814804077,0.0012624999999999887,0.02882499999999999,-0.001980000000000018,66.35211181640625,0,0,0.0,20.0,0.0,0.0,-20.0,-20.0,-20.0,0.0
46.22917079925537,0.0012125000000000057,0.0284375,-0.0018999999999999772,66.35211181640625,0,0,0.0,20.0,0.0,0.0,-20.0,-20.0,-20.0,0.0
46.326165437698364,0.0011750000000000113,0.028050000000000012,-0.0018199999999999933,66.35211181640625,0,0,0.0,20.0,0.0,0.0,-20.0,-20.0,-20.0,0.0
46.406166076660156,0.001125,0.027662499999999993,-0.00175,66.35211181640625,0,0,0.0,20.0,0.0,0.0,-20.0,-20.0,-20.0,0.0
46.50516223907471,0.0010749999999999887,0.027275000000000004,-0.0016800000000000068,66.35211181640625,0,0,0.0,20.0,0.0,0.0,-20.0,-20.0,-20.0,0.0
46.584168434143066,0.0010250000000000057,0.026912499999999995,-0.0016100000000000135,66.35211181640625,0,0,0.0,20.0,0.0,0.0,-20.0,-20.0,-20.0,0.0
46.68118405342102,0.0009875000000000114,0.026537499999999995,-0.0015500000000000114,66.35211181640625,0,0,0.0,20.0,0.0,0.0,-20.0,-20.0,-20.0,0.0
46.7611665725708,0.0009499999999999886,0.02617500000000001,-0.0014900000000000091,66.35211181640625,0,0,0.0,20.0,0.0,0.0,-20.0,-20.0,-20.0,0.0
46.840166330337524,0.0009124999999999943,0.02582499999999999,-0.0014300000000000068,66.35211181640625,0,0,0.0,20.0,0.0,0.0,-20.0,-20.0,-20.0,0.0
46.93616247177124,0.000875,0.025474999999999994,-0.0013700000000000045,66.35211181640625,0,0,0.0,20.0,0.0,0.0,-20.0,-20.0,-20.0,0.0
47.01616859436035,0.0008375000000000057,0.025125,-0.0013199999999999933,66.35211181640625,0,0,0.0,20.0,0.0,0.0,-20.0,-20.0,-20.0,0.0
47.114163637161255,0.0008125,0.024775000000000005,-0.001259999999999991,66.35211181640625,0,0,0.0,20.0,0.0,0.0,-20.0,-20.0,-20.0,0.0
47.21969413757324,0.0007750000000000057,0.024425000000000013,-0.0012099999999999795,66.35211181640625,0,0,0.0,20.0,0.0,0.0,-20.0,-20.0,-20.0,0.0
47.31669998168945,0.0007375000000000114,0.024099999999999993,-0.001160000000000025,66.35211181640625,0,0,0.0,20.0,0.0,0.0,-20.0,-20.0,-20.0,0.0
47.412699699401855,0.0007125000000000057,0.023775000000000004,-0.0011200000000000045,66.35211181640625,0,0,0.0,20.0,0.0,0.0,-20.0,-20.0,-20.0,0.0
47.49271869659424,0.0006875,0.0234375,-0.0010699999999999933,66.35211181640625,0,0,0.0,20.0,0.0,0.0,-20.0,-20.0,-20.0,0.0
47.56969237327576,0.0006624999999999944,0.023125,-0.0010299999999999728,66.35211181640625,0,0,0.0,20.0,0.0,0.0,-20.0,-20.0,-20.0,0.0
47.65069270133972,0.000625,0.0228125,-0.000990000000000009,66.35211181640625,0,0,0.0,20.0,0.0,0.0,-20.0,-20.0,-20.0,0.0
47.74670076370239,0.0006125000000000114,0.02248750000000001,-0.0009499999999999886,66.35211181640625,0,0,0.0,20.0,0.0,0.0,-20.0,-20.0,-20.0,0.0
47.82673358917236,0.0005749999999999886,0.02217500000000001,-0.000910000000000025,66.35211181640625,0,0,0.0,20.0,0.0,0.0,-20.0,-20.0,-20.0,0.0
47.9237380027771,0.0005625,0.021875,-0.0008799999999999955,66.35211181640625,0,0,0.0,20.0,0.0,0.0,-20.0,-20.0,-20.0,0.0
48.00073766708374,0.0005374999999999944,0.02157499999999999,-0.000839999999999975,66.35211181640625,0,0,0.0,20.0,0.0,0.0,-20.0,-20.0,-20.0,0.0
48.079734086990356,0.0005250000000000057,0.021287499999999994,-0.0008100000000000022,66.35211181640625,0,0,0.0,20.0,0.0,0.0,-20.0,-20.0,-20.0,0.0
48.17275619506836,0.00048750000000001136,0.020987500000000013,-0.0007699999999999819,66.35211181640625,0,0,0.0,20.0,0.0,0.0,-20.0,-20.0,-20.0,0.0
48.275744915008545,0.0004749999999999943,0.020712500000000005,-0.0007400000000000091,66.35211181640625,0,0,0.0,20.0,0.0,0.0,-20.0,-20.0,-20.0,0.0
48.37173652648926,0.00046250000000000566,0.020425000000000013,-0.0007099999999999795,66.35211181640625,0,0,0.0,20.0,0.0,0.0,-20.0,-20.0,-20.0,0.0
48.467737913131714,0.0004375,0.02013749999999999,-0.0006899999999999977,66.35211181640625,0,0,0.0,20.0,0.0,0.0,-20.0,-20.0,-20.0,0.0
48.54873466491699,0.00042500000000001136,0.019875,-0.000660000000000025,66.35211181640625,0,0,0.0,20.0,0.0,0.0,-20.0,-20.0,-20.0,0.0
48.62873959541321,0.0004000000000000057,0.019587500000000004,-0.0006299999999999955,66.35211181640625,0,0,0.0,20.0,0.0,0.0,-20.0,-20.0,-20.0,0.0
48.709731340408325,0.00038749999999998866,0.019324999999999988,-0.0006100000000000136,66.35211181640625,0,0,0.0,20.0,0.0,0.0,-20.0,-20.0,-20.0,0.0
48.78973984718323,0.000375,0.0190625,-0.0005799999999999841,66.35211181640625,0,0,0.0,20.0,0.0,0.0,-20.0,-20.0,-20.0,0.0
48.884740114212036,0.00036250000000001136,0.01880000000000001,-0.0005600000000000022,66.35211181640625,0,0,0.0,20.0,0.0,0.0,-20.0,-20.0,-20.0,0.0
48.9817328453064,0.0003375000000000057,0.018537499999999995,-0.0005400000000000205,66.35211181640625,0,0,0.0,20.0,0.0,0.0,-20.0,-20.0,-20.0,0.0
49.063735485076904,0.00032499999999998866,0.018287499999999995,-0.0005099999999999909,66.35211181640625,0,0,0.0,20.0,0.0,0.0,-20.0,-20.0,-20.0,0.0
49.16080975532532,0.00032499999999998866,0.018037499999999995,-0.0004900000000000091,66.35211181640625,0,0,0.0,20.0,0.0,0.0,-20.0,-20.0,-20.0,0.0
49.2568416595459,0.00030000000000001136,0.017787499999999994,-0.0004700000000000273,66.35211181640625,0,0,0.0,20.0,0.0,0.0,-20.0,-20.0,-20.0,0.0
49.370380878448486,0.0002874999999999943,0.01755000000000001,-0.0004599999999999795,66.35211181640625,0,0,0.0,20.0,0.0,0.0,-20.0,-20.0,-20.0,0.0
49.464375734329224,0.0002750000000000057,0.0173125,-0.00043999999999999774,66.35211181640625,0,0,0.0,20.0,0.0,0.0,-20.0,-20.0,-20.0,0.0
49.56037473678589,0.0002750000000000057,0.01707499999999999,-0.0004200000000000159,66.35211181640625,0,0,0.0,20.0,0.0,0.0,-20.0,-20.0,-20.0,0.0
49.657384395599365,0.00026249999999998865,0.016837500000000005,-0.00039999999999997725,66.35211181640625,0,0,0.0,20.0,0.0,0.0,-20.0,-20.0,-20.0,0.0
49.73738241195679,0.00025,0.016612500000000013,-0.00038999999999998633,66.35211181640625,0,0,0.0,20.0,0.0,0.0,-20.0,-20.0,-20.0,0.0
49.81737494468689,0.00023750000000001136,0.016375,-0.00037000000000000455,66.35211181640625,0,0,0.0,20.0,0.0,0.0,-20.0,-20.0,-20.0,0.0
49.91437768936157,0.00022499999999999433,0.016150000000000005,-0.00036000000000001363,66.35211181640625,0,0,0.0,20.0,0.0,0.0,-20.0,-20.0,-20.0,0.0
50.01037645339966,0.00022499999999999433,0.015925000000000012,-0.000339999999999975,66.35211181640625,0,0,0.0,20.0,0.0,0.0,-20.0,-20.0,-20.0,0.0
50.09037971496582,0.00021250000000000568,0.015712500000000004,-0.00032999999999998406,66.35211181640625,0,0,0.0,20.0,0.0,0.0,-20.0,-20.0,-20.0,0.0
50.18739151954651,0.00019999999999998863,0.0155,-0.0003199999999999932,66.35211181640625,0,0,0.0,20.0,0.0,0.0,-20.0,-20.0,-20.0,0.0
50.26637864112854,0.0001875,0.015287499999999994,-0.00030000000000001136,66.35211181640625,0,0,0.0,20.0,0.0,0.0,-20.0,-20.0,-20.0,0.0
50.362380027770996,0.0001875,0.01507499999999999,-0.00029000000000002044,66.35211181640625,0,0,0.0,20.0,0.0,0.0,-20.0,-20.0,-20.0,0.0
50.484381914138794,0.00017500000000001136,0.014875,-0.0002799999999999727,66.35211181640625,0,0,0.0,20.0,0.0,0.0,-20.0,-20.0,-20.0,0.0
50.58138132095337,0.00017500000000001136,0.014675000000000011,-0.0002699999999999818,66.35211181640625,0,0,0.0,20.0,0.0,0.0,-20.0,-20.0,-20.0,0.0
50.66037678718567,0.00016249999999999433,0.014474999999999995,-0.0002599999999999909,66.35211181640625,0,0,0.0,20.0,0.0,0.0,-20.0,-20.0,-20.0,0.0
50.757386922836304,0.00016249999999999433,0.014275000000000006,-0.00025,66.35211181640625,0,0,0.0,20.0,0.0,0.0,-20.0,-20.0,-20.0,0.0
50.85338616371155,0.00015000000000000568,0.014074999999999989,-0.00024000000000000909,66.35211181640625,0,0,0.0,20.0,0.0,0.0,-20.0,-20.0,-20.0,0.0
50.93438148498535,0.00015000000000000568,0.013875,-0.0002300000000000182,66.35211181640625,0,0,0.0,20.0,0.0,0.0,-20.0,-20.0,-20.0,0.0
51.01739025115967,0.00013749999999998862,0.0136875,-0.00022000000000002728,66.35211181640625,0,0,0.0,20.0,0.0,0.0,-20.0,-20.0,-20.0,0.0
51.113383531570435,0.000125,0.0135,-0.00020999999999997954,66.35211181640625,0,0,0.0,20.0,0.0,0.0,-20.0,-20.0,-20.0,0.0
51.21038842201233,0.000125,0.013324999999999988,-0.00019999999999998863,66.35211181640625,0,0,0.0,20.0,0.0,0.0,-20.0,-20.0,-20.0,0.0
51.305378913879395,0.000125,0.013125,-0.00018999999999999773,66.35211181640625,0,0,0.0,20.0,0.0,0.0,-20.0,-20.0,-20.0,0.0
51.40238046646118,0.000125,0.01294999999999999,-0.00018999999999999773,66.35211181640625,0,0,0.0,20.0,0.0,0.0,-20.0,-20.0,-20.0,0.0
51.484384059906006,0.00011250000000001137,0.012775000000000005,-0.00018000000000000681,66.35211181640625,0,0,0.0,20.0,0.0,0.0,-20.0,-20.0,-20.0,0.0
51.59138059616089,0.00011250000000001137,0.012599999999999995,-0.00017000000000001592,66.35211181640625,0,0,0.0,20.0,0.0,0.0,-20.0,-20.0,-20.0,0.0
51.68637466430664,9.999999999999431e-05,0.01242500000000001,-0.000160000000000025,66.35211181640625,0,0,0.0,20.0,0.0,0.0,-20.0,-20.0,-20.0,0.0
51.783377170562744,9.999999999999431e-05,0.012262499999999989,-0.000160000000000025,66.35211181640625,0,0,0.0,20.0,0.0,0.0,-20.0,-20.0,-20.0,0.0
51.877379417419434,9.999999999999431e-05,0.012087500000000006,-0.00014999999999997727,66.35211181640625,0,0,0.0,20.0,0.0,0.0,-20.0,-20.0,-20.0,0.0
51.95837450027466,8.750000000000568e-05,0.011925000000000012,-0.00014999999999997727,66.35211181640625,0,0,0.0,20.0,0.0,0.0,-20.0,-20.0,-20.0,0.0
52.05538034439087,8.750000000000568e-05,0.011762499999999988,-0.00013999999999998635,66.35211181640625,0,0,0.0,20.0,0.0,0.0,-20.0,-20.0,-20.0,0.0
52.15337514877319,8.750000000000568e-05,0.011599999999999994,-0.00012999999999999546,66.35211181640625,0,0,0.0,20.0,0.0,0.0,-20.0,-20.0,-20.0,0.0
52.234379291534424,7.499999999998864e-05,0.0114375,-0.00012999999999999546,66.35211181640625,0,0,0.0,20.0,0.0,0.0,-20.0,-20.0,-20.0,0.0
52.315375566482544,7.499999999998864e-05,0.011287499999999994,-0.00012000000000000454,66.35211181640625,0,0,0.0,20.0,0.0,0.0,-20.0,-20.0,-20.0,0.0
52.41037559509277,7.499999999998864e-05,0.011125,-0.00012000000000000454,66.35211181640625,0,0,0.0,20.0,0.0,0.0,-20.0,-20.0,-20.0,0.0
52.507378578186035,7.499999999998864e-05,0.010974999999999995,-0.00011000000000001364,66.35211181640625,0,0,0.0,20.0,0.0,0.0,-20.0,-20.0,-20.0,0.0
52.61037826538086,7.499999999998864e-05,0.01082499999999999,-0.00011000000000001364,66.35211181640625,0,0,0.0,20.0,0.0,0.0,-20.0,-20.0,-20.0,0.0
52.70137405395508,7.499999999998864e-05,0.010675000000000011,-0.00010000000000002273,66.35211181640625,0,0,0.0,20.0,0.0,0.0,-20.0,-20.0,-20.0,0.0
52.79538106918335,6.25e-05,0.010525000000000005,-0.00010000000000002273,66.35211181640625,0,0,0.0,20.0,0.0,0.0,-20.0,-20.0,-20.0,0.0
52.89237833023071,6.25e-05,0.010387499999999989,-0.00010000000000002273,66.35211181640625,0,0,0.0,20.0,0.0,0.0,-20.0,-20.0,-20.0,0.0
52.97138524055481,6.25e-05,0.01025,-8.999999999997499e-05,66.35211181640625,0,0,0.0,20.0,0.0,0.0,-20.0,-20.0,-20.0,0.0
53.052377223968506,6.25e-05,0.010112500000000012,-8.999999999997499e-05,66.35211181640625,0,0,0.0,20.0,0.0,0.0,-20.0,-20.0,-20.0,0.0
53.13237905502319,5.0000000000011366e-05,0.009974999999999994,-8.999999999997499e-05,66.35211181640625,0,0,0.0,20.0,0.0,0.0,-20.0,-20.0,-20.0,0.0
53.228381633758545,5.0000000000011366e-05,0.009824999999999988,-7.999999999998408e-05,66.35211181640625,0,0,0.0,20.0,0.0,0.0,-20.0,-20.0,-20.0,0.0
53.32438349723816,5.0000000000011366e-05,0.009699999999999988,-7.999999999998408e-05,66.35211181640625,0,0,0.0,20.0,0.0,0.0,-20.0,-20.0,-20.0,0.0
53.420379877090454,5.0000000000011366e-05,0.0095625,-7.999999999998408e-05,66.35211181640625,0,0,0.0,20.0,0.0,0.0,-20.0,-20.0,-20.0,0.0
53.56437611579895,5.0000000000011366e-05,0.009425000000000011,-6.999999999999318e-05,69.74362182617188,0,0,0.0,17.632278,2.3677216,0.0,-20.0,-20.0,-20.0,0.0
53.7123908996582,3.749999999999432e-05,0.009300000000000011,-6.999999999999318e-05,74.49364280700684,0,0,0.0,14.316137,5.6838627,0.0,-20.0,-20.0,-20.0,0.0
53.88537526130676,3.749999999999432e-05,0.009175000000000011,-6.999999999999318e-05,78.75712776184082,0,0,0.0,11.3396635,8.6603365,0.0,-20.0,-20.0,-20.0,0.0
54.028921604156494,3.749999999999432e-05,0.009050000000000011,-6.000000000000227e-05,83.30398464202881,0,0,0.0,8.165359,11.834641,0.0,-20.0,-20.0,-20.0,0.0
54.17394137382507,3.749999999999432e-05,0.008925000000000011,-6.000000000000227e-05,87.5810899734497,0,0,0.0,5.1793766,14.820623,0.0,-20.0,-20.0,-20.0,0.0
54.315924882888794,3.749999999999432e-05,0.008800000000000011,-6.000000000000227e-05,91.86575603485107,0,0,0.0,2.188113,17.811888,0.0,-20.0,-20.0,-20.0,0.0
54.45992636680603,3.749999999999432e-05,0.00867500000000001,-6.000000000000227e-05,95.0,0,0,0.0,0.0,20.0,0.0,-20.0,-20.0,-20.0,0.0
54.53992199897766,2.5000000000005683e-05,0.008574999999999989,-5.0000000000011366e-05,95.0,0,0,0.0,0.0,20.0,0.0,-20.0,-20.0,-20.0,0.0
54.62193703651428,2.5000000000005683e-05,0.008449999999999989,-5.0000000000011366e-05,95.0,0,0,0.0,0.0,20.0,0.0,-20.0,-20.0,-20.0,0.0
54.701924085617065,2.5000000000005683e-05,0.008324999999999989,-5.0000000000011366e-05,95.0,0,0,0.0,0.0,20.0,0.0,-20.0,-20.0,-20.0,0.0
54.782923221588135,2.5000000000005683e-05,0.008224999999999994,-5.0000000000011366e-05,95.0,0,0,0.0,0.0,20.0,0.0,-20.0,-20.0,-20.0,0.0
54.877920627593994,2.5000000000005683e-05,0.008112500000000012,-5.0000000000011366e-05,95.0,0,0,0.0,0.0,20.0,0.0,-20.0,-20.0,-20.0,0.0
54.968921422958374,2.5000000000005683e-05,0.007987500000000012,-4.000000000002046e-05,95.0,0,0,0.0,0.0,20.0,0.0,-20.0,-20.0,-20.0,0.0
55.08395314216614,2.5000000000005683e-05,0.007875,-4.000000000002046e-05,95.0,0,0,0.0,0.0,20.0,0.0,-20.0,-20.0,-20.0,0.0
55.16392421722412,2.5000000000005683e-05,0.007775000000000006,-4.000000000002046e-05,95.0,0,0,0.0,0.0,20.0,0.0,-20.0,-20.0,-20.0,0.0
55.24192523956299,2.5000000000005683e-05,0.007675000000000012,-4.000000000002046e-05,95.0,0,0,0.0,0.0,20.0,0.0,-20.0,-20.0,-20.0,0.0
55.32193040847778,2.5000000000005683e-05,0.007574999999999989,-4.000000000002046e-05,95.0,0,0,0.0,0.0,20.0,0.0,-20.0,-20.0,-20.0,0.0
55.417919397354126,2.5000000000005683e-05,0.007462500000000006,-4.000000000002046e-05,95.0,0,0,0.0,0.0,20.0,0.0,-20.0,-20.0,-20.0,0.0
55.49854278564453,2.5000000000005683e-05,0.007362500000000011,-2.9999999999972716e-05,95.0,0,0,0.0,0.0,20.0,0.0,-20.0,-20.0,-20.0,0.0
55.59353065490723,2.5000000000005683e-05,0.007262499999999989,-2.9999999999972716e-05,95.0,0,0,0.0,0.0,20.0,0.0,-20.0,-20.0,-20.0,0.0
55.673537492752075,2.5000000000005683e-05,0.007162499999999994,-2.9999999999972716e-05,95.0,0,0,0.0,0.0,20.0,0.0,-20.0,-20.0,-20.0,0.0
55.75553297996521,2.5000000000005683e-05,0.0070625,-2.9999999999972716e-05,95.0,0,0,0.0,0.0,20.0,0.0,-20.0,-20.0,-20.0,0.0
55.83353042602539,2.5000000000005683e-05,0.006962500000000006,-2.9999999999972716e-05,95.0,0,0,0.0,0.0,20.0,0.0,-20.0,-20.0,-20.0,0.0
55.91354584693909,2.5000000000005683e-05,0.006875,-2.9999999999972716e-05,95.0,0,0,0.0,0.0,20.0,0.0,-20.0,-20.0,-20.0,0.0
56.010533571243286,2.5000000000005683e-05,0.006775000000000006,-2.9999999999972716e-05,95.0,0,0,0.0,0.0,20.0,0.0,-20.0,-20.0,-20.0,0.0
56.1295428276062,2.5000000000005683e-05,0.006675000000000012,-2.9999999999972716e-05,95.0,0,0,0.0,0.0,20.0,0.0,-20.0,-20.0,-20.0,0.0
56.22553110122681,2.5000000000005683e-05,0.006587500000000006,-2.9999999999972716e-05,95.0,0,0,0.0,0.0,20.0,0.0,-20.0,-20.0,-20.0,0.0
56.3235502243042,2.5000000000005683e-05,0.0065,-1.999999999998181e-05,95.0,0,0,0.0,0.0,20.0,0.0,-20.0,-20.0,-20.0,0.0
56.419535636901855,1.2499999999988632e-05,0.006412499999999995,-1.999999999998181e-05,95.0,0,0,0.0,0.0,20.0,0.0,-20.0,-20.0,-20.0,0.0
56.49853181838989,1.2499999999988632e-05,0.006324999999999989,-1.999999999998181e-05,95.0,0,0,0.0,0.0,20.0,0.0,-20.0,-20.0,-20.0,0.0
56.578534841537476,1.2499999999988632e-05,0.006237500000000011,-1.999999999998181e-05,95.0,0,0,0.0,0.0,20.0,0.0,-20.0,-20.0,-20.0,0.0
56.67453646659851,1.2499999999988632e-05,0.006150000000000005,-1.999999999998181e-05,95.0,0,0,0.0,0.0,20.0,0.0,-20.0,-20.0,-20.0,0.0
56.77354145050049,1.2499999999988632e-05,0.006074999999999988,-1.999999999998181e-05,95.0,0,0,0.0,0.0,20.0,0.0,-20.0,-20.0,-20.0,0.0
56.8555371761322,1.2499999999988632e-05,0.005974999999999994,-1.999999999998181e-05,95.0,0,0,0.0,0.0,20.0,0.0,-20.0,-20.0,-20.0,0.0
56.93453001976013,1.2499999999988632e-05,0.005900000000000006,-1.999999999998181e-05,95.0,0,0,0.0,0.0,20.0,0.0,-20.0,-20.0,-20.0,0.0