Current Date: Wed 07 Sep 2022 23:17:28
Object Position (x,y,z)(m): 0,0,-0.305
Target Position (x,y,z)(m): 0.15,0.15,-0.31
Time,x (m),y (m),z (m),grasp angle (deg),force,Buffer Length,Move to Pre Grasp,Move to grasp,grasp,lift after grasp,move to pre release,move to release,release,lift after release
0.1599576473236084,0.0,0.0,0.0,66.35211181640625,0,0,20.0,0.0,0.0,-20.0,0.0,-20.0,-20.0,0.0
0.23995518684387207,0.0,0.0,-0.0008774999999999977,66.35211181640625,0,1,20.0,0.0,0.0,-20.0,0.0,-20.0,-20.0,0.0
0.33695316314697266,0.0,0.0,-0.0022524999999999976,66.35211181640625,0,2,20.0,0.0,0.0,-20.0,0.0,-20.0,-20.0,0.0
0.4789540767669678,0.0,0.0,-0.005089999999999975,66.35211181640625,0,3,20.0,0.0,0.0,-20.0,0.0,-20.0,-20.0,0.0
0.5789554119110107,0.0,0.0,-0.009175000000000011,66.35211181640625,0,4,20.0,0.0,0.0,-20.0,0.0,-20.0,-20.0,0.0
0.6569604873657227,0.0,0.0,-0.011107500000000017,66.35211181640625,0,5,20.0,0.0,0.0,-20.0,0.0,-20.0,-20.0,0.0
0.7559549808502197,0.0,0.0,-0.011964999999999976,66.35211181640625,0,6,20.0,0.0,0.0,-20.0,0.0,-20.0,-20.0,0.0
0.849956750869751,0.0,0.0,-0.012350000000000022,66.35211181640625,0,6,20.0,0.0,0.0,-20.0,0.0,-20.0,-20.0,0.0
0.9309589862823486,0.0,0.0,-0.013307500000000005,66.35211181640625,0,7,20.0,0.0,0.0,-20.0,0.0,-20.0,-20.0,0.0
1.030959129333496,0.0,0.0,-0.014877499999999998,66.35211181640625,0,8,20.0,0.0,0.0,-20.0,0.0,-20.0,-20.0,0.0
1.1299591064453125,0.0,0.0,-0.017654999999999973,66.35211181640625,0,9,20.0,0.0,0.0,-20.0,0.0,-20.0,-20.0,0.0
1.2049555778503418,0.0,0.0,-0.021089999999999973,66.35211181640625,0,10,20.0,0.0,0.0,-20.0,0.0,-20.0,-20.0,0.0
1.2769553661346436,0.0,0.0,-0.02369999999999999,66.35211181640625,0,10,20.0,0.0,0.0,-20.0,0.0,-20.0,-20.0,0.0
1.360954761505127,0.0,0.0,-0.026204999999999985,66.35211181640625,0,9,20.0,0.0,0.0,-20.0,0.0,-20.0,-20.0,0.0
1.4339573383331299,0.0,0.0,-0.02916500000000002,66.35211181640625,0,10,20.0,0.0,0.0,-20.0,0.0,-20.0,-20.0,0.0
1.5259771347045898,0.0,0.0,-0.031725000000000024,66.35211181640625,0,10,20.0,0.0,0.0,-20.0,0.0,-20.0,-20.0,0.0
1.6579570770263672,0.0,0.0,-0.03540499999999997,66.35211181640625,0,9,20.0,0.0,0.0,-20.0,0.0,-20.0,-20.0,0.0
1.7289559841156006,0.0,0.0,-0.03953500000000003,66.35211181640625,0,10,20.0,0.0,0.0,-20.0,0.0,-20.0,-20.0,0.0
1.8019559383392334,0.0,0.0,-0.041995000000000005,66.35211181640625,0,10,20.0,0.0,0.0,-20.0,0.0,-20.0,-20.0,0.0
1.874955654144287,0.0,0.0,-0.04455000000000001,66.35211181640625,0,10,20.0,0.0,0.0,-20.0,0.0,-20.0,-20.0,0.0
1.9739561080932617,0.0,0.0,-0.04708499999999998,66.35211181640625,0,9,20.0,0.0,0.0,-20.0,0.0,-20.0,-20.0,0.0
2.0469589233398438,0.0,0.0,-0.050545000000000014,66.35211181640625,0,10,20.0,0.0,0.0,-20.0,0.0,-20.0,-20.0,0.0
2.1219563484191895,0.0,0.0,-0.05308999999999998,66.35211181640625,0,10,20.0,0.0,0.0,-20.0,0.0,-20.0,-20.0,0.0
2.194953441619873,0.0,0.0,-0.055704999999999984,66.35211181640625,0,10,20.0,0.0,0.0,-20.0,0.0,-20.0,-20.0,0.0
2.2769551277160645,0.0,0.0,-0.058235000000000016,66.35211181640625,0,9,20.0,0.0,0.0,-20.0,0.0,-20.0,-20.0,0.0
2.349956512451172,0.0,0.0,-0.061095,66.35211181640625,0,10,20.0,0.0,0.0,-20.0,0.0,-20.0,-20.0,0.0
2.4219536781311035,0.0,0.0,-0.06362000000000001,66.35211181640625,0,10,20.0,0.0,0.0,-20.0,0.0,-20.0,-20.0,0.0
2.4959523677825928,0.0,0.0,-0.06613999999999999,66.35211181640625,0,10,20.0,0.0,0.0,-20.0,0.0,-20.0,-20.0,0.0
2.5949580669403076,0.0,0.0,-0.068725,66.35211181640625,0,9,20.0,0.0,0.0,-20.0,0.0,-20.0,-20.0,0.0
2.6629557609558105,0.0,0.0,-0.07216999999999998,66.35211181640625,0,10,20.0,0.0,0.0,-20.0,0.0,-20.0,-20.0,0.0
2.756957530975342,0.0,0.0,-0.07481499999999999,66.35211181640625,0,10,20.0,0.0,0.0,-20.0,0.0,-20.0,-20.0,0.0
2.863952159881592,0.0,0.0,-0.078095,66.35211181640625,0,9,20.0,0.0,0.0,-20.0,0.0,-20.0,-20.0,0.0
2.9359660148620605,0.0,0.0,-0.08153999999999999,66.35211181640625,0,10,20.0,0.0,0.0,-20.0,0.0,-20.0,-20.0,0.0
3.0099799633026123,0.0,0.0,-0.08406999999999999,66.35211181640625,0,10,20.0,0.0,0.0,-20.0,0.0,-20.0,-20.0,0.0
3.107954263687134,0.0,0.0,-0.08663,66.35211181640625,0,9,20.0,0.0,0.0,-20.0,0.0,-20.0,-20.0,0.0
3.1829519271850586,0.0,0.0,-0.09002500000000001,66.35211181640625,0,10,20.0,0.0,0.0,-20.0,0.0,-20.0,-20.0,0.0
3.2539567947387695,0.0,0.0,-0.09267500000000001,66.35211181640625,0,10,20.0,0.0,0.0,-20.0,0.0,-20.0,-20.0,0.0
3.352954387664795,0.0,0.0,-0.09509999999999999,66.35211181640625,0,9,20.0,0.0,0.0,-20.0,0.0,-20.0,-20.0,0.0
3.427964210510254,0.0,0.0,-0.09855000000000001,66.35211181640625,0,10,20.0,0.0,0.0,-20.0,0.0,-20.0,-20.0,0.0
3.4999656677246094,0.0,0.0,-0.10121000000000001,66.35211181640625,0,10,20.0,0.0,0.0,-20.0,0.0,-20.0,-20.0,0.0
3.596954107284546,0.0,0.0,-0.103695,66.35211181640625,0,9,20.0,0.0,0.0,-20.0,0.0,-20.0,-20.0,0.0
3.672957420349121,0.0,0.0,-0.10708000000000001,66.35211181640625,0,10,20.0,0.0,0.0,-20.0,0.0,-20.0,-20.0,0.0
3.7449634075164795,0.0,0.0,-0.10972499999999999,66.35211181640625,0,10,20.0,0.0,0.0,-20.0,0.0,-20.0,-20.0,0.0
3.8609533309936523,0.0,0.0,-0.11224,66.35211181640625,0,9,20.0,0.0,0.0,-20.0,0.0,-20.0,-20.0,0.0
3.952955484390259,0.0,0.0,-0.11661000000000002,66.35211181640625,0,10,20.0,0.0,0.0,-20.0,0.0,-20.0,-20.0,0.0
4.024954557418823,0.0,0.0,-0.119625,66.35211181640625,0,10,20.0,0.0,0.0,-20.0,0.0,-20.0,-20.0,0.0
4.097954988479614,0.0,0.0,-0.121995,66.35211181640625,0,10,20.0,0.0,0.0,-20.0,0.0,-20.0,-20.0,0.0
4.170957565307617,0.0,0.0,-0.12452500000000001,66.35211181640625,0,10,20.0,0.0,0.0,-20.0,0.0,-20.0,-20.0,0.0
4.245954275131226,0.0,0.0,-0.127065,66.35211181640625,0,10,20.0,0.0,0.0,-20.0,0.0,-20.0,-20.0,0.0
4.321956396102905,0.0,0.0,-0.12968000000000002,66.35211181640625,0,10,20.0,0.0,0.0,-20.0,0.0,-20.0,-20.0,0.0
4.393956899642944,0.0,0.0,-0.132355,66.35211181640625,0,10,20.0,0.0,0.0,-20.0,0.0,-20.0,-20.0,0.0
4.493955135345459,0.0,0.0,-0.134855,66.35211181640625,0,9,20.0,0.0,0.0,-20.0,0.0,-20.0,-20.0,0.0
4.565966606140137,0.0,0.0,-0.13834,66.35211181640625,0,10,20.0,0.0,0.0,-20.0,0.0,-20.0,-20.0,0.0
4.641964912414551,0.0,0.0,-0.14085499999999998,66.35211181640625,0,10,20.0,0.0,0.0,-20.0,0.0,-20.0,-20.0,0.0
4.712964057922363,0.0,0.0,-0.143475,66.35211181640625,0,10,20.0,0.0,0.0,-20.0,0.0,-20.0,-20.0,0.0
4.7869553565979,0.0,0.0,-0.145975,66.35211181640625,0,10,20.0,0.0,0.0,-20.0,0.0,-20.0,-20.0,0.0
4.860965728759766,0.0,0.0,-0.14851,66.35211181640625,0,10,20.0,0.0,0.0,-20.0,0.0,-20.0,-20.0,0.0
4.934956789016724,0.0,0.0,-0.151115,66.35211181640625,0,10,20.0,0.0,0.0,-20.0,0.0,-20.0,-20.0,0.0
5.033961057662964,0.0,0.0,-0.15369999999999998,66.35211181640625,0,9,20.0,0.0,0.0,-20.0,0.0,-20.0,-20.0,0.0
5.12696385383606,0.0,0.0,-0.157385,66.35211181640625,0,10,20.0,0.0,0.0,-20.0,0.0,-20.0,-20.0,0.0
5.208958387374878,0.0,0.0,-0.16066999999999998,66.35211181640625,0,10,20.0,0.0,0.0,-20.0,0.0,-20.0,-20.0,0.0
5.281967401504517,0.0,0.0,-0.163245,66.35211181640625,0,10,20.0,0.0,0.0,-20.0,0.0,-20.0,-20.0,0.0
5.35495400428772,0.0,0.0,-0.16579,66.35211181640625,0,10,20.0,0.0,0.0,-20.0,0.0,-20.0,-20.0,0.0
5.429956674575806,0.0,0.0,-0.16833,66.35211181640625,0,10,20.0,0.0,0.0,-20.0,0.0,-20.0,-20.0,0.0
5.504961013793945,0.0,0.0,-0.17093,66.35211181640625,0,10,20.0,0.0,0.0,-20.0,0.0,-20.0,-20.0,0.0
5.576955080032349,0.0,0.0,-0.17355500000000001,66.35211181640625,0,10,20.0,0.0,0.0,-20.0,0.0,-20.0,-20.0,0.0
5.6770079135894775,0.0,0.0,-0.17606,66.35211181640625,0,9,20.0,0.0,0.0,-20.0,0.0,-20.0,-20.0,0.0
5.748955488204956,0.0,0.0,-0.17954,66.35211181640625,0,10,20.0,0.0,0.0,-20.0,0.0,-20.0,-20.0,0.0
5.825955152511597,0.0,0.0,-0.182075,66.35211181640625,0,10,20.0,0.0,0.0,-20.0,0.0,-20.0,-20.0,0.0
5.895956039428711,0.0,0.0,-0.184725,66.35211181640625,0,10,20.0,0.0,0.0,-20.0,0.0,-20.0,-20.0,0.0
5.969955921173096,0.0,0.0,-0.18722,66.35211181640625,0,10,20.0,0.0,0.0,-20.0,0.0,-20.0,-20.0,0.0
6.045962572097778,0.0,0.0,-0.189775,66.35211181640625,0,10,20.0,0.0,0.0,-20.0,0.0,-20.0,-20.0,0.0
6.119002342224121,0.0,0.0,-0.19241500000000003,66.35211181640625,0,10,20.0,0.0,0.0,-20.0,0.0,-20.0,-20.0,0.0
6.1919591426849365,0.0,0.0,-0.194965,66.35211181640625,0,10,20.0,0.0,0.0,-20.0,0.0,-20.0,-20.0,0.0
6.314956426620483,0.0,0.0,-0.19749,66.35211181640625,0,9,20.0,0.0,0.0,-20.0,0.0,-20.0,-20.0,0.0
6.400955677032471,0.0,0.0,-0.20219,66.35211181640625,0,10,20.0,0.0,0.0,-20.0,0.0,-20.0,-20.0,0.0
6.472955703735352,0.0,0.0,-0.20476,66.35211181640625,0,10,20.0,0.0,0.0,-20.0,0.0,-20.0,-20.0,0.0
6.5449604988098145,0.0,0.0,-0.207295,66.35211181640625,0,10,20.0,0.0,0.0,-20.0,0.0,-20.0,-20.0,0.0
6.6209633350372314,0.0,0.0,-0.20983499999999997,66.35211181640625,0,10,20.0,0.0,0.0,-20.0,0.0,-20.0,-20.0,0.0
6.7189555168151855,0.0,0.0,-0.21244,66.35211181640625,0,9,20.0,0.0,0.0,-20.0,0.0,-20.0,-20.0,0.0
6.791959762573242,0.0,0.0,-0.215865,66.35211181640625,0,10,20.0,0.0,0.0,-20.0,0.0,-20.0,-20.0,0.0
6.86796236038208,0.0,0.0,-0.21841,66.35211181640625,0,10,20.0,0.0,0.0,-20.0,0.0,-20.0,-20.0,0.0
6.939974308013916,0.0,0.0,-0.22104500000000002,66.35211181640625,0,10,20.0,0.0,0.0,-20.0,0.0,-20.0,-20.0,0.0
7.040956258773804,0.0,0.0,-0.22358499999999998,66.35211181640625,0,9,20.0,0.0,0.0,-20.0,0.0,-20.0,-20.0,0.0
7.113959074020386,0.0,0.0,-0.227065,66.35211181640625,0,10,20.0,0.0,0.0,-20.0,0.0,-20.0,-20.0,0.0
7.188954591751099,0.0,0.0,-0.229645,66.35211181640625,0,10,20.0,0.0,0.0,-20.0,0.0,-20.0,-20.0,0.0
7.285954475402832,0.0,0.0,-0.23223000000000002,66.35211181640625,0,9,0.0,20.0,0.0,0.0,-20.0,-20.0,-20.0,0.0
7.359956502914429,0.0,0.0,-0.235595,66.35211181640625,0,10,0.0,20.0,0.0,0.0,-20.0,-20.0,-20.0,0.0
7.440963506698608,0.0,0.0,-0.238175,66.35211181640625,0,10,0.0,20.0,0.0,0.0,-20.0,-20.0,-20.0,0.0
7.565959215164185,0.0,0.0,-0.241345,66.35211181640625,0,9,0.0,20.0,0.0,0.0,-20.0,-20.0,-20.0,0.0
7.639966249465942,0.0,0.0,-0.245375,66.35211181640625,0,10,0.0,20.0,0.0,0.0,-20.0,-20.0,-20.0,0.0
7.736952781677246,0.0,0.0,-0.24794999999999998,66.35211181640625,0,9,0.0,20.0,0.0,0.0,-20.0,-20.0,-20.0,0.0
7.807957172393799,0.0,0.0,-0.25134,66.35211181640625,0,10,0.0,20.0,0.0,0.0,-20.0,-20.0,-20.0,0.0
7.879953861236572,0.0,0.0,-0.253795,66.35211181640625,0,10,0.0,20.0,0.0,0.0,-20.0,-20.0,-20.0,0.0
7.97795557975769,0.0,0.0,-0.256335,66.35211181640625,0,9,0.0,20.0,0.0,0.0,-20.0,-20.0,-20.0,0.0
8.049954652786255,0.0,0.0,-0.25973,66.35211181640625,0,10,0.0,20.0,0.0,0.0,-20.0,-20.0,-20.0,0.0
8.122955560684204,0.0,0.0,-0.26223,66.35211181640625,0,10,0.0,20.0,0.0,0.0,-20.0,-20.0,-20.0,0.0
8.19596004486084,0.0,0.0,-0.26477,66.35211181640625,0,10,0.0,20.0,0.0,0.0,-20.0,-20.0,-20.0,0.0
8.267962455749512,0.0,0.0,-0.267315,66.35211181640625,0,10,0.0,20.0,0.0,0.0,-20.0,-20.0,-20.0,0.0
8.365959644317627,0.0,0.0,-0.26981,66.35211181640625,0,9,0.0,20.0,0.0,0.0,-20.0,-20.0,-20.0,0.0
8.440975189208984,0.0,0.0,-0.273235,66.35211181640625,0,10,0.0,20.0,0.0,0.0,-20.0,-20.0,-20.0,0.0
8.512956142425537,0.0,0.0,-0.275845,66.35211181640625,0,10,0.0,20.0,0.0,0.0,-20.0,-20.0,-20.0,0.0
8.662963628768921,0.0,0.0,-0.278345,66.35211181640625,0,9,0.0,20.0,0.0,0.0,-20.0,-20.0,-20.0,0.0
8.747961521148682,0.0,0.0,-0.28395,66.35211181640625,0,10,0.0,20.0,0.0,0.0,-20.0,-20.0,-20.0,0.0
8.844955444335938,0.0,0.0,-0.286545,66.35211181640625,0,9,0.0,20.0,0.0,0.0,-20.0,-20.0,-20.0,0.0
8.918958902359009,0.0,0.0,-0.28994,66.35211181640625,0,10,0.0,20.0,0.0,0.0,-20.0,-20.0,-20.0,0.0
9.015957832336426,0.0,0.0,-0.29249,66.35211181640625,0,9,0.0,20.0,0.0,0.0,-20.0,-20.0,-20.0,0.0
9.17795467376709,0.0,0.0,-0.295495,95.0,0,8,0.0,0.0,20.0,0.0,-20.0,-20.0,-20.0,0.0
9.27395486831665,0.0,0.0,-0.299195,95.0,0,5,0.0,0.0,20.0,0.0,-20.0,-20.0,-20.0,0.0
9.37097954750061,0.0,0.0,-0.3003925,95.0,0,5,0.0,0.0,20.0,0.0,-20.0,-20.0,-20.0,0.0
9.466957569122314,0.0,0.0,-0.3011825,95.0,0,3,0.0,0.0,20.0,0.0,-20.0,-20.0,-20.0,0.0
9.562959909439087,0.0,0.0,-0.3016975,95.0,0,1,0.0,0.0,20.0,0.0,-20.0,-20.0,-20.0,0.0
9.642970323562622,0.0,0.0,-0.30185,95.0,0,0,0.0,0.0,20.0,0.0,-20.0,-20.0,-20.0,0.0
9.736064434051514,0.0,0.0,-0.30197,95.0,0,0,0.0,0.0,20.0,0.0,-20.0,-20.0,-20.0,0.0
9.83905839920044,0.0,0.0,-0.30208999999999997,95.0,0,0,0.0,0.0,20.0,0.0,-20.0,-20.0,-20.0,0.0
9.919074296951294,0.0,0.0,-0.30221,95.0,0,0,0.0,0.0,20.0,0.0,-20.0,-20.0,-20.0,0.0
10.014062881469727,0.0,0.0,-0.30232,95.0,0,0,0.0,0.0,20.0,0.0,-20.0,-20.0,-20.0,0.0
10.095075607299805,0.0,0.0,-0.30243000000000003,95.0,0,0,0.0,0.0,20.0,0.0,-20.0,-20.0,-20.0,0.0
10.193074226379395,0.0,0.0,-0.30252999999999997,95.0,0,0,0.0,0.0,20.0,0.0,-20.0,-20.0,-20.0,0.0
10.273058652877808,0.0,0.0,-0.30263,95.0,0,0,0.0,0.0,20.0,0.0,-20.0,-20.0,-20.0,0.0
10.35305905342102,0.0,0.0,-0.30273,95.0,0,0,0.0,0.0,20.0,0.0,-20.0,-20.0,-20.0,0.0
10.433060646057129,0.0,0.0,-0.30282,95.0,0,0,0.0,0.0,20.0,0.0,-20.0,-20.0,-20.0,0.0
10.532062530517578,0.0,0.0,-0.3029,95.0,0,0,0.0,0.0,20.0,0.0,-20.0,-20.0,-20.0,0.0
10.614074945449829,0.0,0.0,-0.30299,95.0,0,0,0.0,0.0,20.0,0.0,-20.0,-20.0,-20.0,0.0
10.694062232971191,0.0,0.0,-0.30307,95.0,0,0,0.0,0.0,20.0,0.0,-20.0,-20.0,-20.0,0.0
10.7890625,0.0,0.0,-0.30315,95.0,0,0,0.0,0.0,20.0,0.0,-20.0,-20.0,-20.0,0.0
10.887059450149536,0.0,0.0,-0.30322000000000005,95.0,0,0,0.0,0.0,20.0,0.0,-20.0,-20.0,-20.0,0.0
10.979076623916626,0.0,0.0,-0.30329,95.0,0,0,0.0,0.0,20.0,0.0,-20.0,-20.0,-20.0,0.0
11.076066017150879,0.0,0.0,-0.30336,95.0,0,0,0.0,0.0,20.0,0.0,-20.0,-20.0,-20.0,0.0
11.1550612449646,0.0,0.0,-0.30342,95.0,0,0,0.0,0.0,20.0,0.0,-20.0,-20.0,-20.0,0.0
11.252061605453491,0.0,0.0,-0.30349,95.0,0,0,0.0,0.0,20.0,0.0,-20.0,-20.0,-20.0,0.0
11.348062992095947,0.0,0.0,-0.30355,95.0,0,0,0.0,0.0,20.0,0.0,-20.0,-20.0,-20.0,0.0
11.428076028823853,0.0,0.0,-0.30361,95.0,0,0,0.0,0.0,20.0,0.0,-20.0,-20.0,-20.0,0.0
11.524592161178589,0.0,0.0,-0.30366000000000004,95.0,0,0,0.0,0.0,20.0,0.0,-20.0,-20.0,-20.0,0.0
11.602593421936035,0.0,0.0,-0.30372000000000005,95.0,20,0,0.0,0.0,20.0,0.0,-20.0,-20.0,-20.0,0.0
11.700597047805786,0.0,0.0,-0.30377,95.0,20,0,-20.0,-20.0,0.0,20.0,0.0,0.0,0.0,-20.0
11.797617197036743,0.0,0.0,-0.3034975,95.0,20,1,-20.0,-20.0,0.0,20.0,0.0,0.0,0.0,-20.0
11.894597053527832,0.0,0.0,-0.3022975,95.0,20,2,-20.0,-20.0,0.0,20.0,0.0,0.0,0.0,-20.0
12.014594316482544,0.0,0.0,-0.3006525,95.0,20,3,-20.0,-20.0,0.0,20.0,0.0,0.0,0.0,-20.0
12.110596418380737,0.0,0.0,-0.299815,95.0,20,3,-20.0,-20.0,0.0,20.0,0.0,0.0,0.0,-20.0
12.208595037460327,0.0,0.0,-0.299225,95.0,20,4,-20.0,-20.0,0.0,20.0,0.0,0.0,0.0,-20.0
12.304593801498413,0.0,0.0,-0.297665,95.0,20,5,-20.0,-20.0,0.0,20.0,0.0,0.0,0.0,-20.0
12.399592161178589,0.0,0.0,-0.295235,95.0,20,5,-20.0,-20.0,0.0,20.0,0.0,0.0,0.0,-20.0
12.49866509437561,0.0,0.0,-0.29231999999999997,95.0,20,5,-20.0,0.0,-20.0,20.0,0.0,0.0,0.0,-20.0
12.595668077468872,0.0,0.0,-0.28923000000000004,95.0,20,6,-20.0,0.0,-20.0,20.0,0.0,0.0,0.0,-20.0
12.690662622451782,0.0,0.0,-0.286165,95.0,20,6,-20.0,0.0,-20.0,20.0,0.0,0.0,0.0,-20.0
12.786663055419922,0.0,0.0,-0.283285,95.0,20,6,-20.0,0.0,-20.0,20.0,0.0,0.0,0.0,-20.0
12.886663436889648,0.0,0.0,-0.280225,95.0,20,6,-20.0,0.0,-20.0,20.0,0.0,0.0,0.0,-20.0
12.984671831130981,0.0,0.0,-0.27707,95.0,20,6,-20.0,0.0,-20.0,20.0,0.0,0.0,0.0,-20.0
13.114667177200317,0.0,0.0,-0.27423000000000003,95.0,20,6,-20.0,0.0,-20.0,20.0,0.0,0.0,0.0,-20.0
13.225676536560059,0.0,0.0,-0.27036,95.0,20,5,-20.0,0.0,-20.0,20.0,0.0,0.0,0.0,-20.0
13.32166314125061,0.0,0.0,-0.267655,95.0,20,5,-20.0,0.0,-20.0,20.0,0.0,0.0,0.0,-20.0
13.422658443450928,0.0,0.0,-0.265075,95.0,20,5,-20.0,0.0,-20.0,20.0,0.0,0.0,0.0,-20.0
13.520659685134888,0.0,0.0,-0.26244999999999996,95.0,20,5,-20.0,0.0,-20.0,20.0,0.0,0.0,0.0,-20.0
13.615684032440186,0.0,0.0,-0.259955,95.0,20,5,-20.0,0.0,-20.0,20.0,0.0,0.0,0.0,-20.0
13.71466612815857,0.0,0.0,-0.25758,95.0,20,5,-20.0,0.0,-20.0,20.0,0.0,0.0,0.0,-20.0
13.812669038772583,0.0,0.0,-0.2551475,95.0,20,5,-20.0,0.0,-20.0,20.0,0.0,0.0,0.0,-20.0
13.894664525985718,0.0,0.0,-0.2528275,95.0,20,5,-20.0,0.0,-20.0,20.0,0.0,0.0,0.0,-20.0
13.99466323852539,0.0,0.0,-0.251075,95.0,20,5,-20.0,0.0,-20.0,20.0,0.0,0.0,0.0,-20.0
14.091665506362915,0.0,0.0,-0.24898250000000002,95.0,20,5,-20.0,0.0,-20.0,20.0,0.0,0.0,0.0,-20.0
14.208662509918213,0.0,0.0,-0.2469975,95.0,20,5,-20.0,0.0,-20.0,20.0,0.0,0.0,0.0,-20.0
14.329665899276733,0.0,0.0,-0.24451499999999998,95.0,20,4,-20.0,0.0,-20.0,20.0,0.0,0.0,0.0,-20.0
14.428662300109863,0.0,0.0,-0.2422825,95.0,20,4,-20.0,0.0,-20.0,20.0,0.0,0.0,0.0,-20.0
14.526663303375244,0.0,0.0,-0.240445,95.0,20,3,-20.0,0.0,-20.0,20.0,0.0,0.0,0.0,-20.0
14.624664068222046,0.0,0.0,-0.23862,95.0,20,3,-20.0,0.0,-20.0,20.0,0.0,0.0,0.0,-20.0
14.717661619186401,0.0,0.0,-0.23683249999999997,95.0,20,3,-20.0,0.0,-20.0,20.0,0.0,0.0,0.0,-20.0
14.814671277999878,0.0,0.0,-0.235225,95.0,20,2,-20.0,0.0,-20.0,20.0,0.0,0.0,0.0,-20.0
14.912662744522095,0.0,0.0,-0.23356,95.0,20,2,-20.0,0.0,-20.0,20.0,0.0,0.0,0.0,-20.0
15.007673501968384,0.0,0.0,-0.2319225,95.0,20,2,-20.0,0.0,-20.0,20.0,0.0,0.0,0.0,-20.0
15.105674028396606,0.0,0.0,-0.230875,95.0,20,2,-20.0,0.0,-20.0,20.0,0.0,0.0,0.0,-20.0
15.182660579681396,0.0,0.0,-0.23053,95.0,20,2,-20.0,0.0,-20.0,20.0,0.0,0.0,0.0,-20.0
15.27866244316101,0.0,0.0,-0.229805,95.0,20,3,0.0,-20.0,-20.0,0.0,20.0,0.0,0.0,-20.0
15.411669731140137,0.0,0.0,-0.22817,95.0,20,2,0.0,-20.0,-20.0,0.0,20.0,0.0,0.0,-20.0
15.493661165237427,0.00013749999999998862,5.0000000000011366e-05,-0.2277925,95.0,20,2,0.0,-20.0,-20.0,0.0,20.0,0.0,0.0,-20.0
15.591670513153076,0.0013375000000000058,0.00046250000000000566,-0.22845249999999998,95.0,20,3,0.0,-20.0,-20.0,0.0,20.0,0.0,0.0,-20.0
15.675670623779297,0.004375,0.0015,-0.23012,95.0,20,4,0.0,-20.0,-20.0,0.0,20.0,0.0,0.0,-20.0
15.769667148590088,0.007862500000000012,0.0026999999999999884,-0.23203000000000001,95.0,20,4,0.0,-20.0,-20.0,0.0,20.0,0.0,0.0,-20.0
15.86666202545166,0.011787499999999994,0.004087500000000006,-0.23418250000000002,95.0,20,4,0.0,-20.0,-20.0,0.0,20.0,0.0,0.0,-20.0
15.96466588973999,0.015800000000000012,0.005537499999999995,-0.2363875,95.0,20,5,0.0,-20.0,-20.0,0.0,20.0,0.0,0.0,-20.0
16.062195301055908,0.019900000000000004,0.007050000000000011,-0.2386325,95.0,20,5,0.0,-20.0,-20.0,0.0,20.0,0.0,0.0,-20.0
16.159210443496704,0.023925000000000012,0.0085625,-0.2408375,95.0,20,5,0.0,-20.0,-20.0,0.0,20.0,0.0,0.0,-20.0
16.258193731307983,0.027974999999999993,0.010112500000000012,-0.2430675,95.0,20,5,0.0,-20.0,-20.0,0.0,20.0,0.0,0.0,-20.0
16.35520887374878,0.0320375,0.011699999999999988,-0.24529,95.0,20,6,0.0,-20.0,-20.0,0.0,20.0,0.0,0.0,-20.0
16.484190702438354,0.03603750000000002,0.0133125,-0.2474875,95.0,20,6,0.0,-20.0,-20.0,0.0,20.0,0.0,0.0,-20.0
16.589202642440796,0.04151249999999999,0.0155625,-0.25048750000000003,95.0,20,6,0.0,-20.0,-20.0,0.0,20.0,0.0,0.0,-20.0
16.686195135116577,0.045612500000000014,0.01730000000000001,-0.25274,95.0,20,6,0.0,-20.0,-20.0,0.0,20.0,0.0,0.0,-20.0
16.78319549560547,0.04952499999999998,0.019,-0.2548875,95.0,20,6,0.0,-20.0,-20.0,0.0,20.0,0.0,0.0,-20.0
16.882202625274658,0.0535,0.020775000000000005,-0.2570625,95.0,20,6,0.0,-20.0,-20.0,0.0,20.0,0.0,0.0,-20.0
16.97919487953186,0.0575,0.022599999999999995,-0.2592625,95.0,20,6,0.0,-20.0,-20.0,0.0,20.0,0.0,0.0,-20.0
17.07919454574585,0.06135000000000002,0.024425000000000013,-0.261365,95.0,20,6,0.0,-20.0,-20.0,0.0,20.0,0.0,0.0,-20.0
17.175194025039673,0.06523750000000002,0.0263125,-0.2635075,95.0,20,6,0.0,-20.0,-20.0,0.0,20.0,0.0,0.0,-20.0
17.275195360183716,0.06898750000000001,0.0281875,-0.265565,95.0,20,5,0.0,-20.0,-20.0,0.0,20.0,0.0,0.0,-20.0
17.370188236236572,0.07285000000000003,0.0301875,-0.2676825,95.0,20,5,0.0,-20.0,-20.0,0.0,20.0,0.0,0.0,-20.0
17.467196702957153,0.0765,0.032125,-0.2696825,95.0,20,5,0.0,-20.0,-20.0,0.0,20.0,0.0,0.0,-20.0
17.60419201850891,0.08017500000000001,0.03415000000000001,-0.2717025,95.0,20,5,0.0,-20.0,-20.0,0.0,20.0,0.0,0.0,-20.0
17.717198133468628,0.08538749999999999,0.03716250000000002,-0.2745625,95.0,20,4,0.0,-20.0,-20.0,0.0,20.0,0.0,0.0,-20.0
17.813188791275024,0.0887625,0.0391875,-0.27640750000000003,95.0,20,4,0.0,-20.0,-20.0,0.0,20.0,0.0,0.0,-20.0
17.91019105911255,0.091875,0.04111250000000001,-0.278115,95.0,20,3,0.0,-20.0,-20.0,0.0,20.0,0.0,0.0,-20.0
18.00819158554077,0.09503750000000002,0.04316250000000002,-0.2798525,95.0,20,3,0.0,-20.0,-20.0,0.0,20.0,0.0,0.0,-20.0
18.10620379447937,0.0980625,0.045175000000000014,-0.28150749999999997,95.0,20,3,0.0,-20.0,-20.0,0.0,20.0,0.0,0.0,-20.0
18.202190160751343,0.10102499999999998,0.04725,-0.28313499999999997,95.0,20,2,0.0,-20.0,-20.0,0.0,20.0,0.0,0.0,-20.0
18.29919695854187,0.103875,0.04930000000000001,-0.2846975,95.0,20,2,0.0,-20.0,-20.0,0.0,20.0,0.0,0.0,-20.0
18.3811936378479,0.105675,0.05063749999999999,-0.285685,95.0,20,2,0.0,-20.0,-20.0,0.0,20.0,0.0,0.0,-20.0
18.477192640304565,0.10614999999999998,0.051,-0.285945,95.0,20,2,0.0,-20.0,-20.0,0.0,20.0,0.0,0.0,-20.0
18.574195861816406,0.107875,0.05235000000000002,-0.2869,95.0,20,2,0.0,-20.0,-20.0,0.0,20.0,0.0,0.0,-20.0
18.688197135925293,0.1105625,0.0545,-0.2883725,95.0,20,2,0.0,-20.0,-20.0,0.0,20.0,0.0,0.0,-20.0
18.785197257995605,0.11255000000000001,0.056137499999999986,-0.28945,95.0,20,2,0.0,-20.0,-20.0,0.0,20.0,0.0,0.0,-20.0
18.883196353912354,0.1131875,0.0566875,-0.289805,95.0,20,2,0.0,-20.0,-20.0,0.0,20.0,0.0,0.0,-20.0
18.96320915222168,0.11410000000000002,0.05746249999999998,-0.2903075,95.0,20,2,0.0,-20.0,-20.0,0.0,20.0,0.0,0.0,-20.0
19.061190843582153,0.115,0.05827499999999998,-0.2908,95.0,20,3,0.0,-20.0,-20.0,0.0,20.0,0.0,0.0,-20.0
19.142191171646118,0.11728750000000002,0.060337499999999974,-0.292055,95.0,20,2,0.0,-20.0,-20.0,0.0,20.0,0.0,0.0,-20.0
19.224212169647217,0.11928750000000002,0.06223750000000001,-0.2931575,95.0,20,2,0.0,-20.0,-20.0,0.0,20.0,0.0,0.0,-20.0
19.32018232345581,0.12055000000000002,0.06346249999999998,-0.2938375,95.0,20,2,0.0,-20.0,-20.0,0.0,20.0,0.0,0.0,-20.0
19.41825246810913,0.12121249999999997,0.064125,-0.294205,95.0,20,2,0.0,-20.0,-20.0,0.0,20.0,0.0,0.0,-20.0
19.513243198394775,0.12196249999999997,0.06488749999999999,-0.29462,95.0,20,2,0.0,-20.0,-20.0,0.0,20.0,0.0,0.0,-20.0
19.610245943069458,0.12335000000000003,0.06633749999999998,-0.295385,95.0,20,2,0.0,-20.0,-20.0,0.0,20.0,0.0,0.0,-20.0
19.69024658203125,0.12496249999999998,0.06807499999999998,-0.296265,95.0,20,2,0.0,-20.0,-20.0,0.0,20.0,0.0,0.0,-20.0
19.806241035461426,0.125425,0.06858749999999998,-0.29652,95.0,20,2,0.0,-20.0,-20.0,0.0,20.0,0.0,0.0,-20.0
19.914243698120117,0.1264125,0.06971249999999998,-0.297055,95.0,20,2,0.0,-20.0,-20.0,0.0,20.0,0.0,0.0,-20.0
19.991239070892334,0.12811250000000002,0.07173750000000001,-0.2979975,95.0,20,1,0.0,-20.0,-20.0,0.0,20.0,0.0,0.0,-20.0
20.072240352630615,0.12886250000000002,0.072625,-0.2984,95.0,20,1,0.0,-20.0,-20.0,0.0,20.0,0.0,0.0,-20.0
20.153239965438843,0.12951249999999997,0.0734375,-0.29875999999999997,95.0,20,2,0.0,-20.0,-20.0,0.0,20.0,0.0,0.0,-20.0
20.24824070930481,0.12997500000000003,0.07402499999999998,-0.29901,95.0,20,2,0.0,-20.0,-20.0,0.0,20.0,0.0,0.0,-20.0
20.3282413482666,0.1314875,0.07603750000000002,-0.29984750000000004,95.0,20,1,0.0,-20.0,-20.0,0.0,20.0,0.0,0.0,-20.0
20.420249938964844,0.132075,0.07685000000000003,-0.3001725,95.0,20,1,0.0,-20.0,-20.0,0.0,20.0,0.0,0.0,-20.0
20.50224471092224,0.13276249999999998,0.07780000000000001,-0.30054250000000005,95.0,20,1,0.0,-20.0,-20.0,0.0,20.0,0.0,0.0,-20.0
20.582241535186768,0.13336250000000002,0.07866250000000002,-0.300875,95.0,20,2,0.0,-20.0,-20.0,0.0,20.0,0.0,0.0,-20.0
20.676242113113403,0.133875,0.07939999999999997,-0.30115499999999995,95.0,20,2,0.0,-20.0,-20.0,0.0,20.0,0.0,0.0,-20.0
20.775255918502808,0.13446249999999998,0.08030000000000001,-0.30148,95.0,20,2,0.0,-20.0,-20.0,0.0,20.0,0.0,0.0,-20.0
20.888251066207886,0.135375,0.0817,-0.30198,95.0,20,1,0.0,-20.0,-20.0,0.0,20.0,0.0,0.0,-20.0
20.99226999282837,0.136125,0.08288749999999999,-0.3023875,95.0,20,1,-10.295639,-20.0,-20.0,0.0,9.704361,10.295639,0.0,-9.704361
21.08526062965393,0.136725,0.08388749999999999,-0.30271499999999996,95.0,20,1,-20.0,-20.0,-20.0,0.0,0.0,20.0,0.0,0.0
21.166263103485107,0.1373,0.08486250000000001,-0.30302999999999997,95.0,20,1,-20.0,-20.0,-20.0,0.0,0.0,20.0,0.0,0.0
21.263242959976196,0.13776249999999998,0.08567500000000002,-0.303285,95.0,20,1,-20.0,-20.0,-20.0,0.0,0.0,20.0,0.0,0.0
21.343246936798096,0.1383625,0.08676249999999999,-0.3036125,95.0,20,1,-20.0,-20.0,-20.0,0.0,0.0,20.0,0.0,0.0
21.439242601394653,0.1388125,0.08758749999999997,-0.30386250000000004,95.0,20,1,-20.0,-20.0,-20.0,0.0,0.0,20.0,0.0,0.0
21.537240982055664,0.1393625,0.08866250000000002,-0.30417,95.0,20,1,-20.0,-20.0,-20.0,0.0,0.0,20.0,0.0,0.0
21.63324475288391,0.13982499999999998,0.08955,-0.3044175,95.0,20,1,-20.0,-20.0,-20.0,0.0,0.0,20.0,0.0,0.0
21.73224425315857,0.14023750000000001,0.09038749999999998,-0.3046375,95.0,20,1,-20.0,-20.0,-20.0,0.0,0.0,20.0,0.0,0.0
21.81324553489685,0.1406375,0.09122500000000003,-0.30485500000000004,95.0,20,1,-20.0,-20.0,-20.0,0.0,0.0,20.0,0.0,0.0
21.894243240356445,0.14092500000000002,0.091875,-0.305025,95.0,20,1,-20.0,-20.0,-20.0,0.0,0.0,20.0,0.0,0.0
22.007244110107422,0.14135000000000003,0.09278750000000002,-0.3052575,95.0,20,1,-20.0,-20.0,-20.0,0.0,0.0,20.0,0.0,0.0
22.10227608680725,0.1417,0.093625,-0.3054575,95.0,20,1,-20.0,-20.0,-20.0,0.0,0.0,20.0,0.0,0.0
22.20024085044861,0.1420375,0.09439999999999998,-0.30563999999999997,95.0,20,1,-20.0,-20.0,-20.0,0.0,0.0,20.0,0.0,0.0
22.27924132347107,0.142375,0.09519999999999999,-0.30582,95.0,20,0,-20.0,-20.0,-20.0,0.0,0.0,20.0,0.0,0.0
22.375242471694946,0.1426375,0.0958125,-0.30595999999999995,95.0,20,1,-20.0,-20.0,-20.0,0.0,0.0,20.0,0.0,0.0
22.456271171569824,0.14297500000000002,0.0966875,-0.30615,95.0,20,0,-20.0,-20.0,-20.0,0.0,0.0,20.0,0.0,0.0
22.53927993774414,0.14323750000000002,0.09735000000000002,-0.30628500000000003,95.0,20,1,-20.0,-20.0,-20.0,0.0,0.0,20.0,0.0,0.0
22.61924910545349,0.1435,0.098075,-0.3064375,95.0,20,1,-20.0,-20.0,-20.0,0.0,0.0,20.0,0.0,0.0
22.700249195098877,0.143775,0.0988125,-0.3065825,95.0,20,1,-20.0,-20.0,-20.0,0.0,0.0,20.0,0.0,0.0
22.79824709892273,0.1440125,0.0994875,-0.3067175,95.0,20,1,-20.0,-20.0,-20.0,0.0,0.0,20.0,0.0,0.0
22.87824320793152,0.144275,0.10023750000000001,-0.30686,95.0,20,0,-20.0,-20.0,-20.0,0.0,0.0,20.0,0.0,0.0
22.974250316619873,0.14448750000000002,0.100875,-0.30698000000000003,95.0,20,1,-20.0,-20.0,-20.0,0.0,0.0,20.0,0.0,0.0
23.092247486114502,0.14472500000000002,0.10160000000000002,-0.30711,95.0,20,0,-20.0,-20.0,-20.0,0.0,0.0,20.0,0.0,0.0
23.172239542007446,0.144925,0.10226249999999999,-0.30722000000000005,95.0,20,0,-20.0,-20.0,-20.0,0.0,0.0,20.0,0.0,0.0
23.267239093780518,0.145125,0.102875,-0.3073225,95.0,20,1,-20.0,-20.0,-20.0,0.0,0.0,20.0,0.0,0.0
23.348251581192017,0.14532499999999998,0.1035625,-0.30744,95.0,20,0,-20.0,-20.0,-20.0,0.0,0.0,20.0,0.0,0.0
23.429240942001343,0.1455125,0.10416250000000002,-0.307535,95.0,20,1,-20.0,-20.0,-20.0,0.0,0.0,20.0,0.0,0.0
23.507249116897583,0.1457,0.1048125,-0.3076375,95.0,20,1,-20.0,-20.0,-20.0,0.0,0.0,20.0,0.0,0.0
23.588248014450073,0.1458625,0.10541250000000002,-0.30772750000000004,95.0,20,1,-20.0,-20.0,-20.0,0.0,0.0,20.0,0.0,0.0
23.66324281692505,0.14603750000000001,0.10605,-0.30783,95.0,20,0,-20.0,-20.0,-20.0,0.0,0.0,20.0,0.0,0.0
23.744241952896118,0.146175,0.10661250000000001,-0.307905,95.0,20,1,-20.0,-20.0,-20.0,0.0,0.0,20.0,0.0,0.0
23.84225058555603,0.14635000000000004,0.10725,-0.308,95.0,20,0,-20.0,-20.0,-20.0,0.0,0.0,20.0,0.0,0.0
23.92224097251892,0.14648750000000002,0.10782499999999999,-0.30807999999999996,95.0,20,0,-20.0,-20.0,-20.0,0.0,0.0,20.0,0.0,0.0
24.004242181777954,0.146625,0.10841250000000002,-0.30815,95.0,20,0,-20.0,-20.0,-20.0,0.0,0.0,20.0,0.0,0.0
24.08324646949768,0.146775,0.10897500000000002,-0.30823,95.0,20,0,-20.0,-20.0,-20.0,0.0,0.0,20.0,0.0,0.0
24.197240352630615,0.14689999999999998,0.10953750000000002,-0.3083,95.0,20,0,-20.0,-20.0,-20.0,0.0,0.0,20.0,0.0,0.0
24.29025149345398,0.147025,0.11010000000000002,-0.30837,95.0,20,0,-20.0,-20.0,-20.0,0.0,0.0,20.0,0.0,0.0
24.37424087524414,0.14713749999999998,0.11063749999999999,-0.30843,95.0,20,0,-20.0,-20.0,-20.0,0.0,0.0,20.0,0.0,0.0
24.454249620437622,0.14725,0.11117500000000001,-0.30849,95.0,20,0,-20.0,-20.0,-20.0,0.0,0.0,20.0,0.0,0.0
24.535260677337646,0.1473625,0.11171249999999998,-0.30855,95.0,20,0,-20.0,-20.0,-20.0,0.0,0.0,20.0,0.0,0.0
24.616244316101074,0.14747500000000002,0.11223750000000002,-0.30861,95.0,20,0,-20.0,-20.0,-20.0,0.0,0.0,20.0,0.0,0.0
24.708240032196045,0.14757499999999998,0.11276249999999999,-0.30867,95.0,20,0,-20.0,-20.0,-20.0,0.0,0.0,20.0,0.0,0.0
24.789241552352905,0.147675,0.11327499999999997,-0.30872000000000005,95.0,20,0,-20.0,-20.0,-20.0,0.0,0.0,20.0,0.0,0.0
24.869245529174805,0.1477625,0.11377499999999997,-0.30877,95.0,20,0,-20.0,-20.0,-20.0,0.0,0.0,20.0,0.0,0.0
24.95023798942566,0.14785,0.11426249999999999,-0.30882,95.0,20,0,-20.0,-20.0,-20.0,0.0,0.0,20.0,0.0,0.0
25.044291496276855,0.1479375,0.11475,-0.30887,95.0,20,0,-20.0,-20.0,-20.0,0.0,0.0,20.0,0.0,0.0
25.126242637634277,0.148025,0.1152375,-0.30891,95.0,20,0,-20.0,-20.0,-20.0,0.0,0.0,20.0,0.0,0.0
25.229248046875,0.1481,0.11571249999999998,-0.30895999999999996,95.0,20,0,-20.0,-20.0,-20.0,0.0,0.0,20.0,0.0,0.0
25.336241960525513,0.148175,0.11617500000000001,-0.309,95.0,20,0,-20.0,-20.0,-20.0,0.0,0.0,20.0,0.0,0.0
25.4312424659729,0.14825,0.11664999999999998,-0.30904000000000004,95.0,20,0,-20.0,-20.0,-20.0,0.0,0.0,20.0,0.0,0.0
25.524240732192993,0.14832499999999998,0.11710000000000002,-0.30907999999999997,95.0,20,0,-20.0,-20.0,-20.0,0.0,0.0,20.0,0.0,0.0
25.618268489837646,0.14838749999999998,0.11755000000000002,-0.30911,95.0,20,0,-20.0,-20.0,-20.0,0.0,0.0,20.0,0.0,0.0
25.69924259185791,0.14845,0.118,-0.30915,95.0,20,0,-20.0,-20.0,-20.0,0.0,0.0,20.0,0.0,0.0
25.779237270355225,0.1485125,0.1184375,-0.30918,95.0,20,0,-20.0,-20.0,-20.0,0.0,0.0,20.0,0.0,0.0
25.855258464813232,0.14857499999999998,0.118875,-0.30922000000000005,95.0,20,0,-20.0,-20.0,-20.0,0.0,0.0,20.0,0.0,0.0
25.9362473487854,0.148625,0.11930000000000002,-0.30925,95.0,20,0,-20.0,-20.0,-20.0,0.0,0.0,20.0,0.0,0.0
26.01624846458435,0.148675,0.11972500000000003,-0.30928,95.0,20,0,-20.0,-20.0,-20.0,0.0,0.0,20.0,0.0,0.0
26.0982449054718,0.14873750000000002,0.120125,-0.30931000000000003,95.0,20,0,-20.0,-20.0,-20.0,0.0,0.0,20.0,0.0,0.0
26.178268671035767,0.14878750000000002,0.12053750000000002,-0.30933,95.0,20,0,-20.0,-20.0,-20.0,0.0,0.0,20.0,0.0,0.0
26.260241746902466,0.14883749999999998,0.1209375,-0.30936,95.0,20,0,-20.0,-20.0,-20.0,0.0,0.0,20.0,0.0,0.0
26.367252588272095,0.148875,0.12133749999999997,-0.30939,95.0,20,0,-20.0,-20.0,-20.0,0.0,0.0,20.0,0.0,0.0
26.465242862701416,0.148925,0.12172500000000003,-0.30941,95.0,20,0,-20.0,-20.0,-20.0,0.0,0.0,20.0,0.0,0.0
26.545772075653076,0.14897500000000002,0.122125,-0.30943,95.0,20,0,-20.0,-20.0,-20.0,0.0,0.0,20.0,0.0,0.0
26.628774404525757,0.1490125,0.1225,-0.30945999999999996,95.0,20,0,-20.0,-20.0,-20.0,0.0,0.0,20.0,0.0,0.0
26.725783109664917,0.14905000000000002,0.122875,-0.30948000000000003,95.0,20,0,-20.0,-20.0,-20.0,0.0,0.0,20.0,0.0,0.0
26.805771350860596,0.14908749999999998,0.12325,-0.3095,95.0,20,0,-20.0,-20.0,-20.0,0.0,0.0,20.0,0.0,0.0
26.902777671813965,0.149125,0.123625,-0.30951999999999996,95.0,20,0,-20.0,-20.0,-20.0,0.0,0.0,20.0,0.0,0.0
26.99977135658264,0.14916250000000003,0.12397500000000003,-0.30954000000000004,95.0,20,0,-20.0,-20.0,-20.0,0.0,0.0,20.0,0.0,0.0
27.07877254486084,0.1491875,0.12433749999999998,-0.30956,95.0,20,0,-20.0,-20.0,-20.0,0.0,0.0,20.0,0.0,0.0
27.17677116394043,0.14922500000000002,0.1246875,-0.30957999999999997,95.0,20,0,-20.0,-20.0,-20.0,0.0,0.0,20.0,0.0,0.0
27.259774923324585,0.1492625,0.12502499999999997,-0.30959,95.0,20,0,-20.0,-20.0,-20.0,0.0,0.0,20.0,0.0,0.0
27.36577296257019,0.14928750000000002,0.125375,-0.30961,95.0,20,0,-20.0,-20.0,-20.0,0.0,0.0,20.0,0.0,0.0
27.457769870758057,0.1493125,0.12571249999999998,-0.30962,95.0,20,0,-20.0,-20.0,-20.0,0.0,0.0,20.0,0.0,0.0
27.538784742355347,0.14933749999999998,0.12605000000000002,-0.30963999999999997,95.0,20,0,-20.0,-20.0,-20.0,0.0,0.0,20.0,0.0,0.0
27.616801977157593,0.149375,0.126375,-0.30965,95.0,20,0,-20.0,-20.0,-20.0,0.0,0.0,20.0,0.0,0.0
27.69577145576477,0.14938749999999998,0.12669999999999998,-0.30967,95.0,20,0,-20.0,-20.0,-20.0,0.0,0.0,20.0,0.0,0.0
27.77577829360962,0.149425,0.12702499999999997,-0.30968,95.0,20,0,-20.0,-20.0,-20.0,0.0,0.0,20.0,0.0,0.0
27.870771169662476,0.1494375,0.127325,-0.30969,95.0,20,0,-20.0,-20.0,-20.0,0.0,0.0,20.0,0.0,0.0
27.966782569885254,0.14946249999999997,0.1276375,-0.30971,95.0,20,0,-20.0,-20.0,-20.0,0.0,0.0,20.0,0.0,0.0
28.06177020072937,0.14948750000000002,0.12794999999999998,-0.30972000000000005,95.0,20,0,-20.0,-20.0,-20.0,0.0,0.0,20.0,0.0,0.0
28.14477777481079,0.1495125,0.12825,-0.30973,95.0,20,0,-20.0,-20.0,-20.0,0.0,0.0,20.0,0.0,0.0
28.236769676208496,0.14952499999999996,0.12855,-0.30974,95.0,20,0,-20.0,-20.0,-20.0,0.0,0.0,20.0,0.0,0.0
28.31530523300171,0.14953750000000002,0.12883749999999997,-0.30975,95.0,20,0,-20.0,-20.0,-20.0,0.0,0.0,20.0,0.0,0.0
28.411309003829956,0.1495625,0.129125,-0.30976,95.0,20,0,-20.0,-20.0,-20.0,0.0,0.0,20.0,0.0,0.0
28.51230216026306,0.14957499999999999,0.129425,-0.30977,95.0,20,0,-20.0,-20.0,-20.0,0.0,0.0,20.0,0.0,0.0
28.594303131103516,0.1496,0.12969999999999998,-0.30978,95.0,20,0,-20.0,-20.0,-20.0,0.0,0.0,20.0,0.0,0.0
28.67533040046692,0.1496125,0.12997500000000003,-0.30979,95.0,20,0,-20.0,-20.0,-20.0,0.0,0.0,20.0,0.0,0.0
28.751302480697632,0.149625,0.13025,-0.3098,95.0,20,0,-20.0,-20.0,-20.0,0.0,0.0,20.0,0.0,0.0
28.82930564880371,0.14963749999999998,0.13052499999999997,-0.3098,95.0,20,0,-20.0,-20.0,-20.0,0.0,0.0,20.0,0.0,0.0
28.927313089370728,0.14966250000000003,0.13078750000000003,-0.30981000000000003,95.0,20,0,-20.0,-20.0,-20.0,0.0,0.0,20.0,0.0,0.0
29.008324146270752,0.149675,0.13105,-0.30982,95.0,20,0,-20.0,-20.0,-20.0,0.0,0.0,20.0,0.0,0.0
29.10130286216736,0.149675,0.1313125,-0.30983,95.0,20,0,-20.0,-20.0,-20.0,0.0,0.0,20.0,0.0,0.0
29.181318044662476,0.1497,0.131575,-0.30983,95.0,20,0,-20.0,-20.0,-20.0,0.0,0.0,20.0,0.0,0.0
29.279306173324585,0.14971249999999997,0.131825,-0.30983999999999995,95.0,20,0,-20.0,-20.0,-20.0,0.0,0.0,20.0,0.0,0.0
29.361310958862305,0.14972500000000002,0.132075,-0.30985,95.0,20,0,-20.0,-20.0,-20.0,0.0,0.0,20.0,0.0,0.0
29.44330906867981,0.14972500000000002,0.132325,-0.30985,95.0,20,0,-20.0,-20.0,-20.0,0.0,0.0,20.0,0.0,0.0
29.524309396743774,0.14973750000000002,0.1325625,-0.30986,95.0,20,0,-20.0,-20.0,-20.0,0.0,0.0,20.0,0.0,0.0
29.6283061504364,0.14975,0.1328,-0.30986,95.0,20,0,-20.0,-20.0,-20.0,0.0,0.0,20.0,0.0,0.0
29.725301265716553,0.1497625,0.13302499999999998,-0.30987,95.0,20,0,-20.0,-20.0,-20.0,0.0,0.0,20.0,0.0,0.0
29.8193142414093,0.14977499999999996,0.13327499999999998,-0.30988,95.0,20,0,-20.0,-20.0,-20.0,0.0,0.0,20.0,0.0,0.0
29.90031123161316,0.14977499999999996,0.1334875,-0.30988,95.0,20,0,-20.0,-20.0,-20.0,0.0,0.0,20.0,0.0,0.0
29.996307134628296,0.14978750000000002,0.133725,-0.30988,95.0,20,0,-20.0,-20.0,-20.0,0.0,0.0,20.0,0.0,0.0
30.075302362442017,0.14980000000000002,0.1339375,-0.30989,95.0,20,0,-20.0,-20.0,-20.0,0.0,0.0,20.0,0.0,0.0
30.172305583953857,0.1498125,0.13416250000000002,-0.30989,95.0,20,0,-20.0,-20.0,-20.0,0.0,0.0,20.0,0.0,0.0
30.253304719924927,0.1498125,0.134375,-0.30989999999999995,95.0,20,0,-20.0,-20.0,-20.0,0.0,0.0,20.0,0.0,0.0
30.335312604904175,0.14982499999999999,0.13458749999999997,-0.30989999999999995,95.0,20,0,-20.0,-20.0,-20.0,0.0,0.0,20.0,0.0,0.0
30.42830538749695,0.14982499999999999,0.1348125,-0.30991,95.0,20,0,-20.0,-20.0,-20.0,0.0,0.0,20.0,0.0,0.0
30.52630639076233,0.14983749999999998,0.13501249999999998,-0.30991,95.0,20,0,-20.0,-20.0,-20.0,0.0,0.0,20.0,0.0,0.0
30.631305694580078,0.14983749999999998,0.135225,-0.30991,95.0,20,0,-20.0,-20.0,-20.0,0.0,0.0,20.0,0.0,0.0
30.72134256362915,0.14985,0.13542500000000002,-0.30992000000000003,95.0,20,0,-20.0,-20.0,-20.0,0.0,0.0,20.0,0.0,0.0
30.818304300308228,0.1498625,0.135625,-0.30992000000000003,95.0,20,0,-20.0,-20.0,-20.0,0.0,0.0,20.0,0.0,0.0
30.900331258773804,0.1498625,0.135825,-0.30992000000000003,95.0,20,0,-20.0,-20.0,-20.0,0.0,0.0,20.0,0.0,0.0
30.98132610321045,0.149875,0.13601249999999998,-0.30993,95.0,20,0,-20.0,-20.0,-20.0,0.0,0.0,20.0,0.0,0.0
31.064303874969482,0.149875,0.1362,-0.30993,95.0,20,0,-20.0,-20.0,-20.0,0.0,0.0,20.0,0.0,0.0
31.14431118965149,0.149875,0.1363875,-0.30993,95.0,20,0,-20.0,-20.0,-20.0,0.0,0.0,20.0,0.0,0.0
31.24230456352234,0.149875,0.136575,-0.30994,95.0,20,0,-20.0,-20.0,-20.0,0.0,0.0,20.0,0.0,0.0
31.323304176330566,0.14988749999999998,0.13676249999999998,-0.30994,95.0,20,0,-20.0,-20.0,-20.0,0.0,0.0,20.0,0.0,0.0
31.40430474281311,0.14988749999999998,0.1369375,-0.30994,95.0,20,0,-20.0,-20.0,-20.0,0.0,0.0,20.0,0.0,0.0
31.502309560775757,0.14989999999999998,0.137125,-0.30994,95.0,20,0,-20.0,-20.0,-20.0,0.0,0.0,20.0,0.0,0.0
31.582595586776733,0.14989999999999998,0.1373,-0.30994,95.0,20,0,-20.0,-20.0,-20.0,0.0,0.0,20.0,0.0,0.0
31.66558599472046,0.14989999999999998,0.137475,-0.30995,95.0,20,0,-20.0,-20.0,-20.0,0.0,0.0,20.0,0.0,0.0
31.776583671569824,0.14991250000000003,0.13764999999999997,-0.30995,95.0,20,0,-20.0,-20.0,-20.0,0.0,0.0,20.0,0.0,0.0
31.872588396072388,0.14991250000000003,0.13782499999999998,-0.30995,95.0,20,0,-20.0,-20.0,-20.0,0.0,0.0,20.0,0.0,0.0
31.952584266662598,0.14991250000000003,0.13797500000000001,-0.30995,95.0,20,0,-20.0,-20.0,-20.0,0.0,0.0,20.0,0.0,0.0
32.0325870513916,0.149925,0.13814999999999997,-0.30995999999999996,95.0,20,0,-20.0,-20.0,-20.0,0.0,0.0,20.0,0.0,0.0
32.128584146499634,0.149925,0.1383125,-0.30995999999999996,95.0,20,0,-20.0,-20.0,-20.0,0.0,0.0,20.0,0.0,0.0
32.22458529472351,0.149925,0.13847500000000001,-0.30995999999999996,95.0,20,0,-20.0,-20.0,-20.0,0.0,0.0,20.0,0.0,0.0
32.32058548927307,0.149925,0.138625,-0.30995999999999996,95.0,20,0,-20.0,-20.0,-20.0,0.0,0.0,20.0,0.0,0.0
32.41558623313904,0.149925,0.13877499999999998,-0.30995999999999996,95.0,20,0,-20.0,-20.0,-20.0,0.0,0.0,20.0,0.0,0.0
32.49458384513855,0.149925,0.1389375,-0.30995999999999996,95.0,20,0,-20.0,-20.0,-20.0,0.0,0.0,20.0,0.0,0.0
32.59158372879028,0.1499375,0.13908749999999998,-0.30995999999999996,95.0,20,0,-20.0,-20.0,-20.0,0.0,0.0,20.0,0.0,0.0
32.66758370399475,0.1499375,0.13923750000000001,-0.30997,95.0,20,0,-20.0,-20.0,-20.0,0.0,0.0,20.0,0.0,0.0
32.76558971405029,0.1499375,0.1393875,-0.30997,95.0,20,0,-20.0,-20.0,-20.0,0.0,0.0,20.0,0.0,0.0
32.87759780883789,0.1499375,0.13952499999999998,-0.30997,95.0,20,0,-20.0,-20.0,-20.0,0.0,0.0,20.0,0.0,0.0
32.95858550071716,0.14995,0.13967500000000002,-0.30997,95.0,20,0,-20.0,-20.0,-20.0,0.0,0.0,20.0,0.0,0.0
33.038588762283325,0.14995,0.13982499999999998,-0.30997,95.0,20,0,-20.0,-20.0,-20.0,0.0,0.0,20.0,0.0,0.0
33.117586612701416,0.14995,0.1399625,-0.30997,95.0,20,0,-20.0,-20.0,-20.0,0.0,0.0,20.0,0.0,0.0
33.21460700035095,0.14995,0.14008749999999998,-0.30997,95.0,20,0,-20.0,-20.0,-20.0,0.0,0.0,20.0,0.0,0.0
33.291585206985474,0.14995,0.14022500000000002,-0.30997,95.0,20,0,-20.0,-20.0,-20.0,0.0,0.0,20.0,0.0,0.0
33.37258291244507,0.14996249999999997,0.1403625,-0.30998000000000003,95.0,20,0,-20.0,-20.0,-20.0,0.0,0.0,20.0,0.0,0.0
33.468584299087524,0.14996249999999997,0.14048750000000002,-0.30998000000000003,95.0,20,0,-20.0,-20.0,-20.0,0.0,0.0,20.0,0.0,0.0
33.56659460067749,0.14996249999999997,0.140625,-0.30998000000000003,95.0,20,0,-20.0,-20.0,-20.0,0.0,0.0,20.0,0.0,0.0
33.6475830078125,0.14996249999999997,0.14075,-0.30998000000000003,95.0,20,0,-20.0,-20.0,-20.0,0.0,0.0,20.0,0.0,0.0
33.79358458518982,0.14996249999999997,0.140875,-0.30998000000000003,79.74715042114258,20,0,-20.0,-20.0,-20.0,0.0,0.0,9.351501,10.648499,0.0
33.94058418273926,0.14996249999999997,0.141,-0.30998000000000003,66.35211181640625,20,0,-20.0,-20.0,-20.0,0.0,0.0,0.0,20.0,0.0
34.050599575042725,0.14997500000000002,0.141125,-0.30998000000000003,66.35211181640625,20,0,-20.0,-20.0,-20.0,0.0,0.0,0.0,20.0,0.0
34.13259172439575,0.14997500000000002,0.14125,-0.30998000000000003,66.35211181640625,20,0,-20.0,-20.0,-20.0,0.0,0.0,0.0,20.0,0.0
34.212584257125854,0.14997500000000002,0.141375,-0.30998000000000003,66.35211181640625,20,0,-20.0,-20.0,-20.0,0.0,0.0,0.0,20.0,0.0
34.30959177017212,0.14997500000000002,0.14148750000000002,-0.30998000000000003,66.35211181640625,20,0,-20.0,-20.0,-20.0,0.0,0.0,0.0,20.0,0.0
34.38558506965637,0.14997500000000002,0.14160000000000003,-0.30998000000000003,66.35211181640625,20,0,-20.0,-20.0,-20.0,0.0,0.0,0.0,20.0,0.0
34.48258328437805,0.14997500000000002,0.14172500000000002,-0.30998000000000003,66.35211181640625,20,0,-20.0,-20.0,-20.0,0.0,0.0,0.0,20.0,0.0
34.56161093711853,0.14997500000000002,0.14182499999999998,-0.30999,66.35211181640625,20,0,-20.0,-20.0,-20.0,0.0,0.0,0.0,20.0,0.0
34.639583110809326,0.14997500000000002,0.1419375,-0.30999,66.35211181640625,20,0,-20.0,-20.0,-20.0,0.0,0.0,0.0,20.0,0.0
34.73458647727966,0.14997500000000002,0.14205,-0.30999,66.35211181640625,0,0,-20.0,-20.0,-20.0,0.0,0.0,0.0,20.0,0.0
34.831584215164185,0.14997500000000002,0.14216250000000002,-0.30999,66.35211181640625,0,0,0.0,0.0,0.0,-20.0,-20.0,-20.0,0.0,20.0
34.91459012031555,0.14997500000000002,0.14217500000000002,-0.30973,66.35211181640625,0,1,0.0,0.0,0.0,-20.0,-20.0,-20.0,0.0,20.0
35.0345823764801,0.14997500000000002,0.1422,-0.30877499999999997,66.35211181640625,0,2,0.0,0.0,0.0,-20.0,-20.0,-20.0,0.0,20.0
35.136590003967285,0.14997500000000002,0.14225,-0.306705,66.35211181640625,0,3,0.0,0.0,0.0,-20.0,-20.0,0.0,-20.0,20.0
35.23358511924744,0.14997500000000002,0.14227499999999998,-0.3060075,66.35211181640625,0,4,0.0,0.0,0.0,-20.0,-20.0,0.0,-20.0,20.0
35.3305881023407,0.14997500000000002,0.1422875,-0.305525,66.35211181640625,0,4,0.0,0.0,0.0,-20.0,-20.0,0.0,-20.0,20.0
35.42858338356018,0.14997500000000002,0.14232499999999998,-0.304115,66.35211181640625,0,5,0.0,0.0,0.0,-20.0,-20.0,0.0,-20.0,20.0
35.526583433151245,0.14997500000000002,0.1423875,-0.30174,66.35211181640625,0,5,0.0,0.0,0.0,-20.0,-20.0,0.0,-20.0,20.0
35.62660479545593,0.14997500000000002,0.14246249999999996,-0.29873,66.35211181640625,0,6,0.0,0.0,0.0,-20.0,-20.0,0.0,-20.0,20.0
35.722583293914795,0.14997500000000002,0.1425625,-0.29553500000000005,66.35211181640625,0,6,0.0,0.0,0.0,-20.0,-20.0,0.0,-20.0,20.0
35.8215868473053,0.14997500000000002,0.14264999999999997,-0.29255000000000003,66.35211181640625,0,6,0.0,0.0,0.0,-20.0,-20.0,0.0,-20.0,20.0
35.91958522796631,0.14997500000000002,0.14275,-0.289505,66.35211181640625,0,6,0.0,0.0,0.0,-20.0,-20.0,0.0,-20.0,20.0
36.017585039138794,0.14997500000000002,0.14285000000000003,-0.28641,66.35211181640625,0,6,0.0,0.0,0.0,-20.0,-20.0,0.0,-20.0,20.0
36.116589069366455,0.14997500000000002,0.14295,-0.28301,66.35211181640625,0,6,0.0,0.0,0.0,-20.0,-20.0,0.0,-20.0,20.0
36.25558614730835,0.14997500000000002,0.1430625,-0.279775,66.35211181640625,0,6,0.0,0.0,0.0,-20.0,-20.0,0.0,-20.0,20.0
36.35758447647095,0.14997500000000002,0.1432,-0.27594,66.35211181640625,0,5,0.0,0.0,0.0,-20.0,-20.0,0.0,-20.0,20.0
36.45758628845215,0.14997500000000002,0.1432875,-0.273275,66.35211181640625,0,5,0.0,0.0,0.0,-20.0,-20.0,0.0,-20.0,20.0
36.55660891532898,0.14998750000000002,0.1433875,-0.27061,66.35211181640625,0,5,0.0,0.0,0.0,-20.0,-20.0,0.0,-20.0,20.0
36.65458846092224,0.14998750000000002,0.14347500000000002,-0.26799,66.35211181640625,0,5,0.0,0.0,0.0,-20.0,-20.0,0.0,-20.0,20.0
36.754597187042236,0.14998750000000002,0.14357499999999998,-0.265495,66.35211181640625,0,5,0.0,0.0,0.0,-20.0,-20.0,0.0,-20.0,20.0
36.85258746147156,0.14998750000000002,0.14367500000000002,-0.26298,66.35211181640625,0,5,0.0,0.0,0.0,-20.0,-20.0,0.0,-20.0,20.0
36.951587438583374,0.14998750000000002,0.143775,-0.260575,66.35211181640625,0,5,0.0,0.0,0.0,-20.0,-20.0,0.0,-20.0,20.0
37.04858756065369,0.14998750000000002,0.1438625,-0.25841,66.35211181640625,0,5,0.0,0.0,0.0,-20.0,-20.0,0.0,-20.0,20.0
37.14758896827698,0.14998750000000002,0.14396249999999997,-0.256295,66.35211181640625,0,5,0.0,0.0,0.0,-20.0,-20.0,0.0,-20.0,20.0
37.24558782577515,0.14998750000000002,0.14405,-0.2542275,66.35211181640625,0,5,0.0,0.0,0.0,-20.0,-20.0,0.0,-20.0,20.0
37.3845899105072,0.14998750000000002,0.14414999999999997,-0.251915,66.35211181640625,0,4,0.0,0.0,0.0,-20.0,-20.0,0.0,-20.0,20.0
37.48759937286377,0.14998750000000002,0.144275,-0.24930750000000002,66.35211181640625,0,4,0.0,0.0,0.0,-20.0,-20.0,0.0,-20.0,20.0
37.58558440208435,0.14998750000000002,0.144375,-0.247425,66.35211181640625,0,3,0.0,0.0,0.0,-20.0,-20.0,0.0,-20.0,20.0
37.68458271026611,0.14998750000000002,0.14447500000000002,-0.24558499999999997,66.35211181640625,0,3,0.0,0.0,0.0,-20.0,-20.0,0.0,-20.0,20.0
37.78160262107849,0.14998750000000002,0.14457499999999998,-0.24370999999999998,66.35211181640625,0,3,0.0,0.0,0.0,-20.0,-20.0,0.0,-20.0,20.0
37.866589069366455,0.14998750000000002,0.144675,-0.24197,66.35211181640625,0,3,0.0,0.0,0.0,-20.0,-20.0,0.0,-20.0,20.0
37.96060919761658,0.14998750000000002,0.1447625,-0.2405025,66.35211181640625,0,2,0.0,0.0,0.0,-20.0,-20.0,0.0,-20.0,20.0
38.05758738517761,0.14998750000000002,0.14485000000000003,-0.2388825,66.35211181640625,0,2,0.0,0.0,0.0,-20.0,-20.0,0.0,-20.0,20.0
38.15258264541626,0.14998750000000002,0.14495,-0.2372425,66.35211181640625,0,2,0.0,0.0,0.0,-20.0,-20.0,0.0,-20.0,20.0
38.24958896636963,0.14998750000000002,0.1450125,-0.2361925,66.35211181640625,0,2,20.0,0.0,0.0,-20.0,0.0,-20.0,-20.0,0.0
38.34758377075195,0.14998750000000002,0.1450375,-0.2358475,66.35211181640625,0,2,20.0,0.0,0.0,-20.0,0.0,-20.0,-20.0,0.0
38.46958565711975,0.149925,0.14507499999999998,-0.23485250000000002,66.35211181640625,0,2,20.0,0.0,0.0,-20.0,0.0,-20.0,-20.0,0.0
38.57858324050903,0.14822500000000002,0.1445125,-0.2321925,66.35211181640625,0,3,20.0,0.0,0.0,-20.0,0.0,-20.0,-20.0,0.0
38.6775906085968,0.1463,0.143875,-0.2291875,66.35211181640625,0,4,20.0,0.0,0.0,-20.0,0.0,-20.0,-20.0,0.0
38.777655839920044,0.14410000000000003,0.14314999999999997,-0.2257425,66.35211181640625,0,5,20.0,0.0,0.0,-20.0,0.0,-20.0,-20.0,0.0
38.87564420700073,0.1418875,0.14239999999999997,-0.222265,66.35211181640625,0,5,20.0,0.0,0.0,-20.0,0.0,-20.0,-20.0,0.0
38.97464847564697,0.1397125,0.14166250000000002,-0.21886000000000003,66.35211181640625,0,6,20.0,0.0,0.0,-20.0,0.0,-20.0,-20.0,0.0
39.06967639923096,0.13751249999999998,0.14089999999999997,-0.21541500000000002,66.35211181640625,0,6,20.0,0.0,0.0,-20.0,0.0,-20.0,-20.0,0.0
39.168657064437866,0.13541250000000002,0.14017500000000002,-0.21212,66.35211181640625,0,7,20.0,0.0,0.0,-20.0,0.0,-20.0,-20.0,0.0
39.26764798164368,0.13321249999999998,0.13939999999999997,-0.20865,66.35211181640625,0,8,20.0,0.0,0.0,-20.0,0.0,-20.0,-20.0,0.0
39.36564898490906,0.131,0.1386125,-0.205185,66.35211181640625,0,8,20.0,0.0,0.0,-20.0,0.0,-20.0,-20.0,0.0
39.46564531326294,0.1288125,0.13782499999999998,-0.201775,66.35211181640625,0,9,20.0,0.0,0.0,-20.0,0.0,-20.0,-20.0,0.0
39.59965372085571,0.12660000000000002,0.13701249999999998,-0.1983,66.35211181640625,0,9,20.0,0.0,0.0,-20.0,0.0,-20.0,-20.0,0.0
39.68664860725403,0.1233125,0.1358,-0.19317,66.35211181640625,0,10,20.0,0.0,0.0,-20.0,0.0,-20.0,-20.0,0.0
39.78564167022705,0.12166250000000002,0.1351875,-0.19058499999999998,66.35211181640625,0,9,20.0,0.0,0.0,-20.0,0.0,-20.0,-20.0,0.0
39.85964798927307,0.11947500000000003,0.13436250000000002,-0.187155,66.35211181640625,0,10,20.0,0.0,0.0,-20.0,0.0,-20.0,-20.0,0.0
39.93364715576172,0.11783749999999998,0.1337375,-0.18456999999999998,66.35211181640625,0,10,20.0,0.0,0.0,-20.0,0.0,-20.0,-20.0,0.0
40.031646728515625,0.1161875,0.13310000000000002,-0.18199500000000002,66.35211181640625,0,9,20.0,0.0,0.0,-20.0,0.0,-20.0,-20.0,0.0
40.10566234588623,0.11401249999999999,0.13225,-0.178595,66.35211181640625,0,10,20.0,0.0,0.0,-20.0,0.0,-20.0,-20.0,0.0
40.20264530181885,0.112375,0.13160000000000002,-0.17602500000000001,66.35211181640625,0,9,20.0,0.0,0.0,-20.0,0.0,-20.0,-20.0,0.0
40.276660442352295,0.11021249999999998,0.1307375,-0.17263499999999998,66.35211181640625,0,10,20.0,0.0,0.0,-20.0,0.0,-20.0,-20.0,0.0
40.35065221786499,0.10855000000000001,0.130075,-0.170035,66.35211181640625,0,10,20.0,0.0,0.0,-20.0,0.0,-20.0,-20.0,0.0
40.449652910232544,0.10689999999999998,0.1294,-0.16744499999999998,66.35211181640625,0,9,20.0,0.0,0.0,-20.0,0.0,-20.0,-20.0,0.0
40.52465009689331,0.10469999999999999,0.1285,-0.164,66.35211181640625,0,10,20.0,0.0,0.0,-20.0,0.0,-20.0,-20.0,0.0
40.619654417037964,0.10303750000000002,0.12780000000000002,-0.16138999999999998,66.35211181640625,0,9,20.0,0.0,0.0,-20.0,0.0,-20.0,-20.0,0.0
40.69466996192932,0.10091250000000002,0.12689999999999999,-0.158075,66.35211181640625,0,10,20.0,0.0,0.0,-20.0,0.0,-20.0,-20.0,0.0
40.82364559173584,0.09914999999999997,0.12614999999999998,-0.155315,66.35211181640625,0,9,20.0,0.0,0.0,-20.0,0.0,-20.0,-20.0,0.0
40.90364933013916,0.09622500000000002,0.12488749999999998,-0.15074,66.35211181640625,0,10,20.0,0.0,0.0,-20.0,0.0,-20.0,-20.0,0.0
41.000646352767944,0.09461250000000002,0.12417500000000001,-0.148215,66.35211181640625,0,9,20.0,0.0,0.0,-20.0,0.0,-20.0,-20.0,0.0
41.071650981903076,0.0924375,0.12319999999999999,-0.1448,66.35211181640625,0,10,20.0,0.0,0.0,-20.0,0.0,-20.0,-20.0,0.0
41.16864252090454,0.09086250000000001,0.12248750000000001,-0.14234,66.35211181640625,0,9,20.0,0.0,0.0,-20.0,0.0,-20.0,-20.0,0.0
41.24464726448059,0.08869999999999999,0.12148750000000001,-0.13894499999999999,66.35211181640625,0,10,20.0,0.0,0.0,-20.0,0.0,-20.0,-20.0,0.0
41.34265351295471,0.08702499999999998,0.12071249999999997,-0.136325,66.35211181640625,0,9,20.0,0.0,0.0,-20.0,0.0,-20.0,-20.0,0.0
41.413647174835205,0.08483749999999998,0.1196875,-0.132885,66.35211181640625,0,10,20.0,0.0,0.0,-20.0,0.0,-20.0,-20.0,0.0
41.51264667510986,0.08326249999999999,0.11892500000000002,-0.130425,66.35211181640625,0,9,20.0,0.0,0.0,-20.0,0.0,-20.0,-20.0,0.0
41.58564853668213,0.0810625,0.11783749999999998,-0.126965,66.35211181640625,0,10,20.0,0.0,0.0,-20.0,0.0,-20.0,-20.0,0.0
41.6586480140686,0.07944999999999999,0.11703750000000002,-0.12444,66.35211181640625,0,10,20.0,0.0,0.0,-20.0,0.0,-20.0,-20.0,0.0
41.75664710998535,0.07782499999999999,0.11623750000000001,-0.121905,66.35211181640625,0,9,20.0,0.0,0.0,-20.0,0.0,-20.0,-20.0,0.0
41.82864475250244,0.07564999999999998,0.11510000000000002,-0.11848500000000001,66.35211181640625,0,10,20.0,0.0,0.0,-20.0,0.0,-20.0,-20.0,0.0
41.90864634513855,0.07403750000000002,0.11425,-0.11597,66.35211181640625,0,10,20.0,0.0,0.0,-20.0,0.0,-20.0,-20.0,0.0
42.00564932823181,0.072,0.1131875,-0.112775,66.35211181640625,0,10,20.0,0.0,0.0,-20.0,0.0,-20.0,-20.0,0.0
42.077645778656006,0.07003750000000002,0.11216250000000003,-0.10969999999999999,66.35211181640625,0,10,20.0,0.0,0.0,-20.0,0.0,-20.0,-20.0,0.0
42.1756751537323,0.06851249999999999,0.11133749999999998,-0.10731,66.35211181640625,0,9,20.0,0.0,0.0,-20.0,0.0,-20.0,-20.0,0.0
42.24865221977234,0.06630000000000001,0.11010000000000002,-0.10385499999999999,66.35211181640625,0,10,20.0,0.0,0.0,-20.0,0.0,-20.0,-20.0,0.0
42.3196485042572,0.06467500000000001,0.1091875,-0.10131,66.35211181640625,0,10,20.0,0.0,0.0,-20.0,0.0,-20.0,-20.0,0.0
42.417659282684326,0.06311250000000002,0.10828750000000002,-0.09886000000000002,66.35211181640625,0,9,20.0,0.0,0.0,-20.0,0.0,-20.0,-20.0,0.0
42.48964715003967,0.06094999999999999,0.10698750000000001,-0.09546500000000001,66.35211181640625,0,10,20.0,0.0,0.0,-20.0,0.0,-20.0,-20.0,0.0
42.560646295547485,0.05935000000000002,0.10603750000000002,-0.09297,66.35211181640625,0,10,20.0,0.0,0.0,-20.0,0.0,-20.0,-20.0,0.0
42.631648540496826,0.05775,0.10507499999999999,-0.09047,66.35211181640625,0,10,20.0,0.0,0.0,-20.0,0.0,-20.0,-20.0,0.0
42.728644609451294,0.056162500000000025,0.10411250000000001,-0.087975,66.35211181640625,0,9,20.0,0.0,0.0,-20.0,0.0,-20.0,-20.0,0.0
42.798651456832886,0.054,0.10272500000000002,-0.08459,66.35211181640625,0,10,20.0,0.0,0.0,-20.0,0.0,-20.0,-20.0,0.0
42.87165570259094,0.05244999999999999,0.10173750000000001,-0.08216,66.35211181640625,0,10,20.0,0.0,0.0,-20.0,0.0,-20.0,-20.0,0.0
42.97064447402954,0.05082499999999999,0.10064999999999998,-0.079615,66.35211181640625,0,9,20.0,0.0,0.0,-20.0,0.0,-20.0,-20.0,0.0
43.04164409637451,0.04864999999999998,0.09916250000000003,-0.07619999999999999,66.35211181640625,0,10,20.0,0.0,0.0,-20.0,0.0,-20.0,-20.0,0.0
43.18166184425354,0.046899999999999976,0.09795,-0.073475,66.35211181640625,0,9,20.0,0.0,0.0,-20.0,0.0,-20.0,-20.0,0.0
43.278647899627686,0.04391250000000002,0.09580000000000001,-0.06878999999999999,66.35211181640625,0,9,20.0,0.0,0.0,-20.0,0.0,-20.0,-20.0,0.0
43.35065007209778,0.041787500000000026,0.09419999999999999,-0.06546,66.35211181640625,0,10,20.0,0.0,0.0,-20.0,0.0,-20.0,-20.0,0.0
43.45164513587952,0.04017500000000001,0.09296249999999998,-0.06291999999999999,66.35211181640625,0,9,20.0,0.0,0.0,-20.0,0.0,-20.0,-20.0,0.0
43.52464842796326,0.0379375,0.091175,-0.059430000000000004,66.35211181640625,0,10,20.0,0.0,0.0,-20.0,0.0,-20.0,-20.0,0.0
43.61964654922485,0.0363125,0.08983749999999997,-0.05688499999999999,66.35211181640625,0,9,20.0,0.0,0.0,-20.0,0.0,-20.0,-20.0,0.0
43.71665620803833,0.0341875,0.08803750000000002,-0.05356,66.35211181640625,0,9,20.0,0.0,0.0,-20.0,0.0,-20.0,-20.0,0.0
43.789658308029175,0.0320375,0.08608749999999998,-0.05017500000000001,66.35211181640625,0,10,20.0,0.0,0.0,-20.0,0.0,-20.0,-20.0,0.0
43.88964605331421,0.030412499999999995,0.08461250000000001,-0.04763,66.35211181640625,0,9,20.0,0.0,0.0,-20.0,0.0,-20.0,-20.0,0.0
43.96265268325806,0.0281875,0.08238749999999999,-0.044160000000000026,66.35211181640625,0,10,20.0,0.0,0.0,-20.0,0.0,-20.0,-20.0,0.0
44.0346565246582,0.0265625,0.08075,-0.041610000000000015,66.35211181640625,0,10,20.0,0.0,0.0,-20.0,0.0,-20.0,-20.0,0.0
44.1096453666687,0.024962500000000006,0.07914999999999997,-0.03911500000000001,66.35211181640625,0,10,20.0,0.0,0.0,-20.0,0.0,-20.0,-20.0,0.0
44.20866250991821,0.02330000000000001,0.07730000000000001,-0.0365,66.35211181640625,0,9,20.0,0.0,0.0,-20.0,0.0,-20.0,-20.0,0.0
44.350648403167725,0.02094999999999999,0.07455,-0.03281,66.35211181640625,0,9,20.0,0.0,0.0,-20.0,0.0,-20.0,-20.0,0.0
44.422646045684814,0.018849999999999995,0.07198750000000001,-0.029542500000000017,66.35211181640625,0,10,20.0,0.0,0.0,-20.0,0.0,-20.0,-20.0,0.0
44.52166676521301,0.0180625,0.0709375,-0.028305000000000007,66.35211181640625,0,9,20.0,0.0,0.0,-20.0,0.0,-20.0,-20.0,0.0
44.594677448272705,0.0166875,0.06908749999999998,-0.02614499999999998,66.35211181640625,0,10,20.0,0.0,0.0,-20.0,0.0,-20.0,-20.0,0.0
44.69265103340149,0.015800000000000012,0.06780000000000001,-0.02474000000000001,66.35211181640625,0,9,20.0,0.0,0.0,-20.0,0.0,-20.0,-20.0,0.0
44.7906539440155,0.014337500000000006,0.06563749999999999,-0.022464999999999975,66.35211181640625,0,8,20.0,0.0,0.0,-20.0,0.0,-20.0,-20.0,0.0
44.88964653015137,0.013199999999999988,0.06383749999999998,-0.020689999999999997,66.35211181640625,0,8,20.0,0.0,0.0,-20.0,0.0,-20.0,-20.0,0.0
44.9856481552124,0.011949999999999988,0.06172500000000002,-0.018727500000000022,66.35211181640625,0,8,20.0,0.0,0.0,-20.0,0.0,-20.0,-20.0,0.0
45.08164572715759,0.0110625,0.060149999999999974,-0.01733499999999998,66.35211181640625,0,8,20.0,0.0,0.0,-20.0,0.0,-20.0,-20.0,0.0
45.175655126571655,0.01030000000000001,0.05867500000000001,-0.016142499999999983,66.35211181640625,0,8,20.0,0.0,0.0,-20.0,0.0,-20.0,-20.0,0.0
45.27365207672119,0.009237500000000011,0.05658749999999998,-0.014475000000000023,66.35211181640625,0,8,20.0,0.0,0.0,-20.0,0.0,-20.0,-20.0,0.0
45.369643211364746,0.008449999999999989,0.054875,-0.013230000000000018,66.35211181640625,0,8,20.0,0.0,0.0,-20.0,0.0,-20.0,-20.0,0.0
45.49864482879639,0.007625,0.05301249999999999,-0.011932500000000004,66.35211181640625,0,8,20.0,0.0,0.0,-20.0,0.0,-20.0,-20.0,0.0
45.594645261764526,0.0068125,0.05105000000000001,-0.010675000000000011,66.35211181640625,0,6,0.0,20.0,0.0,0.0,-20.0,-20.0,-20.0,0.0
45.69064521789551,0.0061374999999999885,0.049287500000000026,-0.009622500000000003,66.35211181640625,0,4,0.0,20.0,0.0,0.0,-20.0,-20.0,-20.0,0.0
45.78465461730957,0.0055500000000000115,0.047625,-0.008692499999999995,66.35211181640625,0,3,0.0,20.0,0.0,0.0,-20.0,-20.0,-20.0,0.0
45.86164402961731,0.005012499999999988,0.04601249999999999,-0.007847500000000025,66.35211181640625,0,1,0.0,20.0,0.0,0.0,-20.0,-20.0,-20.0,0.0
45.95965051651001,0.004837500000000006,0.04547500000000002,-0.007582499999999982,66.35211181640625,0,1,0.0,20.0,0.0,0.0,-20.0,-20.0,-20.0,0.0
46.03865385055542,0.004637499999999989,0.04478750000000002,-0.007247500000000002,66.35211181640625,0,1,0.0,20.0,0.0,0.0,-20.0,-20.0,-20.0,0.0
46.134660720825195,0.004449999999999989,0.04423750000000001,-0.006987500000000011,66.35211181640625,0,1,0.0,20.0,0.0,0.0,-20.0,-20.0,-20.0,0.0
46.23264527320862,0.0042624999999999885,0.0435625,-0.006677500000000009,66.35211181640625,0,1,0.0,20.0,0.0,0.0,-20.0,-20.0,-20.0,0.0
46.31364941596985,0.004050000000000011,0.0428125,-0.006345000000000028,66.35211181640625,0,1,0.0,20.0,0.0,0.0,-20.0,-20.0,-20.0,0.0
46.394657135009766,0.003900000000000006,0.04225,-0.006097500000000025,66.35211181640625,0,1,0.0,20.0,0.0,0.0,-20.0,-20.0,-20.0,0.0
46.500648021698,0.003737500000000011,0.04164999999999998,-0.005842499999999973,66.35211181640625,0,1,0.0,20.0,0.0,0.0,-20.0,-20.0,-20.0,0.0
46.59764814376831,0.0035250000000000056,0.040824999999999986,-0.005504999999999995,66.35211181640625,0,1,0.0,20.0,0.0,0.0,-20.0,-20.0,-20.0,0.0
46.69264602661133,0.003400000000000006,0.04033749999999998,-0.0053125,66.35211181640625,0,1,0.0,20.0,0.0,0.0,-20.0,-20.0,-20.0,0.0
46.77464747428894,0.003237500000000011,0.03973750000000001,-0.005082499999999982,66.35211181640625,0,1,0.0,20.0,0.0,0.0,-20.0,-20.0,-20.0,0.0
46.86964726448059,0.003137499999999989,0.03927499999999998,-0.004912500000000023,66.35211181640625,0,1,0.0,20.0,0.0,0.0,-20.0,-20.0,-20.0,0.0
46.949645042419434,0.0029875000000000114,0.03863749999999999,-0.004682500000000004,66.35211181640625,0,1,0.0,20.0,0.0,0.0,-20.0,-20.0,-20.0,0.0
47.03066945075989,0.0028874999999999886,0.038212499999999976,-0.004527499999999975,66.35211181640625,0,1,0.0,20.0,0.0,0.0,-20.0,-20.0,-20.0,0.0
47.12764644622803,0.0027750000000000058,0.037649999999999975,-0.0043349999999999795,66.35211181640625,0,1,0.0,20.0,0.0,0.0,-20.0,-20.0,-20.0,0.0
47.22464632987976,0.002637499999999989,0.03703750000000002,-0.004129999999999996,66.35211181640625,0,0,0.0,20.0,0.0,0.0,-20.0,-20.0,-20.0,0.0
47.317649364471436,0.0025250000000000055,0.036524999999999974,-0.003959999999999979,66.35211181640625,0,0,0.0,20.0,0.0,0.0,-20.0,-20.0,-20.0,0.0
47.39664554595947,0.0024250000000000113,0.03602499999999998,-0.003810000000000002,66.35211181640625,0,0,0.0,20.0,0.0,0.0,-20.0,-20.0,-20.0,0.0
47.49464964866638,0.002337500000000006,0.03559999999999999,-0.0036725000000000134,66.35211181640625,0,1,0.0,20.0,0.0,0.0,-20.0,-20.0,-20.0,0.0
47.608646392822266,0.002237500000000011,0.03505000000000001,-0.003509999999999991,66.35211181640625,0,0,0.0,20.0,0.0,0.0,-20.0,-20.0,-20.0,0.0
47.71765422821045,0.0021500000000000056,0.03457499999999999,-0.0033700000000000045,66.35211181640625,0,0,0.0,20.0,0.0,0.0,-20.0,-20.0,-20.0,0.0
47.79567098617554,0.0020625,0.03408750000000001,-0.003230000000000018,66.35211181640625,0,0,0.0,20.0,0.0,0.0,-20.0,-20.0,-20.0,0.0
47.876654386520386,0.0019875000000000114,0.03366249999999999,-0.003110000000000014,66.35211181640625,0,1,0.0,20.0,0.0,0.0,-20.0,-20.0,-20.0,0.0
47.95269203186035,0.0019000000000000056,0.03317500000000001,-0.0029800000000000182,66.35211181640625,0,0,0.0,20.0,0.0,0.0,-20.0,-20.0,-20.0,0.0
48.033700942993164,0.0018375000000000056,0.03275,-0.0028700000000000045,66.35211181640625,0,1,0.0,20.0,0.0,0.0,-20.0,-20.0,-20.0,0.0
48.11370515823364,0.00175,0.032262499999999986,-0.00275,66.35211181640625,0,0,0.0,20.0,0.0,0.0,-20.0,-20.0,-20.0,0.0
48.20769500732422,0.0016750000000000113,0.031824999999999985,-0.0026399999999999865,66.35211181640625,0,0,0.0,20.0,0.0,0.0,-20.0,-20.0,-20.0,0.0
48.306700229644775,0.001625,0.03138749999999999,-0.002529999999999973,66.35211181640625,0,0,0.0,20.0,0.0,0.0,-20.0,-20.0,-20.0,0.0
48.38469338417053,0.0015500000000000114,0.030962500000000007,-0.002430000000000007,66.35211181640625,0,0,0.0,20.0,0.0,0.0,-20.0,-20.0,-20.0,0.0
48.46569871902466,0.0014875000000000114,0.030525000000000007,-0.002329999999999984,66.35211181640625,0,0,0.0,20.0,0.0,0.0,-20.0,-20.0,-20.0,0.0
48.55970048904419,0.0014250000000000113,0.03011250000000001,-0.002240000000000009,66.35211181640625,0,0,0.0,20.0,0.0,0.0,-20.0,-20.0,-20.0,0.0
48.637696504592896,0.001375,0.02969999999999999,-0.0021499999999999774,66.35211181640625,0,0,0.0,20.0,0.0,0.0,-20.0,-20.0,-20.0,0.0
48.74769568443298,0.0013249999999999887,0.029287499999999994,-0.0020600000000000024,66.35211181640625,0,0,0.0,20.0,0.0,0.0,-20.0,-20.0,-20.0,0.0
48.84069085121155,0.0012624999999999887,0.02888749999999999,-0.001980000000000018,66.35211181640625,0,0,0.0,20.0,0.0,0.0,-20.0,-20.0,-20.0,0.0
48.921701431274414,0.0012125000000000057,0.0285,-0.0018999999999999772,66.35211181640625,0,0,0.0,20.0,0.0,0.0,-20.0,-20.0,-20.0,0.0
49.01869058609009,0.0011750000000000113,0.028112500000000012,-0.0018199999999999933,66.35211181640625,0,0,0.0,20.0,0.0,0.0,-20.0,-20.0,-20.0,0.0
49.098695278167725,0.001125,0.027724999999999993,-0.00175,66.35211181640625,0,0,0.0,20.0,0.0,0.0,-20.0,-20.0,-20.0,0.0
49.19773077964783,0.0010749999999999887,0.027337500000000004,-0.0016800000000000068,66.35211181640625,0,0,0.0,20.0,0.0,0.0,-20.0,-20.0,-20.0,0.0
49.27771806716919,0.0010250000000000057,0.026974999999999996,-0.0016100000000000135,66.35211181640625,0,0,0.0,20.0,0.0,0.0,-20.0,-20.0,-20.0,0.0
49.374691009521484,0.0009875000000000114,0.026599999999999995,-0.0015500000000000114,66.35211181640625,0,0,0.0,20.0,0.0,0.0,-20.0,-20.0,-20.0,0.0
49.45569324493408,0.0009499999999999886,0.026224999999999995,-0.0014900000000000091,66.35211181640625,0,0,0.0,20.0,0.0,0.0,-20.0,-20.0,-20.0,0.0
49.536691427230835,0.0009124999999999943,0.025875,-0.0014300000000000068,66.35211181640625,0,0,0.0,20.0,0.0,0.0,-20.0,-20.0,-20.0,0.0
49.61769652366638,0.000875,0.025525000000000006,-0.0013700000000000045,66.35211181640625,0,0,0.0,20.0,0.0,0.0,-20.0,-20.0,-20.0,0.0
49.71279215812683,0.0008375000000000057,0.02517500000000001,-0.0013199999999999933,66.35211181640625,0,0,0.0,20.0,0.0,0.0,-20.0,-20.0,-20.0,0.0
49.82678294181824,0.0008125,0.02482499999999999,-0.001259999999999991,66.35211181640625,0,0,0.0,20.0,0.0,0.0,-20.0,-20.0,-20.0,0.0
49.92477750778198,0.0007750000000000057,0.024487500000000013,-0.0012099999999999795,66.35211181640625,0,0,0.0,20.0,0.0,0.0,-20.0,-20.0,-20.0,0.0
50.00477433204651,0.0007375000000000114,0.024150000000000005,-0.001160000000000025,66.35211181640625,0,0,0.0,20.0,0.0,0.0,-20.0,-20.0,-20.0,0.0
50.08577847480774,0.0007125000000000057,0.02382499999999999,-0.0011200000000000045,66.35211181640625,0,0,0.0,20.0,0.0,0.0,-20.0,-20.0,-20.0,0.0
50.17877769470215,0.0006875,0.023487500000000012,-0.0010699999999999933,66.35211181640625,0,0,0.0,20.0,0.0,0.0,-20.0,-20.0,-20.0,0.0
50.25878167152405,0.0006624999999999944,0.02317500000000001,-0.0010299999999999728,66.35211181640625,0,0,0.0,20.0,0.0,0.0,-20.0,-20.0,-20.0,0.0
50.353801012039185,0.000625,0.022849999999999995,-0.000990000000000009,66.35211181640625,0,0,0.0,20.0,0.0,0.0,-20.0,-20.0,-20.0,0.0
50.432781457901,0.0006125000000000114,0.022537499999999995,-0.0009499999999999886,66.35211181640625,0,0,0.0,20.0,0.0,0.0,-20.0,-20.0,-20.0,0.0
50.52877998352051,0.0005749999999999886,0.022224999999999995,-0.000910000000000025,66.35211181640625,0,0,0.0,20.0,0.0,0.0,-20.0,-20.0,-20.0,0.0
50.609782218933105,0.0005625,0.02192500000000001,-0.0008799999999999955,66.35211181640625,0,0,0.0,20.0,0.0,0.0,-20.0,-20.0,-20.0,0.0
50.70777940750122,0.0005374999999999944,0.021625,-0.000839999999999975,66.35211181640625,0,0,0.0,20.0,0.0,0.0,-20.0,-20.0,-20.0,0.0
50.7887818813324,0.0005250000000000057,0.02132499999999999,-0.0008100000000000022,66.35211181640625,0,0,0.0,20.0,0.0,0.0,-20.0,-20.0,-20.0,0.0
50.90178608894348,0.00048750000000001136,0.021037499999999994,-0.0007699999999999819,66.35211181640625,0,0,0.0,20.0,0.0,0.0,-20.0,-20.0,-20.0,0.0
50.997777223587036,0.0004749999999999943,0.02075,-0.0007400000000000091,66.35211181640625,0,0,0.0,20.0,0.0,0.0,-20.0,-20.0,-20.0,0.0
51.077779054641724,0.00046250000000000566,0.020474999999999993,-0.0007099999999999795,66.35211181640625,0,0,0.0,20.0,0.0,0.0,-20.0,-20.0,-20.0,0.0
51.159804582595825,0.0004375,0.0201875,-0.0006899999999999977,66.35211181640625,0,0,0.0,20.0,0.0,0.0,-20.0,-20.0,-20.0,0.0
51.23778462409973,0.00042500000000001136,0.019912499999999993,-0.000660000000000025,66.35211181640625,0,0,0.0,20.0,0.0,0.0,-20.0,-20.0,-20.0,0.0
51.333778381347656,0.0004000000000000057,0.01963749999999999,-0.0006299999999999955,66.35211181640625,0,0,0.0,20.0,0.0,0.0,-20.0,-20.0,-20.0,0.0
51.414796352386475,0.00038749999999998866,0.019375,-0.0006100000000000136,66.35211181640625,0,0,0.0,20.0,0.0,0.0,-20.0,-20.0,-20.0,0.0
51.49478006362915,0.000375,0.019099999999999995,-0.0005799999999999841,66.35211181640625,0,0,0.0,20.0,0.0,0.0,-20.0,-20.0,-20.0,0.0
51.59181618690491,0.00036250000000001136,0.018837500000000007,-0.0005600000000000022,66.35211181640625,0,0,0.0,20.0,0.0,0.0,-20.0,-20.0,-20.0,0.0
51.67178964614868,0.0003375000000000057,0.018574999999999987,-0.0005400000000000205,66.35211181640625,0,0,0.0,20.0,0.0,0.0,-20.0,-20.0,-20.0,0.0
51.766788959503174,0.00032499999999998866,0.018324999999999987,-0.0005099999999999909,66.35211181640625,0,0,0.0,20.0,0.0,0.0,-20.0,-20.0,-20.0,0.0
51.86377954483032,0.00032499999999998866,0.018074999999999987,-0.0004900000000000091,66.35211181640625,0,0,0.0,20.0,0.0,0.0,-20.0,-20.0,-20.0,0.0
51.96581554412842,0.00030000000000001136,0.01782499999999999,-0.0004700000000000273,66.35211181640625,0,0,0.0,20.0,0.0,0.0,-20.0,-20.0,-20.0,0.0
52.06377720832825,0.0002874999999999943,0.017587500000000006,-0.0004599999999999795,66.35211181640625,0,0,0.0,20.0,0.0,0.0,-20.0,-20.0,-20.0,0.0
52.14577889442444,0.0002750000000000057,0.017337500000000006,-0.00043999999999999774,66.35211181640625,0,0,0.0,20.0,0.0,0.0,-20.0,-20.0,-20.0,0.0
52.228790283203125,0.0002750000000000057,0.01711250000000001,-0.0004200000000000159,66.35211181640625,0,0,0.0,20.0,0.0,0.0,-20.0,-20.0,-20.0,0.0
52.30479621887207,0.00026249999999998865,0.016875,-0.00039999999999997725,66.35211181640625,0,0,0.0,20.0,0.0,0.0,-20.0,-20.0,-20.0,0.0
52.40278935432434,0.00025,0.01663749999999999,-0.00038999999999998633,66.35211181640625,0,0,0.0,20.0,0.0,0.0,-20.0,-20.0,-20.0,0.0
52.4797739982605,0.00023750000000001136,0.016412499999999993,-0.00037000000000000455,66.35211181640625,0,0,0.0,20.0,0.0,0.0,-20.0,-20.0,-20.0,0.0
52.57478475570679,0.00022499999999999433,0.0161875,-0.00036000000000001363,66.35211181640625,0,0,0.0,20.0,0.0,0.0,-20.0,-20.0,-20.0,0.0
52.66977572441101,0.00022499999999999433,0.015974999999999993,-0.000339999999999975,66.35211181640625,0,0,0.0,20.0,0.0,0.0,-20.0,-20.0,-20.0,0.0
52.750781536102295,0.00021250000000000568,0.01575,-0.00032999999999998406,66.35211181640625,0,0,0.0,20.0,0.0,0.0,-20.0,-20.0,-20.0,0.0
52.84679174423218,0.00019999999999998863,0.015525000000000006,-0.0003199999999999932,66.35211181640625,0,0,0.0,20.0,0.0,0.0,-20.0,-20.0,-20.0,0.0
52.926806688308716,0.0001875,0.015324999999999988,-0.00030000000000001136,66.35211181640625,0,0,0.0,20.0,0.0,0.0,-20.0,-20.0,-20.0,0.0
53.03780484199524,0.0001875,0.015112500000000011,-0.00029000000000002044,66.35211181640625,0,0,0.0,20.0,0.0,0.0,-20.0,-20.0,-20.0,0.0
53.14177632331848,0.00017500000000001136,0.014900000000000005,-0.0002799999999999727,66.35211181640625,0,0,0.0,20.0,0.0,0.0,-20.0,-20.0,-20.0,0.0
53.24078440666199,0.00017500000000001136,0.014699999999999989,-0.0002699999999999818,66.35211181640625,0,0,0.0,20.0,0.0,0.0,-20.0,-20.0,-20.0,0.0
53.31977987289429,0.00016249999999999433,0.0145,-0.0002599999999999909,66.35211181640625,0,0,0.0,20.0,0.0,0.0,-20.0,-20.0,-20.0,0.0
53.41478109359741,0.00016249999999999433,0.01430000000000001,-0.00025,66.35211181640625,0,0,0.0,20.0,0.0,0.0,-20.0,-20.0,-20.0,0.0
53.50878548622131,0.00015000000000000568,0.014099999999999994,-0.00024000000000000909,66.35211181640625,0,0,0.0,20.0,0.0,0.0,-20.0,-20.0,-20.0,0.0
53.589781045913696,0.00015000000000000568,0.013912499999999994,-0.0002300000000000182,66.35211181640625,0,0,0.0,20.0,0.0,0.0,-20.0,-20.0,-20.0,0.0
53.668779611587524,0.00013749999999998862,0.013724999999999994,-0.00022000000000002728,66.35211181640625,0,0,0.0,20.0,0.0,0.0,-20.0,-20.0,-20.0,0.0
53.747777462005615,0.000125,0.013525000000000006,-0.00020999999999997954,66.35211181640625,0,0,0.0,20.0,0.0,0.0,-20.0,-20.0,-20.0,0.0
53.826778173446655,0.000125,0.013349999999999994,-0.00019999999999998863,66.35211181640625,0,0,0.0,20.0,0.0,0.0,-20.0,-20.0,-20.0,0.0
53.92186641693115,0.000125,0.013162499999999994,-0.00018999999999999773,66.35211181640625,0,0,0.0,20.0,0.0,0.0,-20.0,-20.0,-20.0,0.0
54.00187134742737,0.000125,0.012974999999999993,-0.00018999999999999773,66.35211181640625,0,0,0.0,20.0,0.0,0.0,-20.0,-20.0,-20.0,0.0
54.081871032714844,0.00011250000000001137,0.012800000000000011,-0.00018000000000000681,66.35211181640625,0,0,0.0,20.0,0.0,0.0,-20.0,-20.0,-20.0,0.0
54.191465616226196,0.00011250000000001137,0.012625,-0.00017000000000001592,66.35211181640625,0,0,0.0,20.0,0.0,0.0,-20.0,-20.0,-20.0,0.0
54.27047157287598,9.999999999999431e-05,0.012462500000000005,-0.000160000000000025,66.35211181640625,0,0,0.0,20.0,0.0,0.0,-20.0,-20.0,-20.0,0.0
54.36746335029602,9.999999999999431e-05,0.012287499999999995,-0.000160000000000025,66.35211181640625,0,0,0.0,20.0,0.0,0.0,-20.0,-20.0,-20.0,0.0
54.446468114852905,9.999999999999431e-05,0.012125,-0.00014999999999997727,66.35211181640625,0,0,0.0,20.0,0.0,0.0,-20.0,-20.0,-20.0,0.0
54.54346489906311,8.750000000000568e-05,0.011949999999999988,-0.00014999999999997727,66.35211181640625,0,0,0.0,20.0,0.0,0.0,-20.0,-20.0,-20.0,0.0
54.624470949172974,8.750000000000568e-05,0.011787499999999994,-0.00013999999999998635,66.35211181640625,0,0,0.0,20.0,0.0,0.0,-20.0,-20.0,-20.0,0.0
54.706467151641846,8.750000000000568e-05,0.011625,-0.00012999999999999546,66.35211181640625,0,0,0.0,20.0,0.0,0.0,-20.0,-20.0,-20.0,0.0
54.78546118736267,7.499999999998864e-05,0.011474999999999994,-0.00012999999999999546,66.35211181640625,0,0,0.0,20.0,0.0,0.0,-20.0,-20.0,-20.0,0.0
54.88146376609802,7.499999999998864e-05,0.0113125,-0.00012000000000000454,66.35211181640625,0,0,0.0,20.0,0.0,0.0,-20.0,-20.0,-20.0,0.0
54.962464332580566,7.499999999998864e-05,0.011150000000000005,-0.00012000000000000454,66.35211181640625,0,0,0.0,20.0,0.0,0.0,-20.0,-20.0,-20.0,0.0
55.042468309402466,7.499999999998864e-05,0.011,-0.00011000000000001364,66.35211181640625,0,0,0.0,20.0,0.0,0.0,-20.0,-20.0,-20.0,0.0
55.12346172332764,7.499999999998864e-05,0.010849999999999995,-0.00011000000000001364,66.35211181640625,0,0,0.0,20.0,0.0,0.0,-20.0,-20.0,-20.0,0.0
55.235466957092285,7.499999999998864e-05,0.010699999999999989,-0.00010000000000002273,66.35211181640625,0,0,0.0,20.0,0.0,0.0,-20.0,-20.0,-20.0,0.0
55.31246328353882,6.25e-05,0.0105625,-0.00010000000000002273,66.35211181640625,0,0,0.0,20.0,0.0,0.0,-20.0,-20.0,-20.0,0.0
55.393468141555786,6.25e-05,0.010412499999999995,-0.00010000000000002273,66.35211181640625,0,0,0.0,20.0,0.0,0.0,-20.0,-20.0,-20.0,0.0
55.47046756744385,6.25e-05,0.010275000000000006,-8.999999999997499e-05,66.35211181640625,0,0,0.0,20.0,0.0,0.0,-20.0,-20.0,-20.0,0.0
55.552465200424194,6.25e-05,0.010125,-8.999999999997499e-05,66.35211181640625,0,0,0.0,20.0,0.0,0.0,-20.0,-20.0,-20.0,0.0
55.633464336395264,5.0000000000011366e-05,0.009987500000000012,-8.999999999997499e-05,66.35211181640625,0,0,0.0,20.0,0.0,0.0,-20.0,-20.0,-20.0,0.0
55.71546387672424,5.0000000000011366e-05,0.009849999999999994,-7.999999999998408e-05,66.35211181640625,0,0,0.0,20.0,0.0,0.0,-20.0,-20.0,-20.0,0.0
55.811487674713135,5.0000000000011366e-05,0.009724999999999994,-7.999999999998408e-05,66.35211181640625,0,0,0.0,20.0,0.0,0.0,-20.0,-20.0,-20.0,0.0
55.89346694946289,5.0000000000011366e-05,0.009574999999999988,-7.999999999998408e-05,66.35211181640625,0,0,0.0,20.0,0.0,0.0,-20.0,-20.0,-20.0,0.0
56.053470611572266,5.0000000000011366e-05,0.009449999999999988,-6.999999999999318e-05,68.89349937438965,0,0,0.0,18.225777,1.7742233,0.0,-20.0,-20.0,-20.0,0.0
56.19749140739441,3.749999999999432e-05,0.009324999999999988,-6.999999999999318e-05,73.6412525177002,0,0,0.0,14.911221,5.0887794,0.0,-20.0,-20.0,-20.0,0.0
56.36647343635559,3.749999999999432e-05,0.00919999999999999,-6.999999999999318e-05,77.90360069274902,0,0,0.0,11.935539,8.064461,0.0,-20.0,-20.0,-20.0,0.0
56.52446675300598,3.749999999999432e-05,0.00907499999999999,-6.000000000000227e-05,82.45007801055908,0,0,0.0,8.7614975,11.2385025,0.0,-20.0,-20.0,-20.0,0.0
56.68446493148804,3.749999999999432e-05,0.00894999999999999,-6.000000000000227e-05,86.72529125213623,0,0,0.0,5.7768373,14.223163,0.0,-20.0,-20.0,-20.0,0.0
56.843464612960815,3.749999999999432e-05,0.008824999999999989,-6.000000000000227e-05,91.00731062889099,0,0,0.0,2.7874222,17.212578,0.0,-20.0,-20.0,-20.0,0.0
56.98747420310974,3.749999999999432e-05,0.008699999999999989,-6.000000000000227e-05,95.0,0,0,0.0,0.0,20.0,0.0,-20.0,-20.0,-20.0,0.0
57.08346748352051,2.5000000000005683e-05,0.008574999999999989,-5.0000000000011366e-05,95.0,0,0,0.0,0.0,20.0,0.0,-20.0,-20.0,-20.0,0.0
57.18146634101868,2.5000000000005683e-05,0.008474999999999995,-5.0000000000011366e-05,95.0,0,0,0.0,0.0,20.0,0.0,-20.0,-20.0,-20.0,0.0
57.26246666908264,2.5000000000005683e-05,0.008349999999999995,-5.0000000000011366e-05,95.0,0,0,0.0,0.0,20.0,0.0,-20.0,-20.0,-20.0,0.0
57.3604691028595,2.5000000000005683e-05,0.008237500000000012,-5.0000000000011366e-05,95.0,0,0,0.0,0.0,20.0,0.0,-20.0,-20.0,-20.0,0.0
57.454469203948975,2.5000000000005683e-05,0.008125,-5.0000000000011366e-05,95.0,0,0,0.0,0.0,20.0,0.0,-20.0,-20.0,-20.0,0.0
57.567464113235474,2.5000000000005683e-05,0.008012499999999988,-4.000000000002046e-05,95.0,0,0,0.0,0.0,20.0,0.0,-20.0,-20.0,-20.0,0.0
57.6454644203186,2.5000000000005683e-05,0.007900000000000006,-4.000000000002046e-05,95.0,0,0,0.0,0.0,20.0,0.0,-20.0,-20.0,-20.0,0.0
57.74145984649658,2.5000000000005683e-05,0.007787499999999994,-4.000000000002046e-05,95.0,0,0,0.0,0.0,20.0,0.0,-20.0,-20.0,-20.0,0.0
57.82146954536438,2.5000000000005683e-05,0.0076875,-4.000000000002046e-05,95.0,0,0,0.0,0.0,20.0,0.0,-20.0,-20.0,-20.0,0.0
57.91846466064453,2.5000000000005683e-05,0.007574999999999989,-4.000000000002046e-05,95.0,0,0,0.0,0.0,20.0,0.0,-20.0,-20.0,-20.0,0.0
57.9984712600708,2.5000000000005683e-05,0.007474999999999995,-4.000000000002046e-05,95.0,0,0,0.0,0.0,20.0,0.0,-20.0,-20.0,-20.0,0.0
58.092501163482666,2.5000000000005683e-05,0.007375,-2.9999999999972716e-05,95.0,0,0,0.0,0.0,20.0,0.0,-20.0,-20.0,-20.0,0.0
58.18646478652954,2.5000000000005683e-05,0.007275000000000005,-2.9999999999972716e-05,95.0,0,0,0.0,0.0,20.0,0.0,-20.0,-20.0,-20.0,0.0
58.26446509361267,2.5000000000005683e-05,0.007175000000000011,-2.9999999999972716e-05,95.0,0,0,0.0,0.0,20.0,0.0,-20.0,-20.0,-20.0,0.0
58.35846471786499,2.5000000000005683e-05,0.007074999999999988,-2.9999999999972716e-05,95.0,0,0,0.0,0.0,20.0,0.0,-20.0,-20.0,-20.0,0.0
58.438008069992065,2.5000000000005683e-05,0.006974999999999994,-2.9999999999972716e-05,95.0,0,0,0.0,0.0,20.0,0.0,-20.0,-20.0,-20.0,0.0
58.535006046295166,2.5000000000005683e-05,0.006875,-2.9999999999972716e-05,95.0,0,0,0.0,0.0,20.0,0.0,-20.0,-20.0,-20.0,0.0
58.64603662490845,2.5000000000005683e-05,0.006787499999999994,-2.9999999999972716e-05,95.0,0,0,0.0,0.0,20.0,0.0,-20.0,-20.0,-20.0,0.0