Current Date: Wed 07 Sep 2022 23:06:20
Object Position (x,y,z)(m): 0,0,-0.305
Target Position (x,y,z)(m): 0.15,0.15,-0.31
Time,x (m),y (m),z (m),grasp angle (deg),force,Buffer Length,Move to Pre Grasp,Move to grasp,grasp,lift after grasp,move to pre release,move to release,release,lift after release
0.15699982643127441,0.0,0.0,0.0,66.35211181640625,0,0,20.0,0.0,0.0,-20.0,0.0,-20.0,-20.0,0.0
0.25500035285949707,0.0,0.0,-0.0009125000000000228,66.35211181640625,0,1,20.0,0.0,0.0,-20.0,0.0,-20.0,-20.0,0.0
0.3520076274871826,0.0,0.0,-0.002712499999999977,66.35211181640625,0,2,20.0,0.0,0.0,-20.0,0.0,-20.0,-20.0,0.0
0.43601202964782715,0.0,0.0,-0.005470000000000027,66.35211181640625,0,3,20.0,0.0,0.0,-20.0,0.0,-20.0,-20.0,0.0
0.5200047492980957,0.0,0.0,-0.008144999999999982,66.35211181640625,0,4,20.0,0.0,0.0,-20.0,0.0,-20.0,-20.0,0.0
0.6000165939331055,0.0,0.0,-0.010165000000000021,66.35211181640625,0,5,20.0,0.0,0.0,-20.0,0.0,-20.0,-20.0,0.0
0.6970031261444092,0.0,0.0,-0.011472500000000024,66.35211181640625,0,6,20.0,0.0,0.0,-20.0,0.0,-20.0,-20.0,0.0
0.7759974002838135,0.0,0.0,-0.012185000000000003,66.35211181640625,0,7,20.0,0.0,0.0,-20.0,0.0,-20.0,-20.0,0.0
0.8720033168792725,0.0,0.0,-0.012517499999999984,66.35211181640625,0,7,20.0,0.0,0.0,-20.0,0.0,-20.0,-20.0,0.0
0.9700002670288086,0.0,0.0,-0.013764999999999986,66.35211181640625,0,8,20.0,0.0,0.0,-20.0,0.0,-20.0,-20.0,0.0
1.1099975109100342,0.0,0.0,-0.016245000000000006,66.35211181640625,0,9,20.0,0.0,0.0,-20.0,0.0,-20.0,-20.0,0.0
1.1830036640167236,0.0,0.0,-0.020649999999999977,66.35211181640625,0,10,20.0,0.0,0.0,-20.0,0.0,-20.0,-20.0,0.0
1.2570016384124756,0.0,0.0,-0.02311500000000001,66.35211181640625,0,10,20.0,0.0,0.0,-20.0,0.0,-20.0,-20.0,0.0
1.355997085571289,0.0,0.0,-0.025689999999999998,66.35211181640625,0,9,20.0,0.0,0.0,-20.0,0.0,-20.0,-20.0,0.0
1.429006814956665,0.0,0.0,-0.02917500000000001,66.35211181640625,0,10,20.0,0.0,0.0,-20.0,0.0,-20.0,-20.0,0.0
1.499997615814209,0.0,0.0,-0.03170999999999998,66.35211181640625,0,10,20.0,0.0,0.0,-20.0,0.0,-20.0,-20.0,0.0
1.5719983577728271,0.0,0.0,-0.03419999999999999,66.35211181640625,0,10,20.0,0.0,0.0,-20.0,0.0,-20.0,-20.0,0.0
1.6720023155212402,0.0,0.0,-0.03674500000000001,66.35211181640625,0,9,20.0,0.0,0.0,-20.0,0.0,-20.0,-20.0,0.0
1.7450025081634521,0.0,0.0,-0.04020999999999998,66.35211181640625,0,10,20.0,0.0,0.0,-20.0,0.0,-20.0,-20.0,0.0
1.814997673034668,0.0,0.0,-0.04275,66.35211181640625,0,10,20.0,0.0,0.0,-20.0,0.0,-20.0,-20.0,0.0
1.8870046138763428,0.0,0.0,-0.045180000000000005,66.35211181640625,0,10,20.0,0.0,0.0,-20.0,0.0,-20.0,-20.0,0.0
1.983999252319336,0.0,0.0,-0.047704999999999984,66.35211181640625,0,9,20.0,0.0,0.0,-20.0,0.0,-20.0,-20.0,0.0
2.054997682571411,0.0,0.0,-0.05106,66.35211181640625,0,10,20.0,0.0,0.0,-20.0,0.0,-20.0,-20.0,0.0
2.1300363540649414,0.0,0.0,-0.05354000000000002,66.35211181640625,0,10,20.0,0.0,0.0,-20.0,0.0,-20.0,-20.0,0.0
2.2120139598846436,0.0,0.0,-0.05616500000000002,66.35211181640625,0,10,20.0,0.0,0.0,-20.0,0.0,-20.0,-20.0,0.0
2.3380234241485596,0.0,0.0,-0.059335000000000006,66.35211181640625,0,9,20.0,0.0,0.0,-20.0,0.0,-20.0,-20.0,0.0
2.411996841430664,0.0,0.0,-0.06341499999999999,66.35211181640625,0,10,20.0,0.0,0.0,-20.0,0.0,-20.0,-20.0,0.0
2.4840009212493896,0.0,0.0,-0.06597499999999999,66.35211181640625,0,10,20.0,0.0,0.0,-20.0,0.0,-20.0,-20.0,0.0
2.5830025672912598,0.0,0.0,-0.068505,66.35211181640625,0,9,20.0,0.0,0.0,-20.0,0.0,-20.0,-20.0,0.0
2.653010845184326,0.0,0.0,-0.071965,66.35211181640625,0,10,20.0,0.0,0.0,-20.0,0.0,-20.0,-20.0,0.0
2.7259998321533203,0.0,0.0,-0.07439500000000002,66.35211181640625,0,10,20.0,0.0,0.0,-20.0,0.0,-20.0,-20.0,0.0
2.8250010013580322,0.0,0.0,-0.07691999999999999,66.35211181640625,0,9,20.0,0.0,0.0,-20.0,0.0,-20.0,-20.0,0.0
2.897000551223755,0.0,0.0,-0.080365,66.35211181640625,0,10,20.0,0.0,0.0,-20.0,0.0,-20.0,-20.0,0.0
2.9700050354003906,0.0,0.0,-0.08288499999999999,66.35211181640625,0,10,20.0,0.0,0.0,-20.0,0.0,-20.0,-20.0,0.0
3.0690057277679443,0.0,0.0,-0.085435,66.35211181640625,0,9,20.0,0.0,0.0,-20.0,0.0,-20.0,-20.0,0.0
3.141000509262085,0.0,0.0,-0.08886000000000001,66.35211181640625,0,10,20.0,0.0,0.0,-20.0,0.0,-20.0,-20.0,0.0
3.213009834289551,0.0,0.0,-0.09136000000000001,66.35211181640625,0,10,20.0,0.0,0.0,-20.0,0.0,-20.0,-20.0,0.0
3.3119962215423584,0.0,0.0,-0.093895,66.35211181640625,0,9,20.0,0.0,0.0,-20.0,0.0,-20.0,-20.0,0.0
3.40800404548645,0.0,0.0,-0.09769,66.35211181640625,0,10,20.0,0.0,0.0,-20.0,0.0,-20.0,-20.0,0.0
3.491006851196289,0.0,0.0,-0.10095500000000002,66.35211181640625,0,10,20.0,0.0,0.0,-20.0,0.0,-20.0,-20.0,0.0
3.587000846862793,0.0,0.0,-0.103565,66.35211181640625,0,9,20.0,0.0,0.0,-20.0,0.0,-20.0,-20.0,0.0
3.6610209941864014,0.0,0.0,-0.10691999999999999,66.35211181640625,0,10,20.0,0.0,0.0,-20.0,0.0,-20.0,-20.0,0.0
3.735008478164673,0.0,0.0,-0.10955500000000001,66.35211181640625,0,10,20.0,0.0,0.0,-20.0,0.0,-20.0,-20.0,0.0
3.833003044128418,0.0,0.0,-0.11206999999999999,66.35211181640625,0,9,20.0,0.0,0.0,-20.0,0.0,-20.0,-20.0,0.0
3.9070017337799072,0.0,0.0,-0.115495,66.35211181640625,0,10,20.0,0.0,0.0,-20.0,0.0,-20.0,-20.0,0.0
3.9810028076171875,0.0,0.0,-0.11805000000000002,66.35211181640625,0,10,20.0,0.0,0.0,-20.0,0.0,-20.0,-20.0,0.0
4.0539984703063965,0.0,0.0,-0.120655,66.35211181640625,0,10,20.0,0.0,0.0,-20.0,0.0,-20.0,-20.0,0.0
4.126002311706543,0.0,0.0,-0.12318000000000001,66.35211181640625,0,10,20.0,0.0,0.0,-20.0,0.0,-20.0,-20.0,0.0
4.200002908706665,0.0,0.0,-0.12572,66.35211181640625,0,10,20.0,0.0,0.0,-20.0,0.0,-20.0,-20.0,0.0
4.274998426437378,0.0,0.0,-0.12830000000000003,66.35211181640625,0,10,20.0,0.0,0.0,-20.0,0.0,-20.0,-20.0,0.0
4.347004175186157,0.0,0.0,-0.130875,66.35211181640625,0,10,20.0,0.0,0.0,-20.0,0.0,-20.0,-20.0,0.0
4.445998191833496,0.0,0.0,-0.13342500000000002,66.35211181640625,0,9,20.0,0.0,0.0,-20.0,0.0,-20.0,-20.0,0.0
4.53502893447876,0.0,0.0,-0.13688499999999998,66.35211181640625,0,10,20.0,0.0,0.0,-20.0,0.0,-20.0,-20.0,0.0
4.624011993408203,0.0,0.0,-0.14022,66.35211181640625,0,10,20.0,0.0,0.0,-20.0,0.0,-20.0,-20.0,0.0
4.702003479003906,0.0,0.0,-0.14324,66.35211181640625,0,10,20.0,0.0,0.0,-20.0,0.0,-20.0,-20.0,0.0
4.77200174331665,0.0,0.0,-0.14578,66.35211181640625,0,10,20.0,0.0,0.0,-20.0,0.0,-20.0,-20.0,0.0
4.844999551773071,0.0,0.0,-0.148235,66.35211181640625,0,10,20.0,0.0,0.0,-20.0,0.0,-20.0,-20.0,0.0
4.918004035949707,0.0,0.0,-0.15075,66.35211181640625,0,10,20.0,0.0,0.0,-20.0,0.0,-20.0,-20.0,0.0
4.99201512336731,0.0,0.0,-0.15330000000000002,66.35211181640625,0,10,20.0,0.0,0.0,-20.0,0.0,-20.0,-20.0,0.0
5.064009428024292,0.0,0.0,-0.15587,66.35211181640625,0,10,20.0,0.0,0.0,-20.0,0.0,-20.0,-20.0,0.0
5.13700532913208,0.0,0.0,-0.15838,66.35211181640625,0,10,20.0,0.0,0.0,-20.0,0.0,-20.0,-20.0,0.0
5.218000888824463,0.0,0.0,-0.16091,66.35211181640625,0,9,20.0,0.0,0.0,-20.0,0.0,-20.0,-20.0,0.0
5.2900004386901855,0.0,0.0,-0.16373,66.35211181640625,0,10,20.0,0.0,0.0,-20.0,0.0,-20.0,-20.0,0.0
5.363003492355347,0.0,0.0,-0.166285,66.35211181640625,0,10,20.0,0.0,0.0,-20.0,0.0,-20.0,-20.0,0.0
5.434007167816162,0.0,0.0,-0.168785,66.35211181640625,0,10,20.0,0.0,0.0,-20.0,0.0,-20.0,-20.0,0.0
5.508004426956177,0.0,0.0,-0.17129,66.35211181640625,0,10,20.0,0.0,0.0,-20.0,0.0,-20.0,-20.0,0.0
5.5819993019104,0.0,0.0,-0.17387,66.35211181640625,0,10,20.0,0.0,0.0,-20.0,0.0,-20.0,-20.0,0.0
5.654003858566284,0.0,0.0,-0.17642,66.35211181640625,0,10,20.0,0.0,0.0,-20.0,0.0,-20.0,-20.0,0.0
5.746000528335571,0.0,0.0,-0.17915999999999999,66.35211181640625,0,10,20.0,0.0,0.0,-20.0,0.0,-20.0,-20.0,0.0
5.850548982620239,0.0,0.0,-0.18241,66.35211181640625,0,9,20.0,0.0,0.0,-20.0,0.0,-20.0,-20.0,0.0
5.924562454223633,0.0,0.0,-0.18577000000000002,66.35211181640625,0,10,20.0,0.0,0.0,-20.0,0.0,-20.0,-20.0,0.0
5.9965620040893555,0.0,0.0,-0.188365,66.35211181640625,0,10,20.0,0.0,0.0,-20.0,0.0,-20.0,-20.0,0.0
6.068550109863281,0.0,0.0,-0.190865,66.35211181640625,0,10,20.0,0.0,0.0,-20.0,0.0,-20.0,-20.0,0.0
6.142547845840454,0.0,0.0,-0.19339499999999998,66.35211181640625,0,10,20.0,0.0,0.0,-20.0,0.0,-20.0,-20.0,0.0
6.215557336807251,0.0,0.0,-0.19593,66.35211181640625,0,10,20.0,0.0,0.0,-20.0,0.0,-20.0,-20.0,0.0
6.286549806594849,0.0,0.0,-0.198515,66.35211181640625,0,10,20.0,0.0,0.0,-20.0,0.0,-20.0,-20.0,0.0
6.385571241378784,0.0,0.0,-0.20095999999999997,66.35211181640625,0,9,20.0,0.0,0.0,-20.0,0.0,-20.0,-20.0,0.0
6.459548711776733,0.0,0.0,-0.20443,66.35211181640625,0,10,20.0,0.0,0.0,-20.0,0.0,-20.0,-20.0,0.0
6.531558990478516,0.0,0.0,-0.206995,66.35211181640625,0,10,20.0,0.0,0.0,-20.0,0.0,-20.0,-20.0,0.0
6.604548692703247,0.0,0.0,-0.20951499999999998,66.35211181640625,0,10,20.0,0.0,0.0,-20.0,0.0,-20.0,-20.0,0.0
6.70354700088501,0.0,0.0,-0.212065,66.35211181640625,0,9,20.0,0.0,0.0,-20.0,0.0,-20.0,-20.0,0.0
6.776548385620117,0.0,0.0,-0.215505,66.35211181640625,0,10,20.0,0.0,0.0,-20.0,0.0,-20.0,-20.0,0.0
6.855549335479736,0.0,0.0,-0.21804,66.35211181640625,0,10,20.0,0.0,0.0,-20.0,0.0,-20.0,-20.0,0.0
6.947551012039185,0.0,0.0,-0.22116,66.35211181640625,0,10,20.0,0.0,0.0,-20.0,0.0,-20.0,-20.0,0.0
7.048548698425293,0.0,0.0,-0.22418000000000002,66.35211181640625,0,9,20.0,0.0,0.0,-20.0,0.0,-20.0,-20.0,0.0
7.120549201965332,0.0,0.0,-0.22753,66.35211181640625,0,10,20.0,0.0,0.0,-20.0,0.0,-20.0,-20.0,0.0
7.1925530433654785,0.0,0.0,-0.230035,66.35211181640625,0,10,20.0,0.0,0.0,-20.0,0.0,-20.0,-20.0,0.0
7.286576271057129,0.0,0.0,-0.23254500000000003,66.35211181640625,0,9,0.0,20.0,0.0,0.0,-20.0,-20.0,-20.0,0.0
7.358558654785156,0.0,0.0,-0.2358,66.35211181640625,0,10,0.0,20.0,0.0,0.0,-20.0,-20.0,-20.0,0.0
7.432560920715332,0.0,0.0,-0.23835,66.35211181640625,0,10,0.0,20.0,0.0,0.0,-20.0,-20.0,-20.0,0.0
7.529550790786743,0.0,0.0,-0.24089,66.35211181640625,0,9,0.0,20.0,0.0,0.0,-20.0,-20.0,-20.0,0.0
7.603548765182495,0.0,0.0,-0.24428,66.35211181640625,0,10,0.0,20.0,0.0,0.0,-20.0,-20.0,-20.0,0.0
7.678549766540527,0.0,0.0,-0.24688,66.35211181640625,0,10,0.0,20.0,0.0,0.0,-20.0,-20.0,-20.0,0.0
7.777551889419556,0.0,0.0,-0.249475,66.35211181640625,0,9,0.0,20.0,0.0,0.0,-20.0,-20.0,-20.0,0.0
7.848559379577637,0.0,0.0,-0.252945,66.35211181640625,0,10,0.0,20.0,0.0,0.0,-20.0,-20.0,-20.0,0.0
7.946560621261597,0.0,0.0,-0.2554,66.35211181640625,0,9,0.0,20.0,0.0,0.0,-20.0,-20.0,-20.0,0.0
8.026548624038696,0.0,0.0,-0.25880000000000003,66.35211181640625,0,10,0.0,20.0,0.0,0.0,-20.0,-20.0,-20.0,0.0
8.121548175811768,0.0,0.0,-0.261945,66.35211181640625,0,10,0.0,20.0,0.0,0.0,-20.0,-20.0,-20.0,0.0
8.192548274993896,0.0,0.0,-0.264975,66.35211181640625,0,10,0.0,20.0,0.0,0.0,-20.0,-20.0,-20.0,0.0
8.265551805496216,0.0,0.0,-0.26740499999999995,66.35211181640625,0,10,0.0,20.0,0.0,0.0,-20.0,-20.0,-20.0,0.0
8.364562511444092,0.0,0.0,-0.269925,66.35211181640625,0,9,0.0,20.0,0.0,0.0,-20.0,-20.0,-20.0,0.0
8.438548564910889,0.0,0.0,-0.273395,66.35211181640625,0,10,0.0,20.0,0.0,0.0,-20.0,-20.0,-20.0,0.0
8.513572216033936,0.0,0.0,-0.275965,66.35211181640625,0,10,0.0,20.0,0.0,0.0,-20.0,-20.0,-20.0,0.0
8.585564374923706,0.0,0.0,-0.27858,66.35211181640625,0,10,0.0,20.0,0.0,0.0,-20.0,-20.0,-20.0,0.0
8.685580968856812,0.0,0.0,-0.2811,66.35211181640625,0,9,0.0,20.0,0.0,0.0,-20.0,-20.0,-20.0,0.0
8.758549690246582,0.0,0.0,-0.284585,66.35211181640625,0,10,0.0,20.0,0.0,0.0,-20.0,-20.0,-20.0,0.0
8.831549882888794,0.0,0.0,-0.28712,66.35211181640625,0,10,0.0,20.0,0.0,0.0,-20.0,-20.0,-20.0,0.0
8.930558681488037,0.0,0.0,-0.289665,66.35211181640625,0,9,0.0,20.0,0.0,0.0,-20.0,-20.0,-20.0,0.0
9.027549743652344,0.0,0.0,-0.29308999999999996,66.35211181640625,0,9,0.0,20.0,0.0,0.0,-20.0,-20.0,-20.0,0.0
9.206546783447266,0.0,0.0,-0.296,95.0,0,8,0.0,0.0,20.0,0.0,-20.0,-20.0,-20.0,0.0
9.309550046920776,0.0,0.0,-0.29989499999999997,95.0,0,5,0.0,0.0,20.0,0.0,-20.0,-20.0,-20.0,0.0
9.4055495262146,0.0,0.0,-0.30106499999999997,95.0,0,4,0.0,0.0,20.0,0.0,-20.0,-20.0,-20.0,0.0
9.502552509307861,0.0,0.0,-0.30167,95.0,0,2,0.0,0.0,20.0,0.0,-20.0,-20.0,-20.0,0.0
9.581555604934692,0.0,0.0,-0.301965,95.0,0,1,0.0,0.0,20.0,0.0,-20.0,-20.0,-20.0,0.0
9.677547931671143,0.0,0.0,-0.302085,95.0,0,1,0.0,0.0,20.0,0.0,-20.0,-20.0,-20.0,0.0
9.774547338485718,0.0,0.0,-0.30221,95.0,0,0,0.0,0.0,20.0,0.0,-20.0,-20.0,-20.0,0.0
9.854552268981934,0.0,0.0,-0.30232,95.0,0,0,0.0,0.0,20.0,0.0,-20.0,-20.0,-20.0,0.0
9.949551105499268,0.0,0.0,-0.30243000000000003,95.0,0,0,0.0,0.0,20.0,0.0,-20.0,-20.0,-20.0,0.0
10.028549909591675,0.0,0.0,-0.30252999999999997,95.0,0,0,0.0,0.0,20.0,0.0,-20.0,-20.0,-20.0,0.0
10.110560178756714,0.0,0.0,-0.30263,95.0,0,0,0.0,0.0,20.0,0.0,-20.0,-20.0,-20.0,0.0
10.187548637390137,0.0,0.0,-0.30273,95.0,0,0,0.0,0.0,20.0,0.0,-20.0,-20.0,-20.0,0.0
10.266547918319702,0.0,0.0,-0.30282,95.0,20,0,0.0,0.0,20.0,0.0,-20.0,-20.0,-20.0,0.0
10.382549524307251,0.0,0.0,-0.3029,95.0,20,0,-20.0,-20.0,0.0,20.0,0.0,0.0,0.0,-20.0
10.4785475730896,0.0,0.0,-0.30266750000000003,95.0,20,1,-20.0,-20.0,0.0,20.0,0.0,0.0,0.0,-20.0
10.576546907424927,0.0,0.0,-0.3015575,95.0,20,2,-20.0,-20.0,0.0,20.0,0.0,0.0,0.0,-20.0
10.670548677444458,0.0,0.0,-0.29988,95.0,20,3,-20.0,-20.0,0.0,20.0,0.0,0.0,0.0,-20.0
10.766553163528442,0.0,0.0,-0.2990625,95.0,20,4,-20.0,-20.0,0.0,20.0,0.0,0.0,0.0,-20.0
10.859555959701538,0.0,0.0,-0.2986725,95.0,20,4,-20.0,-20.0,0.0,20.0,0.0,0.0,0.0,-20.0
10.957546710968018,0.0,0.0,-0.297485,95.0,20,5,-20.0,-20.0,0.0,20.0,0.0,0.0,0.0,-20.0
11.056546926498413,0.0,0.0,-0.295315,95.0,20,6,-20.0,-20.0,0.0,20.0,0.0,0.0,0.0,-20.0
11.151557207107544,0.0,0.0,-0.29234,95.0,20,6,-20.0,0.0,-20.0,20.0,0.0,0.0,0.0,-20.0
11.24855375289917,0.0,0.0,-0.28931999999999997,95.0,20,6,-20.0,0.0,-20.0,20.0,0.0,0.0,0.0,-20.0
11.347562551498413,0.0,0.0,-0.28622000000000003,95.0,20,6,-20.0,0.0,-20.0,20.0,0.0,0.0,0.0,-20.0
11.50254511833191,0.0,0.0,-0.28199,95.0,20,6,-20.0,0.0,-20.0,20.0,0.0,0.0,0.0,-20.0
11.60555100440979,0.0,0.0,-0.277835,95.0,20,5,-20.0,0.0,-20.0,20.0,0.0,0.0,0.0,-20.0
11.705562829971313,0.0,0.0,-0.275,95.0,20,5,-20.0,0.0,-20.0,20.0,0.0,0.0,0.0,-20.0
11.803547382354736,0.0,0.0,-0.27221500000000004,95.0,20,5,-20.0,0.0,-20.0,20.0,0.0,0.0,0.0,-20.0
11.902552127838135,0.0,0.0,-0.26952499999999996,95.0,20,5,-20.0,0.0,-20.0,20.0,0.0,0.0,0.0,-20.0
12.000558376312256,0.0,0.0,-0.266815,95.0,20,5,-20.0,0.0,-20.0,20.0,0.0,0.0,0.0,-20.0
12.098557949066162,0.0,0.0,-0.26424000000000003,95.0,20,5,-20.0,0.0,-20.0,20.0,0.0,0.0,0.0,-20.0
12.196548461914062,0.0,0.0,-0.261685,95.0,20,5,-20.0,0.0,-20.0,20.0,0.0,0.0,0.0,-20.0
12.29554796218872,0.0,0.0,-0.259195,95.0,20,5,-20.0,0.0,-20.0,20.0,0.0,0.0,0.0,-20.0
12.392545938491821,0.0,0.0,-0.25676,95.0,20,5,-20.0,0.0,-20.0,20.0,0.0,0.0,0.0,-20.0
12.491568803787231,0.0,0.0,-0.2544225,95.0,20,5,-20.0,0.0,-20.0,20.0,0.0,0.0,0.0,-20.0
12.634571552276611,0.0,0.0,-0.25192000000000003,95.0,20,4,-20.0,0.0,-20.0,20.0,0.0,0.0,0.0,-20.0
12.733561992645264,0.0,0.0,-0.24908750000000002,95.0,20,4,-20.0,0.0,-20.0,20.0,0.0,0.0,0.0,-20.0
12.827554702758789,0.0,0.0,-0.24719249999999998,95.0,20,4,-20.0,0.0,-20.0,20.0,0.0,0.0,0.0,-20.0
12.927566289901733,0.0,0.0,-0.2452825,95.0,20,4,-20.0,0.0,-20.0,20.0,0.0,0.0,0.0,-20.0
13.025551557540894,0.0,0.0,-0.2433425,95.0,20,4,-20.0,0.0,-20.0,20.0,0.0,0.0,0.0,-20.0
13.124569654464722,0.0,0.0,-0.241465,95.0,20,3,-20.0,0.0,-20.0,20.0,0.0,0.0,0.0,-20.0
13.220572471618652,0.0,0.0,-0.239605,95.0,20,3,-20.0,0.0,-20.0,20.0,0.0,0.0,0.0,-20.0
13.318137884140015,0.0,0.0,-0.23783249999999997,95.0,20,3,-20.0,0.0,-20.0,20.0,0.0,0.0,0.0,-20.0
13.417135953903198,0.0,0.0,-0.2361275,95.0,20,2,-20.0,0.0,-20.0,20.0,0.0,0.0,0.0,-20.0
13.51513409614563,0.0,0.0,-0.23439249999999998,95.0,20,2,-20.0,0.0,-20.0,20.0,0.0,0.0,0.0,-20.0
13.611133098602295,0.0,0.0,-0.23273500000000003,95.0,20,2,-20.0,0.0,-20.0,20.0,0.0,0.0,0.0,-20.0
13.739132165908813,0.0,0.0,-0.2315925,95.0,20,2,-20.0,0.0,-20.0,20.0,0.0,0.0,0.0,-20.0
13.838134288787842,0.0,0.0,-0.23113,95.0,20,2,-20.0,0.0,-20.0,20.0,0.0,0.0,0.0,-20.0
13.93613052368164,0.0,0.0,-0.23045999999999997,95.0,20,3,-20.0,0.0,-20.0,20.0,0.0,0.0,0.0,-20.0
14.031155109405518,0.0,0.0,-0.22994499999999998,95.0,20,3,0.0,-20.0,-20.0,0.0,20.0,0.0,0.0,-20.0
14.115134477615356,0.0,0.0,-0.2285975,95.0,20,3,0.0,-20.0,-20.0,0.0,20.0,0.0,0.0,-20.0
14.211130142211914,0.0,0.0,-0.2277225,95.0,20,3,0.0,-20.0,-20.0,0.0,20.0,0.0,0.0,-20.0
14.307132005691528,0.00025,8.750000000000568e-05,-0.22766,95.0,20,3,0.0,-20.0,-20.0,0.0,20.0,0.0,0.0,-20.0
14.408129692077637,0.002037499999999994,0.0006999999999999886,-0.22864249999999997,95.0,20,4,0.0,-20.0,-20.0,0.0,20.0,0.0,0.0,-20.0
14.506138563156128,0.005662499999999994,0.0019375,-0.23063499999999998,95.0,20,5,0.0,-20.0,-20.0,0.0,20.0,0.0,0.0,-20.0
14.60112977027893,0.00975,0.003375,-0.23288499999999998,95.0,20,5,0.0,-20.0,-20.0,0.0,20.0,0.0,0.0,-20.0
14.698142766952515,0.013712500000000006,0.004787499999999994,-0.235065,95.0,20,5,0.0,-20.0,-20.0,0.0,20.0,0.0,0.0,-20.0
14.833134889602661,0.018375,0.006474999999999995,-0.23763,95.0,20,5,0.0,-20.0,-20.0,0.0,20.0,0.0,0.0,-20.0
14.931134462356567,0.023337500000000004,0.008337500000000006,-0.24035750000000003,95.0,20,5,0.0,-20.0,-20.0,0.0,20.0,0.0,0.0,-20.0
15.028130292892456,0.027387499999999988,0.009887499999999988,-0.24258499999999997,95.0,20,6,0.0,-20.0,-20.0,0.0,20.0,0.0,0.0,-20.0
15.12771487236023,0.03136250000000001,0.0114375,-0.24476499999999998,95.0,20,6,0.0,-20.0,-20.0,0.0,20.0,0.0,0.0,-20.0
15.223716259002686,0.03546250000000001,0.01307499999999999,-0.24702,95.0,20,6,0.0,-20.0,-20.0,0.0,20.0,0.0,0.0,-20.0
15.322716474533081,0.03939999999999998,0.0146875,-0.2491875,95.0,20,6,0.0,-20.0,-20.0,0.0,20.0,0.0,0.0,-20.0
15.416715383529663,0.04347500000000002,0.01638749999999999,-0.251425,95.0,20,6,0.0,-20.0,-20.0,0.0,20.0,0.0,0.0,-20.0
15.514708757400513,0.04730000000000001,0.018025000000000006,-0.253525,95.0,20,6,0.0,-20.0,-20.0,0.0,20.0,0.0,0.0,-20.0
15.61470890045166,0.05130000000000001,0.019787499999999993,-0.2557275,95.0,20,6,0.0,-20.0,-20.0,0.0,20.0,0.0,0.0,-20.0
15.709709405899048,0.05533749999999998,0.02161250000000001,-0.2579475,95.0,20,6,0.0,-20.0,-20.0,0.0,20.0,0.0,0.0,-20.0
15.807710647583008,0.05917500000000001,0.023387499999999988,-0.2600575,95.0,20,6,0.0,-20.0,-20.0,0.0,20.0,0.0,0.0,-20.0
15.952712297439575,0.06414999999999997,0.025787499999999994,-0.26280000000000003,95.0,20,6,0.0,-20.0,-20.0,0.0,20.0,0.0,0.0,-20.0
16.05170965194702,0.06898750000000001,0.028175000000000013,-0.265455,95.0,20,5,0.0,-20.0,-20.0,0.0,20.0,0.0,0.0,-20.0
16.15270757675171,0.07269999999999999,0.03011250000000001,-0.2675,95.0,20,5,0.0,-20.0,-20.0,0.0,20.0,0.0,0.0,-20.0
16.24870753288269,0.07657499999999999,0.0321625,-0.26962,95.0,20,5,0.0,-20.0,-20.0,0.0,20.0,0.0,0.0,-20.0
16.342711687088013,0.0802,0.03416249999999999,-0.271615,95.0,20,5,0.0,-20.0,-20.0,0.0,20.0,0.0,0.0,-20.0
16.439713954925537,0.08344999999999998,0.03601249999999999,-0.2734,95.0,20,5,0.0,-20.0,-20.0,0.0,20.0,0.0,0.0,-20.0
16.537709712982178,0.08673750000000001,0.037962499999999975,-0.27521500000000004,95.0,20,4,0.0,-20.0,-20.0,0.0,20.0,0.0,0.0,-20.0
16.636712551116943,0.0900125,0.039949999999999986,-0.27701749999999997,95.0,20,4,0.0,-20.0,-20.0,0.0,20.0,0.0,0.0,-20.0
16.729708671569824,0.09328750000000002,0.04202499999999998,-0.27882,95.0,20,4,0.0,-20.0,-20.0,0.0,20.0,0.0,0.0,-20.0
16.82723379135132,0.09617500000000001,0.04391250000000002,-0.28040250000000005,95.0,20,3,0.0,-20.0,-20.0,0.0,20.0,0.0,0.0,-20.0
16.92641520500183,0.09922500000000002,0.04597500000000002,-0.2820775,95.0,20,3,0.0,-20.0,-20.0,0.0,20.0,0.0,0.0,-20.0
17.062384605407715,0.10216250000000002,0.04805000000000001,-0.283695,95.0,20,3,0.0,-20.0,-20.0,0.0,20.0,0.0,0.0,-20.0
17.144381284713745,0.106125,0.05097500000000002,-0.28587,95.0,20,1,0.0,-20.0,-20.0,0.0,20.0,0.0,0.0,-20.0
17.241382598876953,0.10744999999999999,0.05201249999999999,-0.28660250000000004,95.0,20,2,0.0,-20.0,-20.0,0.0,20.0,0.0,0.0,-20.0
17.339402675628662,0.10807499999999999,0.0525,-0.28694749999999997,95.0,20,2,0.0,-20.0,-20.0,0.0,20.0,0.0,0.0,-20.0
17.433382511138916,0.11016250000000002,0.054175000000000015,-0.2880975,95.0,20,2,0.0,-20.0,-20.0,0.0,20.0,0.0,0.0,-20.0
17.53138780593872,0.11213749999999999,0.05580000000000001,-0.28918,95.0,20,2,0.0,-20.0,-20.0,0.0,20.0,0.0,0.0,-20.0
17.629376888275146,0.11366250000000003,0.05708749999999998,-0.2900175,95.0,20,2,0.0,-20.0,-20.0,0.0,20.0,0.0,0.0,-20.0
17.707390069961548,0.11532499999999998,0.05855000000000001,-0.2909325,95.0,20,2,0.0,-20.0,-20.0,0.0,20.0,0.0,0.0,-20.0
17.80638289451599,0.11576249999999999,0.05894999999999999,-0.29117750000000003,95.0,20,2,0.0,-20.0,-20.0,0.0,20.0,0.0,0.0,-20.0
17.90338373184204,0.11761250000000001,0.060649999999999975,-0.2921975,95.0,20,2,0.0,-20.0,-20.0,0.0,20.0,0.0,0.0,-20.0
17.98438572883606,0.11930000000000002,0.06225,-0.293115,95.0,20,2,0.0,-20.0,-20.0,0.0,20.0,0.0,0.0,-20.0
18.06738305091858,0.11977499999999998,0.06269999999999999,-0.293375,95.0,20,2,0.0,-20.0,-20.0,0.0,20.0,0.0,0.0,-20.0
18.199387073516846,0.12157499999999999,0.06448750000000002,-0.294365,95.0,20,2,0.0,-20.0,-20.0,0.0,20.0,0.0,0.0,-20.0
18.298384189605713,0.123,0.06597500000000002,-0.2951575,95.0,20,1,0.0,-20.0,-20.0,0.0,20.0,0.0,0.0,-20.0
18.393380165100098,0.1239375,0.06696249999999998,-0.29566250000000005,95.0,20,2,0.0,-20.0,-20.0,0.0,20.0,0.0,0.0,-20.0
18.493382930755615,0.12460000000000002,0.06767500000000001,-0.2960275,95.0,20,2,0.0,-20.0,-20.0,0.0,20.0,0.0,0.0,-20.0
18.57438850402832,0.12528750000000002,0.0684375,-0.29640750000000005,95.0,20,2,0.0,-20.0,-20.0,0.0,20.0,0.0,0.0,-20.0
18.657419681549072,0.12653750000000002,0.06986250000000001,-0.2970975,95.0,20,2,0.0,-20.0,-20.0,0.0,20.0,0.0,0.0,-20.0
18.73640537261963,0.127825,0.071375,-0.297805,95.0,20,2,0.0,-20.0,-20.0,0.0,20.0,0.0,0.0,-20.0
18.817391633987427,0.12827499999999997,0.07192500000000002,-0.298055,95.0,20,2,0.0,-20.0,-20.0,0.0,20.0,0.0,0.0,-20.0
18.913382053375244,0.1289,0.07267500000000002,-0.2984,95.0,20,2,0.0,-20.0,-20.0,0.0,20.0,0.0,0.0,-20.0
19.01138162612915,0.130125,0.07421249999999997,-0.2990675,95.0,20,2,0.0,-20.0,-20.0,0.0,20.0,0.0,0.0,-20.0
19.0933837890625,0.13128750000000003,0.07576249999999998,-0.29971499999999995,95.0,20,2,0.0,-20.0,-20.0,0.0,20.0,0.0,0.0,-20.0
19.17638063430786,0.1318875,0.07657499999999999,-0.300045,95.0,20,2,0.0,-20.0,-20.0,0.0,20.0,0.0,0.0,-20.0
19.287378311157227,0.1324875,0.07739999999999998,-0.30037,95.0,20,2,0.0,-20.0,-20.0,0.0,20.0,0.0,0.0,-20.0
19.383380889892578,0.13317500000000002,0.078375,-0.300745,95.0,20,2,0.0,-20.0,-20.0,0.0,20.0,0.0,0.0,-20.0
19.47938346862793,0.13377499999999998,0.07926249999999999,-0.30107999999999996,95.0,20,2,0.0,-20.0,-20.0,0.0,20.0,0.0,0.0,-20.0
19.576382398605347,0.13475,0.08072500000000002,-0.30161,95.0,20,1,0.0,-20.0,-20.0,0.0,20.0,0.0,0.0,-20.0
19.67238688468933,0.13536250000000002,0.08167500000000001,-0.30195,95.0,20,1,0.0,-20.0,-20.0,0.0,20.0,0.0,0.0,-20.0
19.7693932056427,0.1359625,0.0826125,-0.30227499999999996,95.0,20,1,0.0,-20.0,-20.0,0.0,20.0,0.0,0.0,-20.0
19.864379167556763,0.13652499999999998,0.08355000000000001,-0.30258999999999997,95.0,20,1,-20.0,-20.0,-20.0,0.0,0.0,20.0,0.0,0.0
19.961381196975708,0.13708749999999997,0.0845,-0.3029,95.0,20,1,-20.0,-20.0,-20.0,0.0,0.0,20.0,0.0,0.0
20.038381576538086,0.13766250000000002,0.08548750000000001,-0.30321,95.0,20,1,-20.0,-20.0,-20.0,0.0,0.0,20.0,0.0,0.0
20.134381532669067,0.13810000000000003,0.08630000000000002,-0.30346249999999997,95.0,20,1,-20.0,-20.0,-20.0,0.0,0.0,20.0,0.0,0.0
20.22838068008423,0.13866250000000002,0.08732499999999999,-0.30376749999999997,95.0,20,1,-20.0,-20.0,-20.0,0.0,0.0,20.0,0.0,0.0
20.332383394241333,0.1392125,0.088375,-0.30407,95.0,20,1,-20.0,-20.0,-20.0,0.0,0.0,20.0,0.0,0.0
20.441377639770508,0.1398625,0.0896375,-0.30442,95.0,20,0,-20.0,-20.0,-20.0,0.0,0.0,20.0,0.0,0.0
20.537394285202026,0.1402125,0.09035000000000003,-0.304615,95.0,20,1,-20.0,-20.0,-20.0,0.0,0.0,20.0,0.0,0.0
20.634385108947754,0.1406375,0.09122500000000003,-0.30484500000000003,95.0,20,1,-20.0,-20.0,-20.0,0.0,0.0,20.0,0.0,0.0
20.713379383087158,0.141,0.09203750000000002,-0.3050575,95.0,20,1,-20.0,-20.0,-20.0,0.0,0.0,20.0,0.0,0.0
20.79138422012329,0.1412875,0.09266250000000002,-0.30520749999999996,95.0,20,1,-20.0,-20.0,-20.0,0.0,0.0,20.0,0.0,0.0
20.872386693954468,0.1416375,0.09347500000000002,-0.30540249999999997,95.0,20,1,-20.0,-20.0,-20.0,0.0,0.0,20.0,0.0,0.0
20.965380430221558,0.14198750000000002,0.09427499999999998,-0.30560000000000004,95.0,20,1,-20.0,-20.0,-20.0,0.0,0.0,20.0,0.0,0.0
21.04538321495056,0.1423625,0.09517500000000001,-0.305805,95.0,20,1,-20.0,-20.0,-20.0,0.0,0.0,20.0,0.0,0.0
21.14139461517334,0.142625,0.0958125,-0.3059475,95.0,20,1,-20.0,-20.0,-20.0,0.0,0.0,20.0,0.0,0.0
21.237380266189575,0.14297500000000002,0.0966875,-0.30613999999999997,95.0,20,0,-20.0,-20.0,-20.0,0.0,0.0,20.0,0.0,0.0
21.333380937576294,0.1432625,0.09742500000000001,-0.30629,95.0,20,0,-20.0,-20.0,-20.0,0.0,0.0,20.0,0.0,0.0
21.44638991355896,0.14352499999999999,0.09813749999999999,-0.30644,95.0,20,0,-20.0,-20.0,-20.0,0.0,0.0,20.0,0.0,0.0
21.526390552520752,0.1437875,0.09885000000000002,-0.30657999999999996,95.0,20,0,-20.0,-20.0,-20.0,0.0,0.0,20.0,0.0,0.0
21.619388818740845,0.1440125,0.09947500000000002,-0.306705,95.0,20,1,-20.0,-20.0,-20.0,0.0,0.0,20.0,0.0,0.0
21.699440479278564,0.144275,0.10023750000000001,-0.30685,95.0,20,0,-20.0,-20.0,-20.0,0.0,0.0,20.0,0.0,0.0
21.78044867515564,0.14447500000000002,0.10086250000000001,-0.30696749999999995,95.0,20,1,-20.0,-20.0,-20.0,0.0,0.0,20.0,0.0,0.0
21.87543821334839,0.14471249999999997,0.1015625,-0.3070925,95.0,20,1,-20.0,-20.0,-20.0,0.0,0.0,20.0,0.0,0.0
21.95645546913147,0.144925,0.10226249999999999,-0.30721,95.0,20,0,-20.0,-20.0,-20.0,0.0,0.0,20.0,0.0,0.0
22.038437366485596,0.145125,0.102875,-0.3073225,95.0,20,1,-20.0,-20.0,-20.0,0.0,0.0,20.0,0.0,0.0
22.118441820144653,0.14532499999999998,0.10355000000000002,-0.3074275,95.0,20,1,-20.0,-20.0,-20.0,0.0,0.0,20.0,0.0,0.0
22.21444797515869,0.1455125,0.10416250000000002,-0.307535,95.0,20,1,-20.0,-20.0,-20.0,0.0,0.0,20.0,0.0,0.0
22.309439182281494,0.1457,0.10482499999999999,-0.30763,95.0,20,0,-20.0,-20.0,-20.0,0.0,0.0,20.0,0.0,0.0
22.408441305160522,0.145875,0.1054375,-0.30773,95.0,20,0,-20.0,-20.0,-20.0,0.0,0.0,20.0,0.0,0.0
22.51043963432312,0.14603750000000001,0.10605,-0.30782,95.0,20,0,-20.0,-20.0,-20.0,0.0,0.0,20.0,0.0,0.0
22.591437101364136,0.1461875,0.10664999999999998,-0.30791,95.0,20,0,-20.0,-20.0,-20.0,0.0,0.0,20.0,0.0,0.0
22.67144012451172,0.14635000000000004,0.10723750000000001,-0.3079875,95.0,20,1,-20.0,-20.0,-20.0,0.0,0.0,20.0,0.0,0.0
22.753437757492065,0.14648750000000002,0.10782499999999999,-0.30807,95.0,20,0,-20.0,-20.0,-20.0,0.0,0.0,20.0,0.0,0.0
22.833444118499756,0.146625,0.10841250000000002,-0.30815,95.0,20,0,-20.0,-20.0,-20.0,0.0,0.0,20.0,0.0,0.0
22.929441690444946,0.146775,0.10897500000000002,-0.30822000000000005,95.0,20,0,-20.0,-20.0,-20.0,0.0,0.0,20.0,0.0,0.0
23.011444091796875,0.14689999999999998,0.10953750000000002,-0.30829,95.0,20,0,-20.0,-20.0,-20.0,0.0,0.0,20.0,0.0,0.0
23.092443466186523,0.147025,0.11010000000000002,-0.30836,95.0,20,0,-20.0,-20.0,-20.0,0.0,0.0,20.0,0.0,0.0
23.17344856262207,0.14713749999999998,0.11063749999999999,-0.30843,95.0,20,0,-20.0,-20.0,-20.0,0.0,0.0,20.0,0.0,0.0
23.272435665130615,0.14725,0.11117500000000001,-0.30849,95.0,20,0,-20.0,-20.0,-20.0,0.0,0.0,20.0,0.0,0.0
23.35244655609131,0.1473625,0.11171249999999998,-0.30855,95.0,20,0,-20.0,-20.0,-20.0,0.0,0.0,20.0,0.0,0.0
23.44847798347473,0.14747500000000002,0.11223750000000002,-0.30861,95.0,20,0,-20.0,-20.0,-20.0,0.0,0.0,20.0,0.0,0.0
23.529443740844727,0.14757499999999998,0.11276249999999999,-0.30866000000000005,95.0,20,0,-20.0,-20.0,-20.0,0.0,0.0,20.0,0.0,0.0
23.637442111968994,0.147675,0.11327499999999997,-0.30872000000000005,95.0,20,0,-20.0,-20.0,-20.0,0.0,0.0,20.0,0.0,0.0
23.719440460205078,0.1477625,0.11377499999999997,-0.30877,95.0,20,0,-20.0,-20.0,-20.0,0.0,0.0,20.0,0.0,0.0
23.814454793930054,0.14785,0.11426249999999999,-0.30882,95.0,20,0,-20.0,-20.0,-20.0,0.0,0.0,20.0,0.0,0.0
23.910436868667603,0.1479375,0.11475,-0.30887,95.0,20,0,-20.0,-20.0,-20.0,0.0,0.0,20.0,0.0,0.0
24.00644612312317,0.148025,0.1152375,-0.30891,95.0,20,0,-20.0,-20.0,-20.0,0.0,0.0,20.0,0.0,0.0
24.08843970298767,0.1481,0.11571249999999998,-0.30895,95.0,20,0,-20.0,-20.0,-20.0,0.0,0.0,20.0,0.0,0.0
24.16943907737732,0.148175,0.11617500000000001,-0.309,95.0,20,0,-20.0,-20.0,-20.0,0.0,0.0,20.0,0.0,0.0
24.264439344406128,0.14825,0.11664999999999998,-0.30904000000000004,95.0,20,0,-20.0,-20.0,-20.0,0.0,0.0,20.0,0.0,0.0
24.34545350074768,0.14832499999999998,0.11710000000000002,-0.30907,95.0,20,0,-20.0,-20.0,-20.0,0.0,0.0,20.0,0.0,0.0
24.426437377929688,0.14838749999999998,0.11755000000000002,-0.30911,95.0,20,0,-20.0,-20.0,-20.0,0.0,0.0,20.0,0.0,0.0
24.508442640304565,0.14845,0.118,-0.30915,95.0,20,0,-20.0,-20.0,-20.0,0.0,0.0,20.0,0.0,0.0
24.58843684196472,0.1485125,0.1184375,-0.30918,95.0,20,0,-20.0,-20.0,-20.0,0.0,0.0,20.0,0.0,0.0
24.694437980651855,0.14857499999999998,0.118875,-0.30921,95.0,20,0,-20.0,-20.0,-20.0,0.0,0.0,20.0,0.0,0.0
24.774445056915283,0.148625,0.11930000000000002,-0.30925,95.0,20,0,-20.0,-20.0,-20.0,0.0,0.0,20.0,0.0,0.0
24.87043809890747,0.148675,0.11972500000000003,-0.30928,95.0,20,0,-20.0,-20.0,-20.0,0.0,0.0,20.0,0.0,0.0
24.949445486068726,0.14873750000000002,0.120125,-0.3093,95.0,20,0,-20.0,-20.0,-20.0,0.0,0.0,20.0,0.0,0.0
25.045448064804077,0.14878750000000002,0.12053750000000002,-0.30933,95.0,20,0,-20.0,-20.0,-20.0,0.0,0.0,20.0,0.0,0.0
25.12144136428833,0.14883749999999998,0.1209375,-0.30936,95.0,20,0,-20.0,-20.0,-20.0,0.0,0.0,20.0,0.0,0.0
25.20143699645996,0.148875,0.12133749999999997,-0.30938,95.0,20,0,-20.0,-20.0,-20.0,0.0,0.0,20.0,0.0,0.0
25.295440912246704,0.148925,0.12172500000000003,-0.30941,95.0,20,0,-20.0,-20.0,-20.0,0.0,0.0,20.0,0.0,0.0
25.391438484191895,0.14897500000000002,0.122125,-0.30943,95.0,20,0,-20.0,-20.0,-20.0,0.0,0.0,20.0,0.0,0.0
25.487446546554565,0.1490125,0.1225,-0.30945999999999996,95.0,20,0,-20.0,-20.0,-20.0,0.0,0.0,20.0,0.0,0.0
25.565443992614746,0.14905000000000002,0.122875,-0.30948000000000003,95.0,20,0,-20.0,-20.0,-20.0,0.0,0.0,20.0,0.0,0.0
25.660440921783447,0.14908749999999998,0.12325,-0.3095,95.0,20,0,-20.0,-20.0,-20.0,0.0,0.0,20.0,0.0,0.0
25.77243995666504,0.149125,0.123625,-0.30951999999999996,95.0,20,0,-20.0,-20.0,-20.0,0.0,0.0,20.0,0.0,0.0
25.853440046310425,0.14916250000000003,0.12397500000000003,-0.30954000000000004,95.0,20,0,-20.0,-20.0,-20.0,0.0,0.0,20.0,0.0,0.0
25.948434829711914,0.1491875,0.12433749999999998,-0.30956,95.0,20,0,-20.0,-20.0,-20.0,0.0,0.0,20.0,0.0,0.0
26.029443979263306,0.14922500000000002,0.1246875,-0.30957,95.0,20,0,-20.0,-20.0,-20.0,0.0,0.0,20.0,0.0,0.0
26.1244375705719,0.1492625,0.12502499999999997,-0.30959,95.0,20,0,-20.0,-20.0,-20.0,0.0,0.0,20.0,0.0,0.0
26.203441619873047,0.14928750000000002,0.125375,-0.30961,95.0,20,0,-20.0,-20.0,-20.0,0.0,0.0,20.0,0.0,0.0
26.300445795059204,0.1493125,0.12571249999999998,-0.30962,95.0,20,0,-20.0,-20.0,-20.0,0.0,0.0,20.0,0.0,0.0
26.382439613342285,0.14933749999999998,0.12605000000000002,-0.30963999999999997,95.0,20,0,-20.0,-20.0,-20.0,0.0,0.0,20.0,0.0,0.0
26.4774386882782,0.149375,0.126375,-0.30965,95.0,20,0,-20.0,-20.0,-20.0,0.0,0.0,20.0,0.0,0.0
26.5734384059906,0.14938749999999998,0.12669999999999998,-0.30967,95.0,20,0,-20.0,-20.0,-20.0,0.0,0.0,20.0,0.0,0.0
26.653446674346924,0.149425,0.12702499999999997,-0.30968,95.0,20,0,-20.0,-20.0,-20.0,0.0,0.0,20.0,0.0,0.0
26.732441902160645,0.1494375,0.127325,-0.30969,95.0,20,0,-20.0,-20.0,-20.0,0.0,0.0,20.0,0.0,0.0
26.839437007904053,0.14946249999999997,0.1276375,-0.30971,95.0,20,0,-20.0,-20.0,-20.0,0.0,0.0,20.0,0.0,0.0
26.93844437599182,0.14948750000000002,0.12794999999999998,-0.30972000000000005,95.0,20,0,-20.0,-20.0,-20.0,0.0,0.0,20.0,0.0,0.0
27.01743507385254,0.1495125,0.12825,-0.30973,95.0,20,0,-20.0,-20.0,-20.0,0.0,0.0,20.0,0.0,0.0
27.09844183921814,0.14952499999999996,0.12855,-0.30974,95.0,20,0,-20.0,-20.0,-20.0,0.0,0.0,20.0,0.0,0.0
27.18044424057007,0.14953750000000002,0.12883749999999997,-0.30975,95.0,20,0,-20.0,-20.0,-20.0,0.0,0.0,20.0,0.0,0.0
27.257436990737915,0.1495625,0.129125,-0.30976,95.0,20,0,-20.0,-20.0,-20.0,0.0,0.0,20.0,0.0,0.0
27.337440013885498,0.14957499999999999,0.129425,-0.30977,95.0,20,0,-20.0,-20.0,-20.0,0.0,0.0,20.0,0.0,0.0
27.41843867301941,0.1496,0.12969999999999998,-0.30978,95.0,20,0,-20.0,-20.0,-20.0,0.0,0.0,20.0,0.0,0.0
27.497437238693237,0.1496125,0.12997500000000003,-0.30979,95.0,20,0,-20.0,-20.0,-20.0,0.0,0.0,20.0,0.0,0.0
27.57944107055664,0.149625,0.13025,-0.3098,95.0,20,0,-20.0,-20.0,-20.0,0.0,0.0,20.0,0.0,0.0
27.656436681747437,0.14963749999999998,0.13052499999999997,-0.3098,95.0,20,0,-20.0,-20.0,-20.0,0.0,0.0,20.0,0.0,0.0
27.75243639945984,0.14966250000000003,0.13078750000000003,-0.30981000000000003,95.0,20,0,-20.0,-20.0,-20.0,0.0,0.0,20.0,0.0,0.0
27.854455947875977,0.149675,0.13105,-0.30982,95.0,20,0,-20.0,-20.0,-20.0,0.0,0.0,20.0,0.0,0.0
27.957446575164795,0.149675,0.1313125,-0.30983,95.0,20,0,-20.0,-20.0,-20.0,0.0,0.0,20.0,0.0,0.0
28.0394549369812,0.1497,0.131575,-0.30983,95.0,20,0,-20.0,-20.0,-20.0,0.0,0.0,20.0,0.0,0.0
28.118443727493286,0.14971249999999997,0.131825,-0.30983999999999995,95.0,20,0,-20.0,-20.0,-20.0,0.0,0.0,20.0,0.0,0.0
28.19943928718567,0.14972500000000002,0.132075,-0.30985,95.0,20,0,-20.0,-20.0,-20.0,0.0,0.0,20.0,0.0,0.0
28.293437957763672,0.14972500000000002,0.132325,-0.30985,95.0,20,0,-20.0,-20.0,-20.0,0.0,0.0,20.0,0.0,0.0
28.36943745613098,0.14973750000000002,0.1325625,-0.30986,95.0,20,0,-20.0,-20.0,-20.0,0.0,0.0,20.0,0.0,0.0
28.466448068618774,0.14975,0.1328,-0.30986,95.0,20,0,-20.0,-20.0,-20.0,0.0,0.0,20.0,0.0,0.0
28.546437978744507,0.1497625,0.13302499999999998,-0.30987,95.0,20,0,-20.0,-20.0,-20.0,0.0,0.0,20.0,0.0,0.0
28.64244532585144,0.14977499999999996,0.13327499999999998,-0.30987,95.0,20,0,-20.0,-20.0,-20.0,0.0,0.0,20.0,0.0,0.0
28.740464687347412,0.14977499999999996,0.1334875,-0.30988,95.0,20,0,-20.0,-20.0,-20.0,0.0,0.0,20.0,0.0,0.0
28.822437047958374,0.14978750000000002,0.133725,-0.30988,95.0,20,0,-20.0,-20.0,-20.0,0.0,0.0,20.0,0.0,0.0
28.926443815231323,0.14980000000000002,0.1339375,-0.30989,95.0,20,0,-20.0,-20.0,-20.0,0.0,0.0,20.0,0.0,0.0
29.035440683364868,0.1498125,0.13416250000000002,-0.30989,95.0,20,0,-20.0,-20.0,-20.0,0.0,0.0,20.0,0.0,0.0
29.13144063949585,0.1498125,0.134375,-0.30989999999999995,95.0,20,0,-20.0,-20.0,-20.0,0.0,0.0,20.0,0.0,0.0
29.21143865585327,0.14982499999999999,0.13458749999999997,-0.30989999999999995,95.0,20,0,-20.0,-20.0,-20.0,0.0,0.0,20.0,0.0,0.0
29.29343867301941,0.14982499999999999,0.1348125,-0.30991,95.0,20,0,-20.0,-20.0,-20.0,0.0,0.0,20.0,0.0,0.0
29.391456604003906,0.14983749999999998,0.13501249999999998,-0.30991,95.0,20,0,-20.0,-20.0,-20.0,0.0,0.0,20.0,0.0,0.0
29.48797583580017,0.14983749999999998,0.135225,-0.30991,95.0,20,0,-20.0,-20.0,-20.0,0.0,0.0,20.0,0.0,0.0
29.582974910736084,0.14985,0.13542500000000002,-0.30992000000000003,95.0,20,0,-20.0,-20.0,-20.0,0.0,0.0,20.0,0.0,0.0
29.679982662200928,0.1498625,0.135625,-0.30992000000000003,95.0,20,0,-20.0,-20.0,-20.0,0.0,0.0,20.0,0.0,0.0
29.759974002838135,0.1498625,0.135825,-0.30992000000000003,95.0,20,0,-20.0,-20.0,-20.0,0.0,0.0,20.0,0.0,0.0
29.85798215866089,0.149875,0.13601249999999998,-0.30993,95.0,20,0,-20.0,-20.0,-20.0,0.0,0.0,20.0,0.0,0.0
29.940971851348877,0.149875,0.1362,-0.30993,95.0,20,0,-20.0,-20.0,-20.0,0.0,0.0,20.0,0.0,0.0
30.053975343704224,0.149875,0.1363875,-0.30993,95.0,20,0,-20.0,-20.0,-20.0,0.0,0.0,20.0,0.0,0.0
30.131972789764404,0.149875,0.136575,-0.30993,95.0,20,0,-20.0,-20.0,-20.0,0.0,0.0,20.0,0.0,0.0
30.213972091674805,0.14988749999999998,0.13676249999999998,-0.30994,95.0,20,0,-20.0,-20.0,-20.0,0.0,0.0,20.0,0.0,0.0
30.292969942092896,0.14988749999999998,0.1369375,-0.30994,95.0,20,0,-20.0,-20.0,-20.0,0.0,0.0,20.0,0.0,0.0
30.373977184295654,0.14989999999999998,0.137125,-0.30994,95.0,20,0,-20.0,-20.0,-20.0,0.0,0.0,20.0,0.0,0.0
30.469969749450684,0.14989999999999998,0.1373,-0.30994,95.0,20,0,-20.0,-20.0,-20.0,0.0,0.0,20.0,0.0,0.0
30.547972202301025,0.14989999999999998,0.137475,-0.30995,95.0,20,0,-20.0,-20.0,-20.0,0.0,0.0,20.0,0.0,0.0
30.62797474861145,0.14991250000000003,0.13764999999999997,-0.30995,95.0,20,0,-20.0,-20.0,-20.0,0.0,0.0,20.0,0.0,0.0
30.70998477935791,0.14991250000000003,0.13782499999999998,-0.30995,95.0,20,0,-20.0,-20.0,-20.0,0.0,0.0,20.0,0.0,0.0
30.806976556777954,0.14991250000000003,0.13797500000000001,-0.30995,95.0,20,0,-20.0,-20.0,-20.0,0.0,0.0,20.0,0.0,0.0
30.886970281600952,0.149925,0.13814999999999997,-0.30995,95.0,20,0,-20.0,-20.0,-20.0,0.0,0.0,20.0,0.0,0.0
30.96197009086609,0.149925,0.1383125,-0.30995999999999996,95.0,20,0,-20.0,-20.0,-20.0,0.0,0.0,20.0,0.0,0.0
31.039968967437744,0.149925,0.13847500000000001,-0.30995999999999996,95.0,20,0,-20.0,-20.0,-20.0,0.0,0.0,20.0,0.0,0.0
31.144975900650024,0.149925,0.138625,-0.30995999999999996,95.0,20,0,-20.0,-20.0,-20.0,0.0,0.0,20.0,0.0,0.0
31.224968910217285,0.149925,0.13877499999999998,-0.30995999999999996,95.0,20,0,-20.0,-20.0,-20.0,0.0,0.0,20.0,0.0,0.0
31.305968284606934,0.149925,0.1389375,-0.30995999999999996,95.0,20,0,-20.0,-20.0,-20.0,0.0,0.0,20.0,0.0,0.0
31.38697838783264,0.1499375,0.13908749999999998,-0.30995999999999996,95.0,20,0,-20.0,-20.0,-20.0,0.0,0.0,20.0,0.0,0.0
31.467969179153442,0.1499375,0.13923750000000001,-0.30997,95.0,20,0,-20.0,-20.0,-20.0,0.0,0.0,20.0,0.0,0.0
31.56597900390625,0.1499375,0.1393875,-0.30997,95.0,20,0,-20.0,-20.0,-20.0,0.0,0.0,20.0,0.0,0.0
31.64197063446045,0.1499375,0.13952499999999998,-0.30997,95.0,20,0,-20.0,-20.0,-20.0,0.0,0.0,20.0,0.0,0.0
31.72201657295227,0.14995,0.13967500000000002,-0.30997,95.0,20,0,-20.0,-20.0,-20.0,0.0,0.0,20.0,0.0,0.0
31.799975633621216,0.14995,0.13982499999999998,-0.30997,95.0,20,0,-20.0,-20.0,-20.0,0.0,0.0,20.0,0.0,0.0
31.87797784805298,0.14995,0.1399625,-0.30997,95.0,20,0,-20.0,-20.0,-20.0,0.0,0.0,20.0,0.0,0.0
31.97497844696045,0.14995,0.14008749999999998,-0.30997,95.0,20,0,-20.0,-20.0,-20.0,0.0,0.0,20.0,0.0,0.0
32.06797218322754,0.14995,0.14022500000000002,-0.30997,95.0,20,0,-20.0,-20.0,-20.0,0.0,0.0,20.0,0.0,0.0
32.17797327041626,0.14996249999999997,0.1403625,-0.30998000000000003,95.0,20,0,-20.0,-20.0,-20.0,0.0,0.0,20.0,0.0,0.0
32.271968841552734,0.14996249999999997,0.14048750000000002,-0.30998000000000003,95.0,20,0,-20.0,-20.0,-20.0,0.0,0.0,20.0,0.0,0.0
32.369980812072754,0.14996249999999997,0.140625,-0.30998000000000003,95.0,20,0,-20.0,-20.0,-20.0,0.0,0.0,20.0,0.0,0.0
32.45096802711487,0.14996249999999997,0.14075,-0.30998000000000003,95.0,20,0,-20.0,-20.0,-20.0,0.0,0.0,20.0,0.0,0.0
32.595975160598755,0.14996249999999997,0.140875,-0.30998000000000003,79.74715042114258,20,0,-20.0,-20.0,-20.0,0.0,0.0,9.351501,10.648499,0.0
32.740970611572266,0.14996249999999997,0.141,-0.30998000000000003,66.35211181640625,20,0,-20.0,-20.0,-20.0,0.0,0.0,0.0,20.0,0.0
32.81897473335266,0.14997500000000002,0.141125,-0.30998000000000003,66.35211181640625,20,0,-20.0,-20.0,-20.0,0.0,0.0,0.0,20.0,0.0
32.91451692581177,0.14997500000000002,0.14125,-0.30998000000000003,66.35211181640625,20,0,-20.0,-20.0,-20.0,0.0,0.0,0.0,20.0,0.0
32.99350881576538,0.14997500000000002,0.141375,-0.30998000000000003,66.35211181640625,20,0,-20.0,-20.0,-20.0,0.0,0.0,0.0,20.0,0.0
33.08650803565979,0.14997500000000002,0.14148750000000002,-0.30998000000000003,66.35211181640625,20,0,-20.0,-20.0,-20.0,0.0,0.0,0.0,20.0,0.0
33.16551399230957,0.14997500000000002,0.14160000000000003,-0.30998000000000003,66.35211181640625,0,0,-20.0,-20.0,-20.0,0.0,0.0,0.0,20.0,0.0
33.24751424789429,0.14997500000000002,0.14172500000000002,-0.30998000000000003,66.35211181640625,0,0,0.0,0.0,0.0,-20.0,-20.0,-20.0,0.0,20.0
33.36451315879822,0.14997500000000002,0.14172500000000002,-0.309815,66.35211181640625,0,1,0.0,0.0,0.0,-20.0,-20.0,-20.0,0.0,20.0
33.482518911361694,0.14997500000000002,0.14176249999999999,-0.30835,66.35211181640625,0,2,0.0,0.0,0.0,-20.0,-20.0,0.0,-20.0,20.0
33.5625114440918,0.14997500000000002,0.1418125,-0.30655,66.35211181640625,0,3,0.0,0.0,0.0,-20.0,-20.0,0.0,-20.0,20.0
33.6605122089386,0.14997500000000002,0.14182499999999998,-0.306015,66.35211181640625,0,4,0.0,0.0,0.0,-20.0,-20.0,0.0,-20.0,20.0
33.75751757621765,0.14997500000000002,0.14183749999999998,-0.30554000000000003,66.35211181640625,0,4,0.0,0.0,0.0,-20.0,-20.0,0.0,-20.0,20.0
33.85551452636719,0.14997500000000002,0.141875,-0.30415,66.35211181640625,0,5,0.0,0.0,0.0,-20.0,-20.0,0.0,-20.0,20.0
33.95452952384949,0.14997500000000002,0.14195,-0.30179,66.35211181640625,0,5,0.0,0.0,0.0,-20.0,-20.0,0.0,-20.0,20.0
34.0535101890564,0.14997500000000002,0.1420375,-0.29875,66.35211181640625,0,6,0.0,0.0,0.0,-20.0,-20.0,0.0,-20.0,20.0
34.152519941329956,0.14997500000000002,0.1421375,-0.29559500000000005,66.35211181640625,0,6,0.0,0.0,0.0,-20.0,-20.0,0.0,-20.0,20.0
34.25151014328003,0.14997500000000002,0.14223750000000002,-0.29247500000000004,66.35211181640625,0,6,0.0,0.0,0.0,-20.0,-20.0,0.0,-20.0,20.0
34.35051488876343,0.14997500000000002,0.14233749999999998,-0.28933499999999995,66.35211181640625,0,6,0.0,0.0,0.0,-20.0,-20.0,0.0,-20.0,20.0
34.44850778579712,0.14997500000000002,0.14245,-0.28608999999999996,66.35211181640625,0,6,0.0,0.0,0.0,-20.0,-20.0,0.0,-20.0,20.0
34.59151339530945,0.14997500000000002,0.1425625,-0.282625,66.35211181640625,0,6,0.0,0.0,0.0,-20.0,-20.0,0.0,-20.0,20.0
34.695512771606445,0.14997500000000002,0.14271249999999996,-0.27852499999999997,66.35211181640625,0,5,0.0,0.0,0.0,-20.0,-20.0,0.0,-20.0,20.0
34.79251956939697,0.14997500000000002,0.1428125,-0.27576,66.35211181640625,0,5,0.0,0.0,0.0,-20.0,-20.0,0.0,-20.0,20.0
34.8885235786438,0.14997500000000002,0.14291250000000003,-0.273135,66.35211181640625,0,5,0.0,0.0,0.0,-20.0,-20.0,0.0,-20.0,20.0
34.98851132392883,0.14997500000000002,0.143,-0.270565,66.35211181640625,0,5,0.0,0.0,0.0,-20.0,-20.0,0.0,-20.0,20.0
35.086527585983276,0.14997500000000002,0.1431125,-0.267975,66.35211181640625,0,5,0.0,0.0,0.0,-20.0,-20.0,0.0,-20.0,20.0
35.18550992012024,0.14997500000000002,0.14322500000000002,-0.26542,66.35211181640625,0,5,0.0,0.0,0.0,-20.0,-20.0,0.0,-20.0,20.0
35.28451871871948,0.14998750000000002,0.14332499999999998,-0.2629475,66.35211181640625,0,5,0.0,0.0,0.0,-20.0,-20.0,0.0,-20.0,20.0
35.38151240348816,0.14998750000000002,0.14342500000000002,-0.2605575,66.35211181640625,0,5,0.0,0.0,0.0,-20.0,-20.0,0.0,-20.0,20.0
35.47952318191528,0.14998750000000002,0.1435125,-0.2584075,66.35211181640625,0,5,0.0,0.0,0.0,-20.0,-20.0,0.0,-20.0,20.0
35.577510595321655,0.14998750000000002,0.1436125,-0.2562975,66.35211181640625,0,5,0.0,0.0,0.0,-20.0,-20.0,0.0,-20.0,20.0
35.7215096950531,0.14998750000000002,0.14373750000000002,-0.25383500000000003,66.35211181640625,0,4,0.0,0.0,0.0,-20.0,-20.0,0.0,-20.0,20.0
35.82251024246216,0.14998750000000002,0.1438625,-0.2511225,66.35211181640625,0,4,0.0,0.0,0.0,-20.0,-20.0,0.0,-20.0,20.0
35.92150950431824,0.14998750000000002,0.14396249999999997,-0.249255,66.35211181640625,0,4,0.0,0.0,0.0,-20.0,-20.0,0.0,-20.0,20.0
36.017510414123535,0.14998750000000002,0.1440625,-0.24736000000000002,66.35211181640625,0,3,0.0,0.0,0.0,-20.0,-20.0,0.0,-20.0,20.0
36.11451029777527,0.14998750000000002,0.14416250000000003,-0.245535,66.35211181640625,0,3,0.0,0.0,0.0,-20.0,-20.0,0.0,-20.0,20.0
36.21251344680786,0.14998750000000002,0.1442625,-0.243725,66.35211181640625,0,3,0.0,0.0,0.0,-20.0,-20.0,0.0,-20.0,20.0
36.307533264160156,0.14998750000000002,0.144375,-0.24197,66.35211181640625,0,3,0.0,0.0,0.0,-20.0,-20.0,0.0,-20.0,20.0
36.40551042556763,0.14998750000000002,0.14446249999999997,-0.2403175,66.35211181640625,0,2,0.0,0.0,0.0,-20.0,-20.0,0.0,-20.0,20.0
36.50051236152649,0.14998750000000002,0.14457499999999998,-0.2386175,66.35211181640625,0,2,0.0,0.0,0.0,-20.0,-20.0,0.0,-20.0,20.0
36.59751343727112,0.14998750000000002,0.14464999999999997,-0.237405,66.35211181640625,0,2,0.0,0.0,0.0,-20.0,-20.0,0.0,-20.0,20.0
36.690513372421265,0.14998750000000002,0.144675,-0.2370125,66.35211181640625,0,2,20.0,0.0,0.0,-20.0,0.0,-20.0,-20.0,0.0
36.80751156806946,0.14998750000000002,0.14473750000000002,-0.2362225,66.35211181640625,0,3,20.0,0.0,0.0,-20.0,0.0,-20.0,-20.0,0.0
36.9070405960083,0.1496125,0.1447,-0.2343725,66.35211181640625,0,2,20.0,0.0,0.0,-20.0,0.0,-20.0,-20.0,0.0
37.005038261413574,0.14825,0.14425,-0.23223500000000002,66.35211181640625,0,3,20.0,0.0,0.0,-20.0,0.0,-20.0,-20.0,0.0
37.10403299331665,0.1463,0.14360000000000003,-0.229185,66.35211181640625,0,4,20.0,0.0,0.0,-20.0,0.0,-20.0,-20.0,0.0
37.202054262161255,0.14407499999999998,0.1428625,-0.22569999999999998,66.35211181640625,0,5,20.0,0.0,0.0,-20.0,0.0,-20.0,-20.0,0.0
37.30003833770752,0.1418875,0.142125,-0.222265,66.35211181640625,0,5,20.0,0.0,0.0,-20.0,0.0,-20.0,-20.0,0.0
37.38303732872009,0.13972500000000002,0.1413875,-0.218875,66.35211181640625,0,6,20.0,0.0,0.0,-20.0,0.0,-20.0,-20.0,0.0
37.484036684036255,0.137875,0.14075,-0.215985,66.35211181640625,0,6,20.0,0.0,0.0,-20.0,0.0,-20.0,-20.0,0.0
37.57757568359375,0.1356375,0.13997500000000002,-0.212475,66.35211181640625,0,7,20.0,0.0,0.0,-20.0,0.0,-20.0,-20.0,0.0
37.676573753356934,0.1335625,0.13925,-0.20923000000000003,66.35211181640625,0,8,20.0,0.0,0.0,-20.0,0.0,-20.0,-20.0,0.0
37.77410531044006,0.13136250000000002,0.13847500000000001,-0.205775,66.35211181640625,0,8,20.0,0.0,0.0,-20.0,0.0,-20.0,-20.0,0.0
37.89066553115845,0.1291875,0.1376875,-0.202355,66.35211181640625,0,9,20.0,0.0,0.0,-20.0,0.0,-20.0,-20.0,0.0
38.017656326293945,0.126375,0.13667500000000002,-0.197965,66.35211181640625,0,9,20.0,0.0,0.0,-20.0,0.0,-20.0,-20.0,0.0
38.09166765213013,0.12376249999999998,0.13571249999999999,-0.19387000000000001,66.35211181640625,0,10,20.0,0.0,0.0,-20.0,0.0,-20.0,-20.0,0.0
38.190661907196045,0.12211250000000001,0.13511250000000002,-0.19129500000000002,66.35211181640625,0,9,20.0,0.0,0.0,-20.0,0.0,-20.0,-20.0,0.0
38.261661529541016,0.11991250000000002,0.13427499999999998,-0.18783499999999997,66.35211181640625,0,10,20.0,0.0,0.0,-20.0,0.0,-20.0,-20.0,0.0
38.33667278289795,0.11833749999999997,0.13367500000000002,-0.18537,66.35211181640625,0,10,20.0,0.0,0.0,-20.0,0.0,-20.0,-20.0,0.0
38.43666100502014,0.11667500000000001,0.13303750000000003,-0.18275999999999998,66.35211181640625,0,9,20.0,0.0,0.0,-20.0,0.0,-20.0,-20.0,0.0
38.51065945625305,0.11444999999999998,0.13216250000000002,-0.17927500000000002,66.35211181640625,0,10,20.0,0.0,0.0,-20.0,0.0,-20.0,-20.0,0.0
38.58366131782532,0.1128125,0.13152499999999998,-0.17672,66.35211181640625,0,10,20.0,0.0,0.0,-20.0,0.0,-20.0,-20.0,0.0
38.68066334724426,0.11117500000000001,0.130875,-0.17415,66.35211181640625,0,9,20.0,0.0,0.0,-20.0,0.0,-20.0,-20.0,0.0
38.75666689872742,0.10901249999999998,0.13001249999999998,-0.170755,66.35211181640625,0,10,20.0,0.0,0.0,-20.0,0.0,-20.0,-20.0,0.0
38.85366129875183,0.10732499999999999,0.129325,-0.168125,66.35211181640625,0,9,20.0,0.0,0.0,-20.0,0.0,-20.0,-20.0,0.0
38.92766714096069,0.105175,0.12844999999999998,-0.164745,66.35211181640625,0,10,20.0,0.0,0.0,-20.0,0.0,-20.0,-20.0,0.0
39.02567410469055,0.10353750000000002,0.12777499999999997,-0.16218000000000002,66.35211181640625,0,9,20.0,0.0,0.0,-20.0,0.0,-20.0,-20.0,0.0
39.1196711063385,0.10119999999999998,0.12678750000000003,-0.158525,66.35211181640625,0,10,20.0,0.0,0.0,-20.0,0.0,-20.0,-20.0,0.0
39.22766304016113,0.0990625,0.125875,-0.15518,66.35211181640625,0,9,20.0,0.0,0.0,-20.0,0.0,-20.0,-20.0,0.0
39.29866027832031,0.09686250000000002,0.12491250000000002,-0.15172999999999998,66.35211181640625,0,10,20.0,0.0,0.0,-20.0,0.0,-20.0,-20.0,0.0
39.396660566329956,0.09527499999999997,0.12422500000000002,-0.14925,66.35211181640625,0,9,20.0,0.0,0.0,-20.0,0.0,-20.0,-20.0,0.0
39.469664573669434,0.09307499999999999,0.12325,-0.1458,66.35211181640625,0,10,20.0,0.0,0.0,-20.0,0.0,-20.0,-20.0,0.0
39.56866431236267,0.09146249999999997,0.12252499999999998,-0.14327,66.35211181640625,0,9,20.0,0.0,0.0,-20.0,0.0,-20.0,-20.0,0.0
39.642661333084106,0.08923750000000001,0.1215125,-0.13979499999999997,66.35211181640625,0,10,20.0,0.0,0.0,-20.0,0.0,-20.0,-20.0,0.0
39.738232374191284,0.08761250000000001,0.1207625,-0.137245,66.35211181640625,0,9,20.0,0.0,0.0,-20.0,0.0,-20.0,-20.0,0.0
39.81323480606079,0.08551249999999999,0.11977499999999998,-0.13394499999999998,66.35211181640625,0,10,20.0,0.0,0.0,-20.0,0.0,-20.0,-20.0,0.0
39.91323161125183,0.08383749999999998,0.11896249999999997,-0.131315,66.35211181640625,0,9,20.0,0.0,0.0,-20.0,0.0,-20.0,-20.0,0.0
39.98522925376892,0.081625,0.11788749999999999,-0.127855,66.35211181640625,0,10,20.0,0.0,0.0,-20.0,0.0,-20.0,-20.0,0.0
40.05823993682861,0.08002499999999997,0.11710000000000002,-0.125345,66.35211181640625,0,10,20.0,0.0,0.0,-20.0,0.0,-20.0,-20.0,0.0
40.1312301158905,0.078375,0.11628750000000002,-0.12276499999999999,66.35211181640625,0,10,20.0,0.0,0.0,-20.0,0.0,-20.0,-20.0,0.0
40.28325057029724,0.07677499999999998,0.11546249999999998,-0.120245,66.35211181640625,0,9,20.0,0.0,0.0,-20.0,0.0,-20.0,-20.0,0.0
40.362229347229004,0.07321249999999997,0.11360000000000002,-0.11467500000000001,66.35211181640625,0,10,20.0,0.0,0.0,-20.0,0.0,-20.0,-20.0,0.0
40.437243938446045,0.07161250000000001,0.11276249999999999,-0.11218,66.35211181640625,0,10,20.0,0.0,0.0,-20.0,0.0,-20.0,-20.0,0.0
40.509233713150024,0.0699375,0.11188749999999999,-0.10955000000000001,66.35211181640625,0,10,20.0,0.0,0.0,-20.0,0.0,-20.0,-20.0,0.0
40.607226848602295,0.06835000000000002,0.11102499999999997,-0.107065,66.35211181640625,0,9,20.0,0.0,0.0,-20.0,0.0,-20.0,-20.0,0.0
40.68024563789368,0.06616250000000003,0.10978750000000002,-0.10363999999999998,66.35211181640625,0,10,20.0,0.0,0.0,-20.0,0.0,-20.0,-20.0,0.0
40.75424289703369,0.06455000000000001,0.10886250000000001,-0.10110499999999999,66.35211181640625,0,10,20.0,0.0,0.0,-20.0,0.0,-20.0,-20.0,0.0
40.82623052597046,0.06288749999999999,0.10792500000000001,-0.09850999999999999,66.35211181640625,0,10,20.0,0.0,0.0,-20.0,0.0,-20.0,-20.0,0.0
40.898234367370605,0.0613125,0.10702499999999998,-0.096035,66.35211181640625,0,10,20.0,0.0,0.0,-20.0,0.0,-20.0,-20.0,0.0
40.99824786186218,0.0596875,0.1060625,-0.09350499999999999,66.35211181640625,0,9,20.0,0.0,0.0,-20.0,0.0,-20.0,-20.0,0.0
41.06922936439514,0.057475000000000026,0.10471249999999997,-0.09003,66.35211181640625,0,10,20.0,0.0,0.0,-20.0,0.0,-20.0,-20.0,0.0
41.16923213005066,0.055887499999999986,0.10373750000000001,-0.08754499999999998,66.35211181640625,0,9,20.0,0.0,0.0,-20.0,0.0,-20.0,-20.0,0.0
41.24123001098633,0.05366250000000002,0.1023125,-0.08406,66.35211181640625,0,10,20.0,0.0,0.0,-20.0,0.0,-20.0,-20.0,0.0
41.31422996520996,0.05205000000000001,0.10128750000000002,-0.08155000000000001,66.35211181640625,0,10,20.0,0.0,0.0,-20.0,0.0,-20.0,-20.0,0.0
41.462242126464844,0.0504375,0.10019999999999998,-0.07902,66.35211181640625,0,9,20.0,0.0,0.0,-20.0,0.0,-20.0,-20.0,0.0
41.574239015579224,0.046850000000000024,0.09772500000000002,-0.0734,66.35211181640625,0,9,20.0,0.0,0.0,-20.0,0.0,-20.0,-20.0,0.0
41.64624524116516,0.04466250000000002,0.09616250000000003,-0.06996000000000001,66.35211181640625,0,10,20.0,0.0,0.0,-20.0,0.0,-20.0,-20.0,0.0
41.74523091316223,0.04303750000000002,0.09496249999999998,-0.06742,66.35211181640625,0,9,20.0,0.0,0.0,-20.0,0.0,-20.0,-20.0,0.0
41.81823253631592,0.04086250000000001,0.09332499999999999,-0.06401,66.35211181640625,0,10,20.0,0.0,0.0,-20.0,0.0,-20.0,-20.0,0.0
41.91622877120972,0.03923750000000001,0.09203750000000002,-0.061465000000000006,66.35211181640625,0,9,20.0,0.0,0.0,-20.0,0.0,-20.0,-20.0,0.0
42.01623511314392,0.03703750000000002,0.09027499999999998,-0.05800999999999999,66.35211181640625,0,9,20.0,0.0,0.0,-20.0,0.0,-20.0,-20.0,0.0
42.08823776245117,0.03482499999999999,0.08841250000000002,-0.05454500000000002,66.35211181640625,0,10,20.0,0.0,0.0,-20.0,0.0,-20.0,-20.0,0.0
42.187233448028564,0.033199999999999986,0.08696249999999997,-0.052004999999999996,66.35211181640625,0,9,20.0,0.0,0.0,-20.0,0.0,-20.0,-20.0,0.0
42.259230852127075,0.031012499999999988,0.08496249999999998,-0.048579999999999984,66.35211181640625,0,10,20.0,0.0,0.0,-20.0,0.0,-20.0,-20.0,0.0
42.33323574066162,0.029412499999999994,0.08351249999999999,-0.04607499999999999,66.35211181640625,0,10,20.0,0.0,0.0,-20.0,0.0,-20.0,-20.0,0.0
42.4322304725647,0.027775000000000005,0.0818625,-0.043514999999999984,66.35211181640625,0,9,20.0,0.0,0.0,-20.0,0.0,-20.0,-20.0,0.0
42.505229234695435,0.02557499999999999,0.079625,-0.040074999999999986,66.35211181640625,0,10,20.0,0.0,0.0,-20.0,0.0,-20.0,-20.0,0.0
42.633238315582275,0.023962500000000005,0.077875,-0.037550000000000014,66.35211181640625,0,9,20.0,0.0,0.0,-20.0,0.0,-20.0,-20.0,0.0
42.72123146057129,0.02082499999999999,0.07428750000000002,-0.03262999999999999,66.35211181640625,0,10,20.0,0.0,0.0,-20.0,0.0,-20.0,-20.0,0.0
42.820228099823,0.0195,0.07267500000000002,-0.03055250000000001,66.35211181640625,0,9,20.0,0.0,0.0,-20.0,0.0,-20.0,-20.0,0.0
42.91923236846924,0.01823750000000001,0.07105000000000002,-0.028569999999999995,66.35211181640625,0,9,20.0,0.0,0.0,-20.0,0.0,-20.0,-20.0,0.0
42.99322843551636,0.01663749999999999,0.06888749999999999,-0.026060000000000003,66.35211181640625,0,10,20.0,0.0,0.0,-20.0,0.0,-20.0,-20.0,0.0
43.09023118019104,0.015612500000000012,0.06741250000000003,-0.024444999999999995,66.35211181640625,0,8,20.0,0.0,0.0,-20.0,0.0,-20.0,-20.0,0.0
43.19023108482361,0.014262499999999989,0.06538749999999999,-0.02233749999999998,66.35211181640625,0,8,20.0,0.0,0.0,-20.0,0.0,-20.0,-20.0,0.0
43.286234617233276,0.012787499999999995,0.06302499999999998,-0.020037500000000024,66.35211181640625,0,7,20.0,0.0,0.0,-20.0,0.0,-20.0,-20.0,0.0
43.383233308792114,0.011775000000000006,0.061274999999999975,-0.018442499999999997,66.35211181640625,0,7,20.0,0.0,0.0,-20.0,0.0,-20.0,-20.0,0.0
43.481236696243286,0.010762499999999989,0.0594375,-0.01685250000000002,66.35211181640625,0,8,20.0,0.0,0.0,-20.0,0.0,-20.0,-20.0,0.0
43.578232526779175,0.009900000000000006,0.0578125,-0.015524999999999978,66.35211181640625,0,8,20.0,0.0,0.0,-20.0,0.0,-20.0,-20.0,0.0
43.675233364105225,0.008974999999999995,0.05592500000000001,-0.014055000000000007,66.35211181640625,0,8,20.0,0.0,0.0,-20.0,0.0,-20.0,-20.0,0.0
43.810237407684326,0.007962500000000006,0.05369999999999999,-0.012472500000000025,66.35211181640625,0,7,20.0,0.0,0.0,-20.0,0.0,-20.0,-20.0,0.0
43.90623140335083,0.0071999999999999885,0.05188749999999999,-0.011269999999999981,66.35211181640625,0,5,0.0,20.0,0.0,0.0,-20.0,-20.0,-20.0,0.0
44.003241300582886,0.0065625,0.0503125,-0.010287500000000022,66.35211181640625,0,4,0.0,20.0,0.0,0.0,-20.0,-20.0,-20.0,0.0
44.09922981262207,0.005962500000000006,0.048699999999999986,-0.009334999999999979,66.35211181640625,0,2,0.0,20.0,0.0,0.0,-20.0,-20.0,-20.0,0.0
44.19623684883118,0.005412499999999995,0.04711250000000001,-0.008470000000000028,66.35211181640625,0,1,0.0,20.0,0.0,0.0,-20.0,-20.0,-20.0,0.0
44.2952356338501,0.0051999999999999885,0.04647500000000002,-0.008127499999999998,66.35211181640625,0,1,0.0,20.0,0.0,0.0,-20.0,-20.0,-20.0,0.0
44.37626075744629,0.004974999999999994,0.045774999999999975,-0.007774999999999977,66.35211181640625,0,1,0.0,20.0,0.0,0.0,-20.0,-20.0,-20.0,0.0
44.457231521606445,0.004800000000000012,0.04526249999999999,-0.0075199999999999816,66.35211181640625,0,1,0.0,20.0,0.0,0.0,-20.0,-20.0,-20.0,0.0
44.53622889518738,0.004637499999999989,0.044712499999999974,-0.007252499999999998,66.35211181640625,0,1,0.0,20.0,0.0,0.0,-20.0,-20.0,-20.0,0.0
44.63324809074402,0.0044625000000000055,0.04416250000000002,-0.006990000000000009,66.35211181640625,0,1,0.0,20.0,0.0,0.0,-20.0,-20.0,-20.0,0.0
44.73023176193237,0.0042624999999999885,0.04347500000000002,-0.006675000000000012,66.35211181640625,0,1,0.0,20.0,0.0,0.0,-20.0,-20.0,-20.0,0.0
44.84523057937622,0.004050000000000011,0.04276249999999999,-0.006355000000000019,66.35211181640625,0,1,0.0,20.0,0.0,0.0,-20.0,-20.0,-20.0,0.0
44.953237771987915,0.0038125,0.041850000000000026,-0.005959999999999979,66.35211181640625,0,0,0.0,20.0,0.0,0.0,-20.0,-20.0,-20.0,0.0
45.032251596450806,0.003675000000000011,0.041350000000000026,-0.00575,66.35211181640625,0,1,0.0,20.0,0.0,0.0,-20.0,-20.0,-20.0,0.0
45.1122350692749,0.0035625,0.040912500000000025,-0.005572499999999991,66.35211181640625,0,1,0.0,20.0,0.0,0.0,-20.0,-20.0,-20.0,0.0
45.208232402801514,0.0034124999999999945,0.04030000000000001,-0.005329999999999984,66.35211181640625,0,1,0.0,20.0,0.0,0.0,-20.0,-20.0,-20.0,0.0
45.28723692893982,0.003237500000000011,0.03964999999999998,-0.0050774999999999865,66.35211181640625,0,1,0.0,20.0,0.0,0.0,-20.0,-20.0,-20.0,0.0
45.385234355926514,0.003137499999999989,0.039225000000000024,-0.0049200000000000155,66.35211181640625,0,1,0.0,20.0,0.0,0.0,-20.0,-20.0,-20.0,0.0
45.46528196334839,0.002974999999999994,0.038550000000000015,-0.004677500000000009,66.35211181640625,0,1,0.0,20.0,0.0,0.0,-20.0,-20.0,-20.0,0.0
45.56225109100342,0.0028874999999999886,0.03813749999999999,-0.004527499999999975,66.35211181640625,0,1,0.0,20.0,0.0,0.0,-20.0,-20.0,-20.0,0.0
45.64323568344116,0.00275,0.037487500000000014,-0.0043025000000000094,66.35211181640625,0,1,0.0,20.0,0.0,0.0,-20.0,-20.0,-20.0,0.0
45.721232175827026,0.0026500000000000056,0.037050000000000013,-0.0041575000000000275,66.35211181640625,0,1,0.0,20.0,0.0,0.0,-20.0,-20.0,-20.0,0.0
45.81723403930664,0.0025500000000000115,0.0365625,-0.0039925000000000065,66.35211181640625,0,1,0.0,20.0,0.0,0.0,-20.0,-20.0,-20.0,0.0
45.9182391166687,0.0024250000000000113,0.03596250000000001,-0.003810000000000002,66.35211181640625,0,0,0.0,20.0,0.0,0.0,-20.0,-20.0,-20.0,0.0
46.030285120010376,0.0023249999999999885,0.03547499999999999,-0.003649999999999977,66.35211181640625,0,0,0.0,20.0,0.0,0.0,-20.0,-20.0,-20.0,0.0
46.10923385620117,0.002237500000000011,0.03497499999999999,-0.003509999999999991,66.35211181640625,0,0,0.0,20.0,0.0,0.0,-20.0,-20.0,-20.0,0.0
46.18923306465149,0.0021624999999999943,0.03455000000000001,-0.003384999999999991,66.35211181640625,0,1,0.0,20.0,0.0,0.0,-20.0,-20.0,-20.0,0.0
46.28623628616333,0.0020749999999999887,0.0340625,-0.003240000000000009,66.35211181640625,0,1,0.0,20.0,0.0,0.0,-20.0,-20.0,-20.0,0.0
46.3812313079834,0.001974999999999994,0.0335625,-0.003100000000000023,66.35211181640625,0,0,0.0,20.0,0.0,0.0,-20.0,-20.0,-20.0,0.0
46.481229066848755,0.0019000000000000056,0.0331,-0.0029800000000000182,66.35211181640625,0,0,0.0,20.0,0.0,0.0,-20.0,-20.0,-20.0,0.0
46.55923342704773,0.0018249999999999885,0.032650000000000005,-0.0028600000000000136,66.35211181640625,0,0,0.0,20.0,0.0,0.0,-20.0,-20.0,-20.0,0.0
46.638232707977295,0.00175,0.032199999999999986,-0.00275,66.35211181640625,0,0,0.0,20.0,0.0,0.0,-20.0,-20.0,-20.0,0.0
46.735233545303345,0.0016750000000000113,0.031762499999999985,-0.0026399999999999865,66.35211181640625,0,0,0.0,20.0,0.0,0.0,-20.0,-20.0,-20.0,0.0
46.814229249954224,0.001625,0.03132499999999999,-0.002529999999999973,66.35211181640625,0,0,0.0,20.0,0.0,0.0,-20.0,-20.0,-20.0,0.0
46.89422941207886,0.0015500000000000114,0.030900000000000007,-0.002430000000000007,66.35211181640625,0,0,0.0,20.0,0.0,0.0,-20.0,-20.0,-20.0,0.0
46.993232011795044,0.0014875000000000114,0.030474999999999995,-0.002329999999999984,66.35211181640625,0,0,0.0,20.0,0.0,0.0,-20.0,-20.0,-20.0,0.0
47.102237701416016,0.0014250000000000113,0.0300625,-0.002240000000000009,66.35211181640625,0,0,0.0,20.0,0.0,0.0,-20.0,-20.0,-20.0,0.0
47.19923543930054,0.001375,0.02963749999999999,-0.0021499999999999774,66.35211181640625,0,0,0.0,20.0,0.0,0.0,-20.0,-20.0,-20.0,0.0
47.27622961997986,0.0013249999999999887,0.02923750000000001,-0.0020600000000000024,66.35211181640625,0,0,0.0,20.0,0.0,0.0,-20.0,-20.0,-20.0,0.0
47.35623812675476,0.0012624999999999887,0.028837500000000005,-0.001980000000000018,66.35211181640625,0,0,0.0,20.0,0.0,0.0,-20.0,-20.0,-20.0,0.0
47.452231645584106,0.0012125000000000057,0.0284375,-0.0018999999999999772,66.35211181640625,0,0,0.0,20.0,0.0,0.0,-20.0,-20.0,-20.0,0.0
47.55123972892761,0.0011750000000000113,0.028050000000000012,-0.0018199999999999933,66.35211181640625,0,0,0.0,20.0,0.0,0.0,-20.0,-20.0,-20.0,0.0
47.63123536109924,0.001125,0.027675000000000012,-0.00175,66.35211181640625,0,0,0.0,20.0,0.0,0.0,-20.0,-20.0,-20.0,0.0
47.72723388671875,0.0010749999999999887,0.027287499999999996,-0.0016800000000000068,66.35211181640625,0,0,0.0,20.0,0.0,0.0,-20.0,-20.0,-20.0,0.0
47.8232319355011,0.0010250000000000057,0.02692500000000001,-0.0016100000000000135,66.35211181640625,0,0,0.0,20.0,0.0,0.0,-20.0,-20.0,-20.0,0.0
47.90322661399841,0.0009875000000000114,0.02655000000000001,-0.0015500000000000114,66.35211181640625,0,0,0.0,20.0,0.0,0.0,-20.0,-20.0,-20.0,0.0
48.0002326965332,0.0009499999999999886,0.02617500000000001,-0.0014900000000000091,66.35211181640625,0,0,0.0,20.0,0.0,0.0,-20.0,-20.0,-20.0,0.0
48.1052303314209,0.0009124999999999943,0.02582499999999999,-0.0014300000000000068,66.35211181640625,0,0,0.0,20.0,0.0,0.0,-20.0,-20.0,-20.0,0.0
48.217241287231445,0.000875,0.025474999999999994,-0.0013700000000000045,66.35211181640625,0,0,0.0,20.0,0.0,0.0,-20.0,-20.0,-20.0,0.0
48.29523992538452,0.0008375000000000057,0.025125,-0.0013199999999999933,66.35211181640625,0,0,0.0,20.0,0.0,0.0,-20.0,-20.0,-20.0,0.0
48.390238523483276,0.0008125,0.024775000000000005,-0.001259999999999991,66.35211181640625,0,0,0.0,20.0,0.0,0.0,-20.0,-20.0,-20.0,0.0
48.48623275756836,0.0007750000000000057,0.0244375,-0.0012099999999999795,66.35211181640625,0,0,0.0,20.0,0.0,0.0,-20.0,-20.0,-20.0,0.0
48.56423044204712,0.0007375000000000114,0.024099999999999993,-0.001160000000000025,66.35211181640625,0,0,0.0,20.0,0.0,0.0,-20.0,-20.0,-20.0,0.0
48.66323208808899,0.0007125000000000057,0.023775000000000004,-0.0011200000000000045,66.35211181640625,0,0,0.0,20.0,0.0,0.0,-20.0,-20.0,-20.0,0.0
48.74323105812073,0.0006875,0.023449999999999988,-0.0010699999999999933,66.35211181640625,0,0,0.0,20.0,0.0,0.0,-20.0,-20.0,-20.0,0.0
48.842230558395386,0.0006624999999999944,0.023125,-0.0010299999999999728,66.35211181640625,0,0,0.0,20.0,0.0,0.0,-20.0,-20.0,-20.0,0.0
48.92124104499817,0.000625,0.0228125,-0.000990000000000009,66.35211181640625,0,0,0.0,20.0,0.0,0.0,-20.0,-20.0,-20.0,0.0
49.00225305557251,0.0006125000000000114,0.0225,-0.0009499999999999886,66.35211181640625,0,0,0.0,20.0,0.0,0.0,-20.0,-20.0,-20.0,0.0
49.084232568740845,0.0005749999999999886,0.0221875,-0.000910000000000025,66.35211181640625,0,0,0.0,20.0,0.0,0.0,-20.0,-20.0,-20.0,0.0
49.17223119735718,0.0005625,0.02188749999999999,-0.0008799999999999955,66.35211181640625,0,0,0.0,20.0,0.0,0.0,-20.0,-20.0,-20.0,0.0
49.27023887634277,0.0005374999999999944,0.021587500000000006,-0.000839999999999975,66.35211181640625,0,0,0.0,20.0,0.0,0.0,-20.0,-20.0,-20.0,0.0
49.36724138259888,0.0005250000000000057,0.021287499999999994,-0.0008100000000000022,66.35211181640625,0,0,0.0,20.0,0.0,0.0,-20.0,-20.0,-20.0,0.0
49.44523000717163,0.00048750000000001136,0.021,-0.0007699999999999819,66.35211181640625,0,0,0.0,20.0,0.0,0.0,-20.0,-20.0,-20.0,0.0
49.527246952056885,0.0004749999999999943,0.020712500000000005,-0.0007400000000000091,66.35211181640625,0,0,0.0,20.0,0.0,0.0,-20.0,-20.0,-20.0,0.0
49.60522961616516,0.00046250000000000566,0.020425000000000013,-0.0007099999999999795,66.35211181640625,0,0,0.0,20.0,0.0,0.0,-20.0,-20.0,-20.0,0.0
49.68523955345154,0.0004375,0.020150000000000005,-0.0006899999999999977,66.35211181640625,0,0,0.0,20.0,0.0,0.0,-20.0,-20.0,-20.0,0.0
49.78125882148743,0.00042500000000001136,0.019875,-0.000660000000000025,66.35211181640625,0,0,0.0,20.0,0.0,0.0,-20.0,-20.0,-20.0,0.0
49.860384464263916,0.0004000000000000057,0.019599999999999996,-0.0006299999999999955,66.35211181640625,0,0,0.0,20.0,0.0,0.0,-20.0,-20.0,-20.0,0.0
49.95638990402222,0.00038749999999998866,0.019324999999999988,-0.0006100000000000136,66.35211181640625,0,0,0.0,20.0,0.0,0.0,-20.0,-20.0,-20.0,0.0
50.05038619041443,0.000375,0.019074999999999988,-0.0005799999999999841,66.35211181640625,0,0,0.0,20.0,0.0,0.0,-20.0,-20.0,-20.0,0.0
50.13140511512756,0.00036250000000001136,0.01880000000000001,-0.0005600000000000022,66.35211181640625,0,0,0.0,20.0,0.0,0.0,-20.0,-20.0,-20.0,0.0
50.21339821815491,0.0003375000000000057,0.01855000000000001,-0.0005400000000000205,66.35211181640625,0,0,0.0,20.0,0.0,0.0,-20.0,-20.0,-20.0,0.0
50.324383020401,0.00032499999999998866,0.018287499999999995,-0.0005099999999999909,66.35211181640625,0,0,0.0,20.0,0.0,0.0,-20.0,-20.0,-20.0,0.0
50.403385639190674,0.00032499999999998866,0.018037499999999995,-0.0004900000000000091,66.35211181640625,0,0,0.0,20.0,0.0,0.0,-20.0,-20.0,-20.0,0.0
50.49838209152222,0.00030000000000001136,0.01780000000000001,-0.0004700000000000273,66.35211181640625,0,0,0.0,20.0,0.0,0.0,-20.0,-20.0,-20.0,0.0
50.58040714263916,0.0002874999999999943,0.01755000000000001,-0.0004599999999999795,66.35211181640625,0,0,0.0,20.0,0.0,0.0,-20.0,-20.0,-20.0,0.0
50.661386251449585,0.0002750000000000057,0.0173125,-0.00043999999999999774,66.35211181640625,0,0,0.0,20.0,0.0,0.0,-20.0,-20.0,-20.0,0.0
50.75738763809204,0.0002750000000000057,0.01707499999999999,-0.0004200000000000159,66.35211181640625,0,0,0.0,20.0,0.0,0.0,-20.0,-20.0,-20.0,0.0
50.838385343551636,0.00026249999999998865,0.016837500000000005,-0.00039999999999997725,66.35211181640625,0,0,0.0,20.0,0.0,0.0,-20.0,-20.0,-20.0,0.0
50.93537998199463,0.00025,0.016612500000000013,-0.00038999999999998633,66.35211181640625,0,0,0.0,20.0,0.0,0.0,-20.0,-20.0,-20.0,0.0
51.01738381385803,0.00023750000000001136,0.016375,-0.00037000000000000455,66.35211181640625,0,0,0.0,20.0,0.0,0.0,-20.0,-20.0,-20.0,0.0
51.097384452819824,0.00022499999999999433,0.016162499999999993,-0.00036000000000001363,66.35211181640625,0,0,0.0,20.0,0.0,0.0,-20.0,-20.0,-20.0,0.0
51.17339110374451,0.00022499999999999433,0.0159375,-0.000339999999999975,66.35211181640625,0,0,0.0,20.0,0.0,0.0,-20.0,-20.0,-20.0,0.0
51.254393339157104,0.00021250000000000568,0.015724999999999996,-0.00032999999999998406,66.35211181640625,0,0,0.0,20.0,0.0,0.0,-20.0,-20.0,-20.0,0.0
51.37039661407471,0.00019999999999998863,0.0155,-0.0003199999999999932,66.35211181640625,0,0,0.0,20.0,0.0,0.0,-20.0,-20.0,-20.0,0.0
51.460387229919434,0.0001875,0.015287499999999994,-0.00030000000000001136,66.35211181640625,0,0,0.0,20.0,0.0,0.0,-20.0,-20.0,-20.0,0.0
51.53938937187195,0.0001875,0.01507499999999999,-0.00029000000000002044,66.35211181640625,0,0,0.0,20.0,0.0,0.0,-20.0,-20.0,-20.0,0.0
51.61438202857971,0.00017500000000001136,0.014875,-0.0002799999999999727,66.35211181640625,0,0,0.0,20.0,0.0,0.0,-20.0,-20.0,-20.0,0.0
51.69038105010986,0.00017500000000001136,0.014675000000000011,-0.0002699999999999818,66.35211181640625,0,0,0.0,20.0,0.0,0.0,-20.0,-20.0,-20.0,0.0
51.77138805389404,0.00016249999999999433,0.014474999999999995,-0.0002599999999999909,66.35211181640625,0,0,0.0,20.0,0.0,0.0,-20.0,-20.0,-20.0,0.0
51.848384380340576,0.00016249999999999433,0.014275000000000006,-0.00025,66.35211181640625,0,0,0.0,20.0,0.0,0.0,-20.0,-20.0,-20.0,0.0
51.9283881187439,0.00015000000000000568,0.014074999999999989,-0.00024000000000000909,66.35211181640625,0,0,0.0,20.0,0.0,0.0,-20.0,-20.0,-20.0,0.0
52.02038550376892,0.00015000000000000568,0.013875,-0.0002300000000000182,66.35211181640625,0,0,0.0,20.0,0.0,0.0,-20.0,-20.0,-20.0,0.0
52.09938621520996,0.00013749999999998862,0.0136875,-0.00022000000000002728,66.35211181640625,0,0,0.0,20.0,0.0,0.0,-20.0,-20.0,-20.0,0.0
52.197391510009766,0.000125,0.013512499999999988,-0.00020999999999997954,66.35211181640625,0,0,0.0,20.0,0.0,0.0,-20.0,-20.0,-20.0,0.0
52.27838492393494,0.000125,0.013324999999999988,-0.00019999999999998863,66.35211181640625,0,0,0.0,20.0,0.0,0.0,-20.0,-20.0,-20.0,0.0
52.359387159347534,0.000125,0.01313749999999999,-0.00018999999999999773,66.35211181640625,0,0,0.0,20.0,0.0,0.0,-20.0,-20.0,-20.0,0.0
52.471386671066284,0.000125,0.012962500000000005,-0.00018999999999999773,66.35211181640625,0,0,0.0,20.0,0.0,0.0,-20.0,-20.0,-20.0,0.0
52.55038094520569,0.00011250000000001137,0.012775000000000005,-0.00018000000000000681,66.35211181640625,0,0,0.0,20.0,0.0,0.0,-20.0,-20.0,-20.0,0.0
52.64539456367493,0.00011250000000001137,0.01261250000000001,-0.00017000000000001592,66.35211181640625,0,0,0.0,20.0,0.0,0.0,-20.0,-20.0,-20.0,0.0
52.74138331413269,9.999999999999431e-05,0.01242500000000001,-0.000160000000000025,66.35211181640625,0,0,0.0,20.0,0.0,0.0,-20.0,-20.0,-20.0,0.0
52.82142353057861,9.999999999999431e-05,0.012262499999999989,-0.000160000000000025,66.35211181640625,0,0,0.0,20.0,0.0,0.0,-20.0,-20.0,-20.0,0.0
52.91639471054077,9.999999999999431e-05,0.012087500000000006,-0.00014999999999997727,66.35211181640625,0,0,0.0,20.0,0.0,0.0,-20.0,-20.0,-20.0,0.0
53.01438546180725,8.750000000000568e-05,0.011925000000000012,-0.00014999999999997727,66.35211181640625,0,0,0.0,20.0,0.0,0.0,-20.0,-20.0,-20.0,0.0
53.09538531303406,8.750000000000568e-05,0.011775000000000006,-0.00013999999999998635,66.35211181640625,0,0,0.0,20.0,0.0,0.0,-20.0,-20.0,-20.0,0.0
53.17538285255432,8.750000000000568e-05,0.011599999999999994,-0.00012999999999999546,66.35211181640625,0,0,0.0,20.0,0.0,0.0,-20.0,-20.0,-20.0,0.0
53.25538158416748,7.499999999998864e-05,0.011449999999999988,-0.00012999999999999546,66.35211181640625,0,0,0.0,20.0,0.0,0.0,-20.0,-20.0,-20.0,0.0
53.33639335632324,7.499999999998864e-05,0.011287499999999994,-0.00012000000000000454,66.35211181640625,0,0,0.0,20.0,0.0,0.0,-20.0,-20.0,-20.0,0.0
53.41738438606262,7.499999999998864e-05,0.011125,-0.00012000000000000454,66.35211181640625,0,0,0.0,20.0,0.0,0.0,-20.0,-20.0,-20.0,0.0
53.49738669395447,7.499999999998864e-05,0.010974999999999995,-0.00011000000000001364,66.35211181640625,0,0,0.0,20.0,0.0,0.0,-20.0,-20.0,-20.0,0.0
53.60540962219238,7.499999999998864e-05,0.01082499999999999,-0.00011000000000001364,66.35211181640625,0,0,0.0,20.0,0.0,0.0,-20.0,-20.0,-20.0,0.0
53.703399896621704,7.499999999998864e-05,0.010675000000000011,-0.00010000000000002273,66.35211181640625,0,0,0.0,20.0,0.0,0.0,-20.0,-20.0,-20.0,0.0
53.78338265419006,6.25e-05,0.010537499999999995,-0.00010000000000002273,66.35211181640625,0,0,0.0,20.0,0.0,0.0,-20.0,-20.0,-20.0,0.0
53.86538505554199,6.25e-05,0.010387499999999989,-0.00010000000000002273,66.35211181640625,0,0,0.0,20.0,0.0,0.0,-20.0,-20.0,-20.0,0.0
53.94438552856445,6.25e-05,0.01025,-8.999999999997499e-05,66.35211181640625,0,0,0.0,20.0,0.0,0.0,-20.0,-20.0,-20.0,0.0
54.03938388824463,6.25e-05,0.010112500000000012,-8.999999999997499e-05,66.35211181640625,0,0,0.0,20.0,0.0,0.0,-20.0,-20.0,-20.0,0.0
54.119384765625,5.0000000000011366e-05,0.009974999999999994,-8.999999999997499e-05,66.35211181640625,0,0,0.0,20.0,0.0,0.0,-20.0,-20.0,-20.0,0.0
54.21538257598877,5.0000000000011366e-05,0.009824999999999988,-7.999999999998408e-05,66.35211181640625,0,0,0.0,20.0,0.0,0.0,-20.0,-20.0,-20.0,0.0
54.31038427352905,5.0000000000011366e-05,0.009699999999999988,-7.999999999998408e-05,66.35211181640625,0,0,0.0,20.0,0.0,0.0,-20.0,-20.0,-20.0,0.0
54.40538549423218,5.0000000000011366e-05,0.009574999999999988,-7.999999999998408e-05,66.35211181640625,0,0,0.0,20.0,0.0,0.0,-20.0,-20.0,-20.0,0.0
54.56538271903992,5.0000000000011366e-05,0.0094375,-6.999999999999318e-05,69.31723403930664,0,0,0.0,17.929953,2.0700474,0.0,-20.0,-20.0,-20.0,0.0
54.736411571502686,3.749999999999432e-05,0.0093125,-6.999999999999318e-05,74.06839561462402,0,0,0.0,14.613018,5.386982,0.0,-20.0,-20.0,-20.0,0.0
54.8953812122345,3.749999999999432e-05,0.009175000000000011,-6.999999999999318e-05,78.75712776184082,0,0,0.0,11.3396635,8.6603365,0.0,-20.0,-20.0,-20.0,0.0
55.05539798736572,3.749999999999432e-05,0.009050000000000011,-6.000000000000227e-05,83.30398464202881,0,0,0.0,8.165359,11.834641,0.0,-20.0,-20.0,-20.0,0.0
55.198387145996094,3.749999999999432e-05,0.008925000000000011,-6.000000000000227e-05,87.5810899734497,0,0,0.0,5.1793766,14.820623,0.0,-20.0,-20.0,-20.0,0.0
55.35839009284973,3.749999999999432e-05,0.0088125,-6.000000000000227e-05,91.43634557723999,0,0,0.0,2.4878995,17.5121,0.0,-20.0,-20.0,-20.0,0.0
55.503387212753296,3.749999999999432e-05,0.0086875,-6.000000000000227e-05,95.0,0,0,0.0,0.0,20.0,0.0,-20.0,-20.0,-20.0,0.0
55.58538794517517,2.5000000000005683e-05,0.008574999999999989,-5.0000000000011366e-05,95.0,0,0,0.0,0.0,20.0,0.0,-20.0,-20.0,-20.0,0.0
55.668392181396484,2.5000000000005683e-05,0.008449999999999989,-5.0000000000011366e-05,95.0,0,0,0.0,0.0,20.0,0.0,-20.0,-20.0,-20.0,0.0
55.7773814201355,2.5000000000005683e-05,0.008324999999999989,-5.0000000000011366e-05,95.0,0,0,0.0,0.0,20.0,0.0,-20.0,-20.0,-20.0,0.0
55.85640621185303,2.5000000000005683e-05,0.008224999999999994,-5.0000000000011366e-05,95.0,0,0,0.0,0.0,20.0,0.0,-20.0,-20.0,-20.0,0.0
55.94938540458679,2.5000000000005683e-05,0.008112500000000012,-5.0000000000011366e-05,95.0,0,0,0.0,0.0,20.0,0.0,-20.0,-20.0,-20.0,0.0
56.02938795089722,2.5000000000005683e-05,0.008,-4.000000000002046e-05,95.0,0,0,0.0,0.0,20.0,0.0,-20.0,-20.0,-20.0,0.0
56.1103949546814,2.5000000000005683e-05,0.007887499999999988,-4.000000000002046e-05,95.0,0,0,0.0,0.0,20.0,0.0,-20.0,-20.0,-20.0,0.0
56.189388036727905,2.5000000000005683e-05,0.007775000000000006,-4.000000000002046e-05,95.0,0,0,0.0,0.0,20.0,0.0,-20.0,-20.0,-20.0,0.0