Current Date: Thu 08 Sep 2022 22:42:48
Object Position (x,y,z)(m): 0,0,-0.305
Target Position (x,y,z)(m): 0.15,0.15,-0.31
Time,x (m),y (m),z (m),grasp angle (deg),force,Buffer Length,Move to Pre Grasp,Move to grasp,grasp,lift after grasp,move to pre release,move to release,release,lift after release
0.16498398780822754,0.0,0.0,0.0,66.35211181640625,0,0,20.0,0.0,0.0,-20.0,0.0,-20.0,-20.0,0.0
0.27898216247558594,0.0,0.0,-0.0010899999999999749,66.35211181640625,0,1,20.0,0.0,0.0,-20.0,0.0,-20.0,-20.0,0.0
0.35898470878601074,0.0,0.0,-0.0031750000000000116,66.35211181640625,0,2,20.0,0.0,0.0,-20.0,0.0,-20.0,-20.0,0.0
0.45450377464294434,0.0,0.0,-0.005540000000000021,66.35211181640625,0,3,20.0,0.0,0.0,-20.0,0.0,-20.0,-20.0,0.0
0.5345051288604736,0.0,0.0,-0.008504999999999995,66.35211181640625,0,4,20.0,0.0,0.0,-20.0,0.0,-20.0,-20.0,0.0
0.6175146102905273,0.0,0.0,-0.01036250000000001,66.35211181640625,0,5,20.0,0.0,0.0,-20.0,0.0,-20.0,-20.0,0.0
0.7095067501068115,0.0,0.0,-0.011610000000000014,66.35211181640625,0,6,20.0,0.0,0.0,-20.0,0.0,-20.0,-20.0,0.0
0.7875063419342041,0.0,0.0,-0.012199999999999989,66.35211181640625,0,6,20.0,0.0,0.0,-20.0,0.0,-20.0,-20.0,0.0
0.8825066089630127,0.0,0.0,-0.012569999999999993,66.35211181640625,0,7,20.0,0.0,0.0,-20.0,0.0,-20.0,-20.0,0.0
0.9785056114196777,0.0,0.0,-0.013852500000000021,66.35211181640625,0,8,20.0,0.0,0.0,-20.0,0.0,-20.0,-20.0,0.0
1.061509609222412,0.0,0.0,-0.01606,66.35211181640625,0,9,20.0,0.0,0.0,-20.0,0.0,-20.0,-20.0,0.0
1.1335060596466064,0.0,0.0,-0.018680000000000006,66.35211181640625,0,10,20.0,0.0,0.0,-20.0,0.0,-20.0,-20.0,0.0
1.2005033493041992,0.0,0.0,-0.021214999999999973,66.35211181640625,0,10,20.0,0.0,0.0,-20.0,0.0,-20.0,-20.0,0.0
1.271505355834961,0.0,0.0,-0.02356,66.35211181640625,0,10,20.0,0.0,0.0,-20.0,0.0,-20.0,-20.0,0.0
1.4005684852600098,0.0,0.0,-0.026339999999999975,66.35211181640625,0,9,20.0,0.0,0.0,-20.0,0.0,-20.0,-20.0,0.0
1.4760832786560059,0.0,0.0,-0.030815,66.35211181640625,0,10,20.0,0.0,0.0,-20.0,0.0,-20.0,-20.0,0.0
1.5481953620910645,0.0,0.0,-0.03318000000000001,66.35211181640625,0,10,20.0,0.0,0.0,-20.0,0.0,-20.0,-20.0,0.0
1.6437256336212158,0.0,0.0,-0.03569499999999999,66.35211181640625,0,9,20.0,0.0,0.0,-20.0,0.0,-20.0,-20.0,0.0
1.71571946144104,0.0,0.0,-0.039060000000000004,66.35211181640625,0,10,20.0,0.0,0.0,-20.0,0.0,-20.0,-20.0,0.0
1.7857179641723633,0.0,0.0,-0.04154000000000002,66.35211181640625,0,10,20.0,0.0,0.0,-20.0,0.0,-20.0,-20.0,0.0
1.8537180423736572,0.0,0.0,-0.04398500000000001,66.35211181640625,0,10,20.0,0.0,0.0,-20.0,0.0,-20.0,-20.0,0.0
1.9477202892303467,0.0,0.0,-0.04638999999999999,66.35211181640625,0,9,20.0,0.0,0.0,-20.0,0.0,-20.0,-20.0,0.0
2.0212395191192627,0.0,0.0,-0.049629999999999994,66.35211181640625,0,10,20.0,0.0,0.0,-20.0,0.0,-20.0,-20.0,0.0
2.095242977142334,0.0,0.0,-0.05219,66.35211181640625,0,10,20.0,0.0,0.0,-20.0,0.0,-20.0,-20.0,0.0
2.1712465286254883,0.0,0.0,-0.054755,66.35211181640625,0,10,20.0,0.0,0.0,-20.0,0.0,-20.0,-20.0,0.0
2.2662384510040283,0.0,0.0,-0.05744999999999999,66.35211181640625,0,9,20.0,0.0,0.0,-20.0,0.0,-20.0,-20.0,0.0
2.3362443447113037,0.0,0.0,-0.06073500000000001,66.35211181640625,0,10,20.0,0.0,0.0,-20.0,0.0,-20.0,-20.0,0.0
2.408236503601074,0.0,0.0,-0.06319,66.35211181640625,0,10,20.0,0.0,0.0,-20.0,0.0,-20.0,-20.0,0.0
2.486241102218628,0.0,0.0,-0.06566499999999999,66.35211181640625,0,10,20.0,0.0,0.0,-20.0,0.0,-20.0,-20.0,0.0
2.6162402629852295,0.0,0.0,-0.06883000000000002,66.35211181640625,0,9,20.0,0.0,0.0,-20.0,0.0,-20.0,-20.0,0.0
2.6872408390045166,0.0,0.0,-0.07288499999999999,66.35211181640625,0,10,20.0,0.0,0.0,-20.0,0.0,-20.0,-20.0,0.0
2.759239435195923,0.0,0.0,-0.07537999999999999,66.35211181640625,0,10,20.0,0.0,0.0,-20.0,0.0,-20.0,-20.0,0.0
2.856248378753662,0.0,0.0,-0.07787999999999999,66.35211181640625,0,9,20.0,0.0,0.0,-20.0,0.0,-20.0,-20.0,0.0
2.924238443374634,0.0,0.0,-0.08127000000000001,66.35211181640625,0,10,20.0,0.0,0.0,-20.0,0.0,-20.0,-20.0,0.0
2.995250701904297,0.0,0.0,-0.083625,66.35211181640625,0,10,20.0,0.0,0.0,-20.0,0.0,-20.0,-20.0,0.0
3.093238115310669,0.0,0.0,-0.08612,66.35211181640625,0,9,20.0,0.0,0.0,-20.0,0.0,-20.0,-20.0,0.0
3.1642425060272217,0.0,0.0,-0.08951499999999998,66.35211181640625,0,10,20.0,0.0,0.0,-20.0,0.0,-20.0,-20.0,0.0
3.2352423667907715,0.0,0.0,-0.09198500000000001,66.35211181640625,0,10,20.0,0.0,0.0,-20.0,0.0,-20.0,-20.0,0.0
3.3322360515594482,0.0,0.0,-0.09447,66.35211181640625,0,9,20.0,0.0,0.0,-20.0,0.0,-20.0,-20.0,0.0
3.4042434692382812,0.0,0.0,-0.097835,66.35211181640625,0,10,20.0,0.0,0.0,-20.0,0.0,-20.0,-20.0,0.0
3.4772512912750244,0.0,0.0,-0.10038,66.35211181640625,0,10,20.0,0.0,0.0,-20.0,0.0,-20.0,-20.0,0.0
3.572237253189087,0.0,0.0,-0.10288999999999998,66.35211181640625,0,9,20.0,0.0,0.0,-20.0,0.0,-20.0,-20.0,0.0
3.6702425479888916,0.0,0.0,-0.10669,66.35211181640625,0,10,20.0,0.0,0.0,-20.0,0.0,-20.0,-20.0,0.0
3.750765562057495,0.0,0.0,-0.10995500000000001,66.35211181640625,0,10,20.0,0.0,0.0,-20.0,0.0,-20.0,-20.0,0.0
3.8473308086395264,0.0,0.0,-0.11246,66.35211181640625,0,9,20.0,0.0,0.0,-20.0,0.0,-20.0,-20.0,0.0
3.919323205947876,0.0,0.0,-0.11580000000000001,66.35211181640625,0,10,20.0,0.0,0.0,-20.0,0.0,-20.0,-20.0,0.0
3.989307403564453,0.0,0.0,-0.11833500000000001,66.35211181640625,0,10,20.0,0.0,0.0,-20.0,0.0,-20.0,-20.0,0.0
4.0573179721832275,0.0,0.0,-0.120725,66.35211181640625,0,10,20.0,0.0,0.0,-20.0,0.0,-20.0,-20.0,0.0
4.12931489944458,0.0,0.0,-0.12312000000000001,66.35211181640625,0,10,20.0,0.0,0.0,-20.0,0.0,-20.0,-20.0,0.0
4.2013092041015625,0.0,0.0,-0.125625,66.35211181640625,0,10,20.0,0.0,0.0,-20.0,0.0,-20.0,-20.0,0.0
4.273314952850342,0.0,0.0,-0.128125,66.35211181640625,0,10,20.0,0.0,0.0,-20.0,0.0,-20.0,-20.0,0.0
4.345312595367432,0.0,0.0,-0.13066,66.35211181640625,0,10,20.0,0.0,0.0,-20.0,0.0,-20.0,-20.0,0.0
4.415323734283447,0.0,0.0,-0.13315000000000002,66.35211181640625,0,10,20.0,0.0,0.0,-20.0,0.0,-20.0,-20.0,0.0
4.484308958053589,0.0,0.0,-0.13559000000000002,66.35211181640625,0,10,20.0,0.0,0.0,-20.0,0.0,-20.0,-20.0,0.0
4.557322025299072,0.0,0.0,-0.13799,66.35211181640625,0,10,20.0,0.0,0.0,-20.0,0.0,-20.0,-20.0,0.0
4.652313947677612,0.0,0.0,-0.14054,66.35211181640625,0,9,20.0,0.0,0.0,-20.0,0.0,-20.0,-20.0,0.0
4.726311683654785,0.0,0.0,-0.14385,66.35211181640625,0,10,20.0,0.0,0.0,-20.0,0.0,-20.0,-20.0,0.0
4.800310134887695,0.0,0.0,-0.14642,66.35211181640625,0,10,20.0,0.0,0.0,-20.0,0.0,-20.0,-20.0,0.0
4.89530873298645,0.0,0.0,-0.149535,66.35211181640625,0,10,20.0,0.0,0.0,-20.0,0.0,-20.0,-20.0,0.0
4.968311786651611,0.0,0.0,-0.15255000000000002,66.35211181640625,0,10,20.0,0.0,0.0,-20.0,0.0,-20.0,-20.0,0.0
5.039309024810791,0.0,0.0,-0.15488,66.35211181640625,0,10,20.0,0.0,0.0,-20.0,0.0,-20.0,-20.0,0.0
5.108310222625732,0.0,0.0,-0.157335,66.35211181640625,0,10,20.0,0.0,0.0,-20.0,0.0,-20.0,-20.0,0.0
5.2038493156433105,0.0,0.0,-0.15974000000000002,66.35211181640625,0,9,20.0,0.0,0.0,-20.0,0.0,-20.0,-20.0,0.0
5.278844833374023,0.0,0.0,-0.163095,66.35211181640625,0,10,20.0,0.0,0.0,-20.0,0.0,-20.0,-20.0,0.0
5.3518593311309814,0.0,0.0,-0.16568,66.35211181640625,0,10,20.0,0.0,0.0,-20.0,0.0,-20.0,-20.0,0.0
5.422844171524048,0.0,0.0,-0.16821,66.35211181640625,0,10,20.0,0.0,0.0,-20.0,0.0,-20.0,-20.0,0.0
5.494846820831299,0.0,0.0,-0.17068,66.35211181640625,0,10,20.0,0.0,0.0,-20.0,0.0,-20.0,-20.0,0.0
5.567861080169678,0.0,0.0,-0.1732,66.35211181640625,0,10,20.0,0.0,0.0,-20.0,0.0,-20.0,-20.0,0.0
5.639848232269287,0.0,0.0,-0.17577,66.35211181640625,0,10,20.0,0.0,0.0,-20.0,0.0,-20.0,-20.0,0.0
5.710860252380371,0.0,0.0,-0.17828,66.35211181640625,0,10,20.0,0.0,0.0,-20.0,0.0,-20.0,-20.0,0.0
5.779845952987671,0.0,0.0,-0.18071,66.35211181640625,0,10,20.0,0.0,0.0,-20.0,0.0,-20.0,-20.0,0.0
5.861860275268555,0.0,0.0,-0.18313,66.35211181640625,0,9,20.0,0.0,0.0,-20.0,0.0,-20.0,-20.0,0.0
5.932847499847412,0.0,0.0,-0.186,66.35211181640625,0,10,20.0,0.0,0.0,-20.0,0.0,-20.0,-20.0,0.0
6.031847953796387,0.0,0.0,-0.18898,66.35211181640625,0,10,20.0,0.0,0.0,-20.0,0.0,-20.0,-20.0,0.0
6.113842487335205,0.0,0.0,-0.192255,66.35211181640625,0,10,20.0,0.0,0.0,-20.0,0.0,-20.0,-20.0,0.0
6.185365200042725,0.0,0.0,-0.194775,66.35211181640625,0,10,20.0,0.0,0.0,-20.0,0.0,-20.0,-20.0,0.0
6.2593770027160645,0.0,0.0,-0.19729500000000003,66.35211181640625,0,10,20.0,0.0,0.0,-20.0,0.0,-20.0,-20.0,0.0
6.357366323471069,0.0,0.0,-0.19985,66.35211181640625,0,9,20.0,0.0,0.0,-20.0,0.0,-20.0,-20.0,0.0
6.427374601364136,0.0,0.0,-0.203255,66.35211181640625,0,10,20.0,0.0,0.0,-20.0,0.0,-20.0,-20.0,0.0
6.498365163803101,0.0,0.0,-0.20567500000000002,66.35211181640625,0,10,20.0,0.0,0.0,-20.0,0.0,-20.0,-20.0,0.0
6.569379091262817,0.0,0.0,-0.20817000000000002,66.35211181640625,0,10,20.0,0.0,0.0,-20.0,0.0,-20.0,-20.0,0.0
6.64336633682251,0.0,0.0,-0.21064499999999997,66.35211181640625,0,10,20.0,0.0,0.0,-20.0,0.0,-20.0,-20.0,0.0
6.714374780654907,0.0,0.0,-0.21320999999999998,66.35211181640625,0,10,20.0,0.0,0.0,-20.0,0.0,-20.0,-20.0,0.0
6.8114893436431885,0.0,0.0,-0.21569999999999998,66.35211181640625,0,9,20.0,0.0,0.0,-20.0,0.0,-20.0,-20.0,0.0
6.88002610206604,0.0,0.0,-0.21908499999999997,66.35211181640625,0,10,20.0,0.0,0.0,-20.0,0.0,-20.0,-20.0,0.0
6.952559471130371,0.0,0.0,-0.22145499999999999,66.35211181640625,0,10,20.0,0.0,0.0,-20.0,0.0,-20.0,-20.0,0.0
7.024571180343628,0.0,0.0,-0.22403,66.35211181640625,0,10,20.0,0.0,0.0,-20.0,0.0,-20.0,-20.0,0.0
7.120561361312866,0.0,0.0,-0.22651999999999997,66.35211181640625,0,9,20.0,0.0,0.0,-20.0,0.0,-20.0,-20.0,0.0
7.213560581207275,0.0,0.0,-0.23016,66.35211181640625,0,10,20.0,0.0,0.0,-20.0,0.0,-20.0,-20.0,0.0
7.2925801277160645,0.0,0.0,-0.233405,66.35211181640625,0,10,0.0,20.0,0.0,0.0,-20.0,-20.0,-20.0,0.0
7.372558116912842,0.0,0.0,-0.235835,66.35211181640625,0,9,0.0,20.0,0.0,0.0,-20.0,-20.0,-20.0,0.0
7.444563150405884,0.0,0.0,-0.23865,66.35211181640625,0,10,0.0,20.0,0.0,0.0,-20.0,-20.0,-20.0,0.0
7.517559766769409,0.0,0.0,-0.241155,66.35211181640625,0,10,0.0,20.0,0.0,0.0,-20.0,-20.0,-20.0,0.0
7.615567922592163,0.0,0.0,-0.24368,66.35211181640625,0,9,0.0,20.0,0.0,0.0,-20.0,-20.0,-20.0,0.0
7.686573266983032,0.0,0.0,-0.24710500000000002,66.35211181640625,0,10,0.0,20.0,0.0,0.0,-20.0,-20.0,-20.0,0.0
7.756556272506714,0.0,0.0,-0.249595,66.35211181640625,0,10,0.0,20.0,0.0,0.0,-20.0,-20.0,-20.0,0.0
7.851569414138794,0.0,0.0,-0.251995,66.35211181640625,0,9,0.0,20.0,0.0,0.0,-20.0,-20.0,-20.0,0.0
7.923559188842773,0.0,0.0,-0.255305,66.35211181640625,0,10,0.0,20.0,0.0,0.0,-20.0,-20.0,-20.0,0.0
8.016562938690186,0.0,0.0,-0.257805,66.35211181640625,0,9,0.0,20.0,0.0,0.0,-20.0,-20.0,-20.0,0.0
8.08556079864502,0.0,0.0,-0.261055,66.35211181640625,0,10,0.0,20.0,0.0,0.0,-20.0,-20.0,-20.0,0.0
8.156563520431519,0.0,0.0,-0.263475,66.35211181640625,0,10,0.0,20.0,0.0,0.0,-20.0,-20.0,-20.0,0.0
8.226562023162842,0.0,0.0,-0.26597000000000004,66.35211181640625,0,10,0.0,20.0,0.0,0.0,-20.0,-20.0,-20.0,0.0
8.308560848236084,0.0,0.0,-0.26839999999999997,66.35211181640625,0,10,0.0,20.0,0.0,0.0,-20.0,-20.0,-20.0,0.0
8.402560472488403,0.0,0.0,-0.271655,66.35211181640625,0,10,0.0,20.0,0.0,0.0,-20.0,-20.0,-20.0,0.0
8.500103950500488,0.0,0.0,-0.27464999999999995,66.35211181640625,0,9,0.0,20.0,0.0,0.0,-20.0,-20.0,-20.0,0.0
8.574110984802246,0.0,0.0,-0.27792,66.35211181640625,0,10,0.0,20.0,0.0,0.0,-20.0,-20.0,-20.0,0.0
8.64210033416748,0.0,0.0,-0.28052999999999995,66.35211181640625,0,10,0.0,20.0,0.0,0.0,-20.0,-20.0,-20.0,0.0
8.738629341125488,0.0,0.0,-0.282885,66.35211181640625,0,9,0.0,20.0,0.0,0.0,-20.0,-20.0,-20.0,0.0
8.80961561203003,0.0,0.0,-0.286265,66.35211181640625,0,10,0.0,20.0,0.0,0.0,-20.0,-20.0,-20.0,0.0
8.879622459411621,0.0,0.0,-0.288735,66.35211181640625,0,10,0.0,20.0,0.0,0.0,-20.0,-20.0,-20.0,0.0
8.976636409759521,0.0,0.0,-0.29116000000000003,66.35211181640625,0,9,0.0,20.0,0.0,0.0,-20.0,-20.0,-20.0,0.0
9.136619567871094,0.0,0.0,-0.2945,84.82376670837402,0,9,0.0,7.104351,12.895649,0.0,-20.0,-20.0,-20.0,0.0
9.296614408493042,0.0,0.0,-0.29864999999999997,95.0,0,6,0.0,0.0,20.0,0.0,-20.0,-20.0,-20.0,0.0
9.374615907669067,0.0,0.0,-0.30098250000000004,95.0,0,4,0.0,0.0,20.0,0.0,-20.0,-20.0,-20.0,0.0
9.492210626602173,0.0,0.0,-0.30169,95.0,0,4,0.0,0.0,20.0,0.0,-20.0,-20.0,-20.0,0.0
9.568198204040527,0.0,0.0,-0.3021575,95.0,0,1,0.0,0.0,20.0,0.0,-20.0,-20.0,-20.0,0.0
9.645199537277222,0.0,0.0,-0.302315,95.0,0,1,0.0,0.0,20.0,0.0,-20.0,-20.0,-20.0,0.0
9.724195718765259,0.0,0.0,-0.3024275,95.0,0,1,0.0,0.0,20.0,0.0,-20.0,-20.0,-20.0,0.0
9.798193454742432,0.0,0.0,-0.30252999999999997,95.0,20,0,0.0,0.0,20.0,0.0,-20.0,-20.0,-20.0,0.0
9.87827467918396,0.0,0.0,-0.30263,95.0,20,0,-20.0,-20.0,0.0,20.0,0.0,0.0,0.0,-20.0
9.95626974105835,0.0,0.0,-0.302465,95.0,20,1,-20.0,-20.0,0.0,20.0,0.0,0.0,0.0,-20.0
10.03326964378357,0.0,0.0,-0.3017025,95.0,20,2,-20.0,-20.0,0.0,20.0,0.0,0.0,0.0,-20.0
10.127278327941895,0.0,0.0,-0.30037,95.0,20,3,-20.0,-20.0,0.0,20.0,0.0,0.0,0.0,-20.0
10.20626449584961,0.0,0.0,-0.2991075,95.0,20,4,-20.0,-20.0,0.0,20.0,0.0,0.0,0.0,-20.0
10.286279439926147,0.0,0.0,-0.2987225,95.0,20,4,-20.0,-20.0,0.0,20.0,0.0,0.0,0.0,-20.0
10.381265640258789,0.0,0.0,-0.29829,95.0,20,5,-20.0,-20.0,0.0,20.0,0.0,0.0,0.0,-20.0
10.478268384933472,0.0,0.0,-0.296945,95.0,20,6,-20.0,-20.0,0.0,20.0,0.0,0.0,0.0,-20.0
10.60580849647522,0.0,0.0,-0.294655,95.0,20,6,-20.0,-16.28469,-3.7153091,20.0,0.0,0.0,0.0,-20.0
10.710810899734497,0.0,0.0,-0.29006,95.0,20,6,-20.0,0.0,-20.0,20.0,0.0,0.0,0.0,-20.0
10.806823015213013,0.0,0.0,-0.28670999999999996,95.0,20,6,-20.0,0.0,-20.0,20.0,0.0,0.0,0.0,-20.0
10.902871131896973,0.0,0.0,-0.283395,95.0,20,6,-20.0,0.0,-20.0,20.0,0.0,0.0,0.0,-20.0
10.996869564056396,0.0,0.0,-0.280005,95.0,20,6,-20.0,0.0,-20.0,20.0,0.0,0.0,0.0,-20.0
11.09287142753601,0.0,0.0,-0.27675,95.0,20,6,-20.0,0.0,-20.0,20.0,0.0,0.0,0.0,-20.0
11.19096064567566,0.0,0.0,-0.27342500000000003,95.0,20,6,-20.0,0.0,-20.0,20.0,0.0,0.0,0.0,-20.0
11.28446912765503,0.0,0.0,-0.270495,95.0,20,6,-20.0,0.0,-20.0,20.0,0.0,0.0,0.0,-20.0
11.382468461990356,0.0,0.0,-0.2679325,95.0,20,6,-20.0,0.0,-20.0,20.0,0.0,0.0,0.0,-20.0
11.478474378585815,0.0,0.0,-0.26534,95.0,20,6,-20.0,0.0,-20.0,20.0,0.0,0.0,0.0,-20.0
11.559468269348145,0.0,0.0,-0.2628175,95.0,20,6,-20.0,0.0,-20.0,20.0,0.0,0.0,0.0,-20.0
11.656476497650146,0.0,0.0,-0.26073250000000003,95.0,20,6,-20.0,0.0,-20.0,20.0,0.0,0.0,0.0,-20.0
11.79746699333191,0.0,0.0,-0.25805,95.0,20,6,-20.0,0.0,-20.0,20.0,0.0,0.0,0.0,-20.0
11.892469882965088,0.0,0.0,-0.25479,95.0,20,5,-20.0,0.0,-20.0,20.0,0.0,0.0,0.0,-20.0
11.988346099853516,0.0,0.0,-0.25260750000000004,95.0,20,5,-20.0,0.0,-20.0,20.0,0.0,0.0,0.0,-20.0
12.084420680999756,0.0,0.0,-0.2505625,95.0,20,5,-20.0,0.0,-20.0,20.0,0.0,0.0,0.0,-20.0
12.163417100906372,0.0,0.0,-0.24853,95.0,20,5,-20.0,0.0,-20.0,20.0,0.0,0.0,0.0,-20.0
12.260426759719849,0.0,0.0,-0.246925,95.0,20,5,-20.0,0.0,-20.0,20.0,0.0,0.0,0.0,-20.0
12.356417894363403,0.0,0.0,-0.2449725,95.0,20,5,-20.0,0.0,-20.0,20.0,0.0,0.0,0.0,-20.0
12.436420440673828,0.0,0.0,-0.243125,95.0,20,4,-20.0,0.0,-20.0,20.0,0.0,0.0,0.0,-20.0
12.515416145324707,0.0,0.0,-0.24158,95.0,20,4,-20.0,0.0,-20.0,20.0,0.0,0.0,0.0,-20.0
12.612418413162231,0.0,0.0,-0.2400775,95.0,20,4,-20.0,0.0,-20.0,20.0,0.0,0.0,0.0,-20.0
12.708422899246216,0.0,0.0,-0.23833249999999997,95.0,20,4,-20.0,0.0,-20.0,20.0,0.0,0.0,0.0,-20.0
12.802479028701782,0.0,0.0,-0.23657,95.0,20,4,-20.0,0.0,-20.0,20.0,0.0,0.0,0.0,-20.0
12.927416324615479,0.0,0.0,-0.23476249999999999,95.0,20,3,-20.0,0.0,-20.0,20.0,0.0,0.0,0.0,-20.0
13.009415864944458,0.0,0.0,-0.232785,95.0,20,3,-20.0,0.0,-20.0,20.0,0.0,0.0,0.0,-20.0
13.103416204452515,0.0,0.0,-0.2314825,95.0,20,3,-20.0,0.0,-20.0,20.0,0.0,0.0,0.0,-20.0
13.197418689727783,0.0,0.0,-0.229995,95.0,20,2,0.0,-20.0,-20.0,0.0,20.0,0.0,0.0,-20.0
13.27341628074646,0.0,0.0,-0.228755,95.0,20,2,0.0,-20.0,-20.0,0.0,20.0,0.0,0.0,-20.0
13.348416328430176,0.0,0.0,-0.22839249999999997,95.0,20,2,0.0,-20.0,-20.0,0.0,20.0,0.0,0.0,-20.0
13.427422761917114,0.0006875,0.00023750000000001136,-0.22876749999999998,95.0,20,3,0.0,-20.0,-20.0,0.0,20.0,0.0,0.0,-20.0
13.522416353225708,0.0025500000000000115,0.000875,-0.2297825,95.0,20,4,0.0,-20.0,-20.0,0.0,20.0,0.0,0.0,-20.0
13.603431701660156,0.0061374999999999885,0.0020999999999999942,-0.23173500000000002,95.0,20,4,0.0,-20.0,-20.0,0.0,20.0,0.0,0.0,-20.0
13.684415340423584,0.0095625,0.0033000000000000113,-0.233595,95.0,20,5,0.0,-20.0,-20.0,0.0,20.0,0.0,0.0,-20.0
13.777416944503784,0.0129375,0.0045,-0.23543250000000002,95.0,20,5,0.0,-20.0,-20.0,0.0,20.0,0.0,0.0,-20.0
13.872961282730103,0.016775000000000005,0.005887499999999988,-0.2375175,95.0,20,6,0.0,-20.0,-20.0,0.0,20.0,0.0,0.0,-20.0
13.981988668441772,0.020775000000000005,0.007375,-0.23969749999999998,95.0,20,6,0.0,-20.0,-20.0,0.0,20.0,0.0,0.0,-20.0
14.102992296218872,0.025712500000000006,0.00925,-0.24238749999999998,95.0,20,6,0.0,-20.0,-20.0,0.0,20.0,0.0,0.0,-20.0
14.200989961624146,0.03030000000000001,0.011025000000000005,-0.2448775,95.0,20,6,0.0,-20.0,-20.0,0.0,20.0,0.0,0.0,-20.0
14.29751443862915,0.0343125,0.01261250000000001,-0.24706,95.0,20,6,0.0,-20.0,-20.0,0.0,20.0,0.0,0.0,-20.0
14.392548561096191,0.038274999999999976,0.014224999999999995,-0.24922249999999999,95.0,20,6,0.0,-20.0,-20.0,0.0,20.0,0.0,0.0,-20.0
14.487558603286743,0.04217500000000001,0.015837500000000004,-0.25134,95.0,20,6,0.0,-20.0,-20.0,0.0,20.0,0.0,0.0,-20.0
14.583548545837402,0.046087499999999976,0.0175,-0.2534575,95.0,20,7,0.0,-20.0,-20.0,0.0,20.0,0.0,0.0,-20.0
14.680559635162354,0.04998750000000001,0.019199999999999988,-0.2555825,95.0,20,7,0.0,-20.0,-20.0,0.0,20.0,0.0,0.0,-20.0
14.776552677154541,0.0539375,0.020974999999999994,-0.25773250000000003,95.0,20,7,0.0,-20.0,-20.0,0.0,20.0,0.0,0.0,-20.0
14.874549865722656,0.057875,0.022775000000000007,-0.259885,95.0,20,7,0.0,-20.0,-20.0,0.0,20.0,0.0,0.0,-20.0
14.969671964645386,0.061800000000000015,0.02463749999999999,-0.262015,95.0,20,6,0.0,-20.0,-20.0,0.0,20.0,0.0,0.0,-20.0
15.046668767929077,0.065625,0.0265,-0.2640975,95.0,20,6,0.0,-20.0,-20.0,0.0,20.0,0.0,0.0,-20.0
15.16366958618164,0.0687375,0.028050000000000012,-0.2657875,95.0,20,6,0.0,-20.0,-20.0,0.0,20.0,0.0,0.0,-20.0
15.257687330245972,0.0735625,0.0305625,-0.268415,95.0,20,6,0.0,-20.0,-20.0,0.0,20.0,0.0,0.0,-20.0
15.355671405792236,0.07713749999999998,0.032475,-0.270355,95.0,20,6,0.0,-20.0,-20.0,0.0,20.0,0.0,0.0,-20.0
15.434669256210327,0.080825,0.03451249999999999,-0.27237,95.0,20,6,0.0,-20.0,-20.0,0.0,20.0,0.0,0.0,-20.0
15.529671430587769,0.08377499999999997,0.03619999999999999,-0.2739675,95.0,20,5,0.0,-20.0,-20.0,0.0,20.0,0.0,0.0,-20.0
15.624668836593628,0.08722500000000002,0.03825,-0.27585000000000004,95.0,20,5,0.0,-20.0,-20.0,0.0,20.0,0.0,0.0,-20.0
15.71968412399292,0.09063749999999998,0.04033749999999998,-0.277705,95.0,20,5,0.0,-20.0,-20.0,0.0,20.0,0.0,0.0,-20.0
15.799667119979858,0.09371249999999998,0.04228750000000002,-0.279375,95.0,20,4,0.0,-20.0,-20.0,0.0,20.0,0.0,0.0,-20.0
15.878666162490845,0.09622500000000002,0.0439375,-0.280745,95.0,20,4,0.0,-20.0,-20.0,0.0,20.0,0.0,0.0,-20.0
15.958667516708374,0.09866250000000003,0.045587499999999975,-0.2820725,95.0,20,4,0.0,-20.0,-20.0,0.0,20.0,0.0,0.0,-20.0
16.0547456741333,0.101125,0.0473125,-0.28340499999999996,95.0,20,4,0.0,-20.0,-20.0,0.0,20.0,0.0,0.0,-20.0
16.1307430267334,0.10394999999999999,0.04936250000000001,-0.2849525,95.0,20,4,0.0,-20.0,-20.0,0.0,20.0,0.0,0.0,-20.0
16.242295742034912,0.106125,0.05098750000000001,-0.2861325,95.0,20,3,0.0,-20.0,-20.0,0.0,20.0,0.0,0.0,-20.0
16.345821380615234,0.10939999999999998,0.053550000000000014,-0.28791500000000003,95.0,20,2,0.0,-20.0,-20.0,0.0,20.0,0.0,0.0,-20.0
16.42580819129944,0.11205000000000001,0.055725000000000025,-0.28935,95.0,20,2,0.0,-20.0,-20.0,0.0,20.0,0.0,0.0,-20.0
16.50438618659973,0.11363749999999999,0.05707499999999999,-0.29022000000000003,95.0,20,2,0.0,-20.0,-20.0,0.0,20.0,0.0,0.0,-20.0
16.581381797790527,0.114125,0.05748750000000001,-0.29048250000000003,95.0,20,2,0.0,-20.0,-20.0,0.0,20.0,0.0,0.0,-20.0
16.67790675163269,0.11507499999999998,0.05833749999999998,-0.291,95.0,20,3,0.0,-20.0,-20.0,0.0,20.0,0.0,0.0,-20.0
16.755903244018555,0.11738749999999999,0.0604375,-0.2922575,95.0,20,2,0.0,-20.0,-20.0,0.0,20.0,0.0,0.0,-20.0
16.8349027633667,0.11928750000000002,0.06223750000000001,-0.29329,95.0,20,2,0.0,-20.0,-20.0,0.0,20.0,0.0,0.0,-20.0
16.915899515151978,0.12052499999999998,0.0634375,-0.29396249999999996,95.0,20,2,0.0,-20.0,-20.0,0.0,20.0,0.0,0.0,-20.0
16.993898630142212,0.12098750000000001,0.06389999999999997,-0.29421749999999997,95.0,20,2,0.0,-20.0,-20.0,0.0,20.0,0.0,0.0,-20.0
17.074915647506714,0.122375,0.0653125,-0.2949675,95.0,20,2,0.0,-20.0,-20.0,0.0,20.0,0.0,0.0,-20.0
17.16890239715576,0.12378750000000002,0.06680000000000001,-0.295735,95.0,20,2,0.0,-20.0,-20.0,0.0,20.0,0.0,0.0,-20.0
17.246898651123047,0.125125,0.06825,-0.296465,95.0,20,1,0.0,-20.0,-20.0,0.0,20.0,0.0,0.0,-20.0
17.325915336608887,0.1260625,0.06930000000000001,-0.29697250000000003,95.0,20,2,0.0,-20.0,-20.0,0.0,20.0,0.0,0.0,-20.0
17.44589853286743,0.126825,0.0701875,-0.29738749999999997,95.0,20,2,0.0,-20.0,-20.0,0.0,20.0,0.0,0.0,-20.0
17.524901866912842,0.1275125,0.07101249999999999,-0.297765,95.0,20,2,0.0,-20.0,-20.0,0.0,20.0,0.0,0.0,-20.0
17.620009422302246,0.12805000000000002,0.07164999999999998,-0.29806,95.0,20,2,0.0,-20.0,-20.0,0.0,20.0,0.0,0.0,-20.0
17.69800901412964,0.12936250000000002,0.07325,-0.2987725,95.0,20,2,0.0,-20.0,-20.0,0.0,20.0,0.0,0.0,-20.0
17.77601981163025,0.1304375,0.07461250000000001,-0.29935,95.0,20,2,0.0,-20.0,-20.0,0.0,20.0,0.0,0.0,-20.0
17.855009078979492,0.130925,0.07526249999999998,-0.299615,95.0,20,2,0.0,-20.0,-20.0,0.0,20.0,0.0,0.0,-20.0
17.934009552001953,0.1314,0.07591250000000002,-0.2998775,95.0,20,2,0.0,-20.0,-20.0,0.0,20.0,0.0,0.0,-20.0
18.0140278339386,0.132475,0.07739999999999998,-0.3004675,95.0,20,2,0.0,-20.0,-20.0,0.0,20.0,0.0,0.0,-20.0
18.093019008636475,0.13341250000000002,0.07871249999999998,-0.3009775,95.0,20,2,0.0,-20.0,-20.0,0.0,20.0,0.0,0.0,-20.0
18.174010038375854,0.1339375,0.07948750000000002,-0.301265,95.0,20,2,0.0,-20.0,-20.0,0.0,20.0,0.0,0.0,-20.0
18.26900887489319,0.13441250000000002,0.0802,-0.3015175,95.0,20,2,0.0,-20.0,-20.0,0.0,20.0,0.0,0.0,-20.0
18.3430118560791,0.13536250000000002,0.08167500000000001,-0.30202999999999997,95.0,20,1,0.0,-20.0,-20.0,0.0,20.0,0.0,0.0,-20.0
18.42301321029663,0.13586250000000002,0.08247500000000002,-0.302305,95.0,20,2,0.0,-20.0,-20.0,0.0,20.0,0.0,0.0,-20.0
18.541534185409546,0.1364625,0.0834375,-0.30263249999999997,95.0,20,2,-20.0,-20.0,-20.0,0.0,0.0,20.0,0.0,0.0
18.61853575706482,0.13705,0.0844375,-0.30295,95.0,20,1,-20.0,-20.0,-20.0,0.0,0.0,20.0,0.0,0.0
18.698549032211304,0.13753750000000003,0.08527499999999998,-0.3032125,95.0,20,2,-20.0,-20.0,-20.0,0.0,0.0,20.0,0.0,0.0
18.77754259109497,0.138,0.086125,-0.3034775,95.0,20,2,-20.0,-20.0,-20.0,0.0,0.0,20.0,0.0,0.0
18.85653805732727,0.13845,0.0869375,-0.303725,95.0,20,2,-20.0,-20.0,-20.0,0.0,0.0,20.0,0.0,0.0
18.935542345046997,0.13891250000000002,0.08778750000000002,-0.303965,95.0,20,2,-20.0,-20.0,-20.0,0.0,0.0,20.0,0.0,0.0
19.011536598205566,0.1393625,0.08864999999999998,-0.30420749999999996,95.0,20,2,-20.0,-20.0,-20.0,0.0,0.0,20.0,0.0,0.0
19.089545249938965,0.13977499999999998,0.08947500000000003,-0.304435,95.0,20,2,-20.0,-20.0,-20.0,0.0,0.0,20.0,0.0,0.0
19.168083429336548,0.1402,0.09033749999999997,-0.3046625,95.0,20,2,-20.0,-20.0,-20.0,0.0,0.0,20.0,0.0,0.0
19.243622541427612,0.1406125,0.09119999999999999,-0.30489499999999997,95.0,20,2,-20.0,-20.0,-20.0,0.0,0.0,20.0,0.0,0.0
19.32362174987793,0.141,0.09203750000000002,-0.30510750000000003,95.0,20,2,-20.0,-20.0,-20.0,0.0,0.0,20.0,0.0,0.0
19.4206223487854,0.14139999999999997,0.09289999999999998,-0.305315,95.0,20,1,-20.0,-20.0,-20.0,0.0,0.0,20.0,0.0,0.0
19.49561905860901,0.141875,0.09401249999999998,-0.30557999999999996,95.0,20,1,-20.0,-20.0,-20.0,0.0,0.0,20.0,0.0,0.0
19.60663151741028,0.14227499999999998,0.0949375,-0.3057925,95.0,20,1,-20.0,-20.0,-20.0,0.0,0.0,20.0,0.0,0.0
19.695154666900635,0.1426875,0.09595,-0.30601999999999996,95.0,20,0,-20.0,-20.0,-20.0,0.0,0.0,20.0,0.0,0.0
19.772151947021484,0.1429375,0.09658749999999998,-0.3061575,95.0,20,1,-20.0,-20.0,-20.0,0.0,0.0,20.0,0.0,0.0
19.849147081375122,0.14322500000000002,0.09733749999999998,-0.3063125,95.0,20,1,-20.0,-20.0,-20.0,0.0,0.0,20.0,0.0,0.0
19.928143739700317,0.14348750000000002,0.09803750000000003,-0.30645999999999995,95.0,20,1,-20.0,-20.0,-20.0,0.0,0.0,20.0,0.0,0.0
20.007153034210205,0.1437625,0.09877499999999997,-0.306605,95.0,20,1,-20.0,-20.0,-20.0,0.0,0.0,20.0,0.0,0.0
20.087151050567627,0.144025,0.09951249999999999,-0.3067525,95.0,20,1,-20.0,-20.0,-20.0,0.0,0.0,20.0,0.0,0.0
20.162689447402954,0.14425,0.10016250000000003,-0.306875,95.0,20,1,-20.0,-20.0,-20.0,0.0,0.0,20.0,0.0,0.0
20.240699529647827,0.14447500000000002,0.10083749999999998,-0.306995,95.0,20,1,-20.0,-20.0,-20.0,0.0,0.0,20.0,0.0,0.0
20.3197021484375,0.14471249999999997,0.10155000000000002,-0.30712,95.0,20,1,-20.0,-20.0,-20.0,0.0,0.0,20.0,0.0,0.0
20.399689197540283,0.14491250000000003,0.10222500000000002,-0.30723500000000004,95.0,20,1,-20.0,-20.0,-20.0,0.0,0.0,20.0,0.0,0.0
20.477691888809204,0.145125,0.10286250000000001,-0.30734249999999996,95.0,20,1,-20.0,-20.0,-20.0,0.0,0.0,20.0,0.0,0.0
20.573689699172974,0.1453125,0.1035125,-0.30745249999999996,95.0,20,1,-20.0,-20.0,-20.0,0.0,0.0,20.0,0.0,0.0
20.650692462921143,0.145525,0.1041875,-0.30756,95.0,20,0,-20.0,-20.0,-20.0,0.0,0.0,20.0,0.0,0.0
20.76169228553772,0.1457,0.10482499999999999,-0.30766000000000004,95.0,20,0,-20.0,-20.0,-20.0,0.0,0.0,20.0,0.0,0.0
20.839689016342163,0.145875,0.1054375,-0.30775,95.0,20,0,-20.0,-20.0,-20.0,0.0,0.0,20.0,0.0,0.0
20.91870355606079,0.146025,0.10602499999999998,-0.3078375,95.0,20,1,-20.0,-20.0,-20.0,0.0,0.0,20.0,0.0,0.0
20.9966881275177,0.146175,0.106625,-0.307925,95.0,20,1,-20.0,-20.0,-20.0,0.0,0.0,20.0,0.0,0.0
21.07469129562378,0.14633749999999998,0.10721249999999997,-0.308005,95.0,20,1,-20.0,-20.0,-20.0,0.0,0.0,20.0,0.0,0.0
21.15469527244568,0.14648750000000002,0.1078,-0.30808749999999996,95.0,20,1,-20.0,-20.0,-20.0,0.0,0.0,20.0,0.0,0.0
21.229283809661865,0.146625,0.10841250000000002,-0.30817,95.0,20,0,-20.0,-20.0,-20.0,0.0,0.0,20.0,0.0,0.0
21.30628991127014,0.146775,0.10896249999999998,-0.3082375,95.0,20,1,-20.0,-20.0,-20.0,0.0,0.0,20.0,0.0,0.0
21.385303258895874,0.14689999999999998,0.10953750000000002,-0.30831000000000003,95.0,20,0,-20.0,-20.0,-20.0,0.0,0.0,20.0,0.0,0.0
21.464287281036377,0.147025,0.11010000000000002,-0.30838,95.0,20,0,-20.0,-20.0,-20.0,0.0,0.0,20.0,0.0,0.0
21.540807008743286,0.14713749999999998,0.11063749999999999,-0.30844,95.0,20,0,-20.0,-20.0,-20.0,0.0,0.0,20.0,0.0,0.0
21.616814613342285,0.14725,0.11116250000000003,-0.3085075,95.0,20,1,-20.0,-20.0,-20.0,0.0,0.0,20.0,0.0,0.0
21.699809312820435,0.1473625,0.11171249999999998,-0.30857,95.0,20,0,-20.0,-20.0,-20.0,0.0,0.0,20.0,0.0,0.0
21.797805786132812,0.14747500000000002,0.11223750000000002,-0.30862,95.0,20,0,-20.0,-20.0,-20.0,0.0,0.0,20.0,0.0,0.0
21.876808881759644,0.14757499999999998,0.11276249999999999,-0.30868,95.0,20,0,-20.0,-20.0,-20.0,0.0,0.0,20.0,0.0,0.0
21.954825401306152,0.147675,0.11327499999999997,-0.30873,95.0,20,0,-20.0,-20.0,-20.0,0.0,0.0,20.0,0.0,0.0
22.033812284469604,0.1477625,0.11377499999999997,-0.30878,95.0,20,0,-20.0,-20.0,-20.0,0.0,0.0,20.0,0.0,0.0
22.114808797836304,0.14785,0.11426249999999999,-0.30883,95.0,20,0,-20.0,-20.0,-20.0,0.0,0.0,20.0,0.0,0.0
22.19381022453308,0.1479375,0.11475,-0.30888,95.0,20,0,-20.0,-20.0,-20.0,0.0,0.0,20.0,0.0,0.0
22.271814346313477,0.148025,0.1152375,-0.30892000000000003,95.0,20,0,-20.0,-20.0,-20.0,0.0,0.0,20.0,0.0,0.0
22.34995150566101,0.1481,0.11571249999999998,-0.30897,95.0,20,0,-20.0,-20.0,-20.0,0.0,0.0,20.0,0.0,0.0
22.426947832107544,0.148175,0.11617500000000001,-0.30901,95.0,20,0,-20.0,-20.0,-20.0,0.0,0.0,20.0,0.0,0.0
22.508504390716553,0.14825,0.11664999999999998,-0.30905,95.0,20,0,-20.0,-20.0,-20.0,0.0,0.0,20.0,0.0,0.0
22.601503372192383,0.14832499999999998,0.11710000000000002,-0.30907999999999997,95.0,20,0,-20.0,-20.0,-20.0,0.0,0.0,20.0,0.0,0.0
22.67850661277771,0.14838749999999998,0.11755000000000002,-0.30912,95.0,20,0,-20.0,-20.0,-20.0,0.0,0.0,20.0,0.0,0.0
22.77450466156006,0.14845,0.118,-0.30916000000000005,95.0,20,0,-20.0,-20.0,-20.0,0.0,0.0,20.0,0.0,0.0
22.85303807258606,0.1485125,0.1184375,-0.30919,95.0,20,0,-20.0,-20.0,-20.0,0.0,0.0,20.0,0.0,0.0
22.961034536361694,0.14857499999999998,0.118875,-0.30922000000000005,95.0,20,0,-20.0,-20.0,-20.0,0.0,0.0,20.0,0.0,0.0
23.038037538528442,0.148625,0.11930000000000002,-0.30925,95.0,20,0,-20.0,-20.0,-20.0,0.0,0.0,20.0,0.0,0.0
23.114038228988647,0.148675,0.11972500000000003,-0.30928,95.0,20,0,-20.0,-20.0,-20.0,0.0,0.0,20.0,0.0,0.0
23.193042039871216,0.14873750000000002,0.120125,-0.30931000000000003,95.0,20,0,-20.0,-20.0,-20.0,0.0,0.0,20.0,0.0,0.0
23.271044731140137,0.14878750000000002,0.12053750000000002,-0.30933999999999995,95.0,20,0,-20.0,-20.0,-20.0,0.0,0.0,20.0,0.0,0.0
23.350040435791016,0.14883749999999998,0.1209375,-0.30937,95.0,20,0,-20.0,-20.0,-20.0,0.0,0.0,20.0,0.0,0.0
23.429041624069214,0.148875,0.12133749999999997,-0.30939,95.0,20,0,-20.0,-20.0,-20.0,0.0,0.0,20.0,0.0,0.0
23.507035970687866,0.148925,0.12172500000000003,-0.30942000000000003,95.0,20,0,-20.0,-20.0,-20.0,0.0,0.0,20.0,0.0,0.0
23.58303713798523,0.14897500000000002,0.122125,-0.30944,95.0,20,0,-20.0,-20.0,-20.0,0.0,0.0,20.0,0.0,0.0
23.661041736602783,0.1490125,0.1225,-0.30945999999999996,95.0,20,0,-20.0,-20.0,-20.0,0.0,0.0,20.0,0.0,0.0
23.738037109375,0.14905000000000002,0.122875,-0.30948000000000003,95.0,20,0,-20.0,-20.0,-20.0,0.0,0.0,20.0,0.0,0.0
23.81703758239746,0.14908749999999998,0.12325,-0.3095,95.0,20,0,-20.0,-20.0,-20.0,0.0,0.0,20.0,0.0,0.0
23.896053075790405,0.149125,0.123625,-0.30951999999999996,95.0,20,0,-20.0,-20.0,-20.0,0.0,0.0,20.0,0.0,0.0
23.99355387687683,0.14916250000000003,0.12397500000000003,-0.30954000000000004,95.0,20,0,-20.0,-20.0,-20.0,0.0,0.0,20.0,0.0,0.0
24.08256506919861,0.1491875,0.12433749999999998,-0.30956,95.0,20,0,-20.0,-20.0,-20.0,0.0,0.0,20.0,0.0,0.0
24.159554481506348,0.14922500000000002,0.1246875,-0.30957999999999997,95.0,20,0,-20.0,-20.0,-20.0,0.0,0.0,20.0,0.0,0.0
24.23655915260315,0.1492625,0.12502499999999997,-0.30960000000000004,95.0,20,0,-20.0,-20.0,-20.0,0.0,0.0,20.0,0.0,0.0
24.314554929733276,0.14928750000000002,0.125375,-0.30961,95.0,20,0,-20.0,-20.0,-20.0,0.0,0.0,20.0,0.0,0.0
24.391554355621338,0.1493125,0.12571249999999998,-0.30963,95.0,20,0,-20.0,-20.0,-20.0,0.0,0.0,20.0,0.0,0.0
24.473559379577637,0.14933749999999998,0.12605000000000002,-0.30963999999999997,95.0,20,0,-20.0,-20.0,-20.0,0.0,0.0,20.0,0.0,0.0
24.56855607032776,0.149375,0.126375,-0.30966000000000005,95.0,20,0,-20.0,-20.0,-20.0,0.0,0.0,20.0,0.0,0.0
24.647555828094482,0.14938749999999998,0.12669999999999998,-0.30967,95.0,20,0,-20.0,-20.0,-20.0,0.0,0.0,20.0,0.0,0.0
24.726575136184692,0.149425,0.12702499999999997,-0.30968,95.0,20,0,-20.0,-20.0,-20.0,0.0,0.0,20.0,0.0,0.0
24.805562496185303,0.1494375,0.127325,-0.3097,95.0,20,0,-20.0,-20.0,-20.0,0.0,0.0,20.0,0.0,0.0
24.88355779647827,0.14946249999999997,0.1276375,-0.30971,95.0,20,0,-20.0,-20.0,-20.0,0.0,0.0,20.0,0.0,0.0
24.96456480026245,0.14948750000000002,0.12794999999999998,-0.30972000000000005,95.0,20,0,-20.0,-20.0,-20.0,0.0,0.0,20.0,0.0,0.0
25.05955481529236,0.1495125,0.12825,-0.30973,95.0,20,0,-20.0,-20.0,-20.0,0.0,0.0,20.0,0.0,0.0
25.153557062149048,0.14952499999999996,0.12855,-0.30974,95.0,20,0,-20.0,-20.0,-20.0,0.0,0.0,20.0,0.0,0.0
25.233559131622314,0.14953750000000002,0.12883749999999997,-0.30975,95.0,20,0,-20.0,-20.0,-20.0,0.0,0.0,20.0,0.0,0.0
25.31356906890869,0.1495625,0.129125,-0.30976,95.0,20,0,-20.0,-20.0,-20.0,0.0,0.0,20.0,0.0,0.0
25.394556045532227,0.14957499999999999,0.129425,-0.30977,95.0,20,0,-20.0,-20.0,-20.0,0.0,0.0,20.0,0.0,0.0
25.473556995391846,0.1496,0.12969999999999998,-0.30978,95.0,20,0,-20.0,-20.0,-20.0,0.0,0.0,20.0,0.0,0.0
25.55355954170227,0.1496125,0.12997500000000003,-0.30979,95.0,20,0,-20.0,-20.0,-20.0,0.0,0.0,20.0,0.0,0.0
25.634557485580444,0.149625,0.13025,-0.3098,95.0,20,0,-20.0,-20.0,-20.0,0.0,0.0,20.0,0.0,0.0
25.712571382522583,0.14963749999999998,0.13052499999999997,-0.30981000000000003,95.0,20,0,-20.0,-20.0,-20.0,0.0,0.0,20.0,0.0,0.0
25.793562650680542,0.14966250000000003,0.13078750000000003,-0.30981000000000003,95.0,20,0,-20.0,-20.0,-20.0,0.0,0.0,20.0,0.0,0.0
25.87455701828003,0.149675,0.13105,-0.30982,95.0,20,0,-20.0,-20.0,-20.0,0.0,0.0,20.0,0.0,0.0
25.953554391860962,0.149675,0.1313125,-0.30983,95.0,20,0,-20.0,-20.0,-20.0,0.0,0.0,20.0,0.0,0.0
26.034562826156616,0.1497,0.131575,-0.30983999999999995,95.0,20,0,-20.0,-20.0,-20.0,0.0,0.0,20.0,0.0,0.0
26.129554748535156,0.14971249999999997,0.131825,-0.30983999999999995,95.0,20,0,-20.0,-20.0,-20.0,0.0,0.0,20.0,0.0,0.0
26.23255443572998,0.14972500000000002,0.132075,-0.30985,95.0,20,0,-20.0,-20.0,-20.0,0.0,0.0,20.0,0.0,0.0
26.31055736541748,0.14972500000000002,0.132325,-0.30985,95.0,20,0,-20.0,-20.0,-20.0,0.0,0.0,20.0,0.0,0.0
26.3885555267334,0.14973750000000002,0.1325625,-0.30986,95.0,20,0,-20.0,-20.0,-20.0,0.0,0.0,20.0,0.0,0.0
26.46655559539795,0.14975,0.1328,-0.30987,95.0,20,0,-20.0,-20.0,-20.0,0.0,0.0,20.0,0.0,0.0
26.54755663871765,0.1497625,0.13302499999999998,-0.30987,95.0,20,0,-20.0,-20.0,-20.0,0.0,0.0,20.0,0.0,0.0
26.626567602157593,0.14977499999999996,0.13327499999999998,-0.30988,95.0,20,0,-20.0,-20.0,-20.0,0.0,0.0,20.0,0.0,0.0
26.70456337928772,0.14977499999999996,0.1334875,-0.30988,95.0,20,0,-20.0,-20.0,-20.0,0.0,0.0,20.0,0.0,0.0
26.78455686569214,0.14978750000000002,0.133725,-0.30989,95.0,20,0,-20.0,-20.0,-20.0,0.0,0.0,20.0,0.0,0.0
26.85907244682312,0.14980000000000002,0.1339375,-0.30989,95.0,20,0,-20.0,-20.0,-20.0,0.0,0.0,20.0,0.0,0.0
26.9380886554718,0.1498125,0.13416250000000002,-0.30989,95.0,20,0,-20.0,-20.0,-20.0,0.0,0.0,20.0,0.0,0.0
27.019086599349976,0.1498125,0.134375,-0.30989999999999995,95.0,20,0,-20.0,-20.0,-20.0,0.0,0.0,20.0,0.0,0.0
27.096078157424927,0.14982499999999999,0.13458749999999997,-0.30989999999999995,95.0,20,0,-20.0,-20.0,-20.0,0.0,0.0,20.0,0.0,0.0
27.1750750541687,0.14982499999999999,0.1348125,-0.30991,95.0,20,0,-20.0,-20.0,-20.0,0.0,0.0,20.0,0.0,0.0
27.273079872131348,0.14983749999999998,0.13501249999999998,-0.30991,95.0,20,0,-20.0,-20.0,-20.0,0.0,0.0,20.0,0.0,0.0
27.36060643196106,0.14983749999999998,0.135225,-0.30991,95.0,20,0,-20.0,-20.0,-20.0,0.0,0.0,20.0,0.0,0.0
27.43961215019226,0.14985,0.13542500000000002,-0.30992000000000003,95.0,20,0,-20.0,-20.0,-20.0,0.0,0.0,20.0,0.0,0.0
27.518120527267456,0.1498625,0.135625,-0.30992000000000003,95.0,20,0,-20.0,-20.0,-20.0,0.0,0.0,20.0,0.0,0.0
27.595677614212036,0.1498625,0.135825,-0.30992000000000003,95.0,20,0,-20.0,-20.0,-20.0,0.0,0.0,20.0,0.0,0.0
27.67367696762085,0.149875,0.13601249999999998,-0.30993,95.0,20,0,-20.0,-20.0,-20.0,0.0,0.0,20.0,0.0,0.0
27.750675678253174,0.149875,0.1362,-0.30993,95.0,20,0,-20.0,-20.0,-20.0,0.0,0.0,20.0,0.0,0.0
27.83067798614502,0.149875,0.1363875,-0.30993,95.0,20,0,-20.0,-20.0,-20.0,0.0,0.0,20.0,0.0,0.0
27.90968132019043,0.149875,0.136575,-0.30994,95.0,20,0,-20.0,-20.0,-20.0,0.0,0.0,20.0,0.0,0.0
27.98767638206482,0.14988749999999998,0.13676249999999998,-0.30994,95.0,20,0,-20.0,-20.0,-20.0,0.0,0.0,20.0,0.0,0.0
28.066678762435913,0.14988749999999998,0.1369375,-0.30994,95.0,20,0,-20.0,-20.0,-20.0,0.0,0.0,20.0,0.0,0.0
28.14668083190918,0.14989999999999998,0.137125,-0.30994,95.0,20,0,-20.0,-20.0,-20.0,0.0,0.0,20.0,0.0,0.0
28.223676919937134,0.14989999999999998,0.1373,-0.30995,95.0,20,0,-20.0,-20.0,-20.0,0.0,0.0,20.0,0.0,0.0
28.302677869796753,0.14989999999999998,0.137475,-0.30995,95.0,20,0,-20.0,-20.0,-20.0,0.0,0.0,20.0,0.0,0.0
28.421674251556396,0.14991250000000003,0.13764999999999997,-0.30995,95.0,20,0,-20.0,-20.0,-20.0,0.0,0.0,20.0,0.0,0.0
28.49967670440674,0.14991250000000003,0.13782499999999998,-0.30995,95.0,20,0,-20.0,-20.0,-20.0,0.0,0.0,20.0,0.0,0.0
28.57967448234558,0.14991250000000003,0.13797500000000001,-0.30995,95.0,20,0,-20.0,-20.0,-20.0,0.0,0.0,20.0,0.0,0.0
28.659676551818848,0.149925,0.13814999999999997,-0.30995999999999996,95.0,20,0,-20.0,-20.0,-20.0,0.0,0.0,20.0,0.0,0.0
28.73767876625061,0.149925,0.1383125,-0.30995999999999996,95.0,20,0,-20.0,-20.0,-20.0,0.0,0.0,20.0,0.0,0.0
28.817678451538086,0.149925,0.13847500000000001,-0.30995999999999996,95.0,20,0,-20.0,-20.0,-20.0,0.0,0.0,20.0,0.0,0.0
28.895704746246338,0.149925,0.138625,-0.30995999999999996,95.0,20,0,-20.0,-20.0,-20.0,0.0,0.0,20.0,0.0,0.0
28.97367835044861,0.149925,0.13877499999999998,-0.30995999999999996,95.0,20,0,-20.0,-20.0,-20.0,0.0,0.0,20.0,0.0,0.0
29.050689697265625,0.149925,0.1389375,-0.30995999999999996,95.0,20,0,-20.0,-20.0,-20.0,0.0,0.0,20.0,0.0,0.0
29.128674507141113,0.1499375,0.13908749999999998,-0.30997,95.0,20,0,-20.0,-20.0,-20.0,0.0,0.0,20.0,0.0,0.0
29.206692457199097,0.1499375,0.13923750000000001,-0.30997,95.0,20,0,-20.0,-20.0,-20.0,0.0,0.0,20.0,0.0,0.0
29.285686254501343,0.1499375,0.1393875,-0.30997,95.0,20,0,-20.0,-20.0,-20.0,0.0,0.0,20.0,0.0,0.0
29.36367702484131,0.1499375,0.13952499999999998,-0.30997,95.0,20,0,-20.0,-20.0,-20.0,0.0,0.0,20.0,0.0,0.0
29.463682889938354,0.14995,0.13967500000000002,-0.30997,95.0,20,0,-20.0,-20.0,-20.0,0.0,0.0,20.0,0.0,0.0
29.54921817779541,0.14995,0.13982499999999998,-0.30997,95.0,20,0,-20.0,-20.0,-20.0,0.0,0.0,20.0,0.0,0.0
29.629218101501465,0.14995,0.1399625,-0.30997,95.0,20,0,-20.0,-20.0,-20.0,0.0,0.0,20.0,0.0,0.0
29.70722532272339,0.14995,0.14008749999999998,-0.30997,95.0,20,0,-20.0,-20.0,-20.0,0.0,0.0,20.0,0.0,0.0
29.78374981880188,0.14995,0.14022500000000002,-0.30997,95.0,20,0,-20.0,-20.0,-20.0,0.0,0.0,20.0,0.0,0.0
29.860751628875732,0.14996249999999997,0.1403625,-0.30998000000000003,95.0,20,0,-20.0,-20.0,-20.0,0.0,0.0,20.0,0.0,0.0
29.940751552581787,0.14996249999999997,0.14048750000000002,-0.30998000000000003,95.0,20,0,-20.0,-20.0,-20.0,0.0,0.0,20.0,0.0,0.0
30.017749547958374,0.14996249999999997,0.140625,-0.30998000000000003,95.0,20,0,-20.0,-20.0,-20.0,0.0,0.0,20.0,0.0,0.0
30.09676432609558,0.14996249999999997,0.14075,-0.30998000000000003,95.0,20,0,-20.0,-20.0,-20.0,0.0,0.0,20.0,0.0,0.0
30.238813161849976,0.14996249999999997,0.140875,-0.30998000000000003,79.74715042114258,20,0,-20.0,-20.0,-20.0,0.0,0.0,9.351501,10.648499,0.0
30.38381791114807,0.14996249999999997,0.141,-0.30998000000000003,66.35211181640625,20,0,-20.0,-20.0,-20.0,0.0,0.0,0.0,20.0,0.0
30.462891817092896,0.14997500000000002,0.141125,-0.30998000000000003,66.35211181640625,20,0,-20.0,-20.0,-20.0,0.0,0.0,0.0,20.0,0.0
30.54189133644104,0.14997500000000002,0.14125,-0.30998000000000003,66.35211181640625,20,0,-20.0,-20.0,-20.0,0.0,0.0,0.0,20.0,0.0
30.6568865776062,0.14997500000000002,0.141375,-0.30998000000000003,66.35211181640625,20,0,-20.0,-20.0,-20.0,0.0,0.0,0.0,20.0,0.0
30.73288917541504,0.14997500000000002,0.14148750000000002,-0.30998000000000003,66.35211181640625,20,0,-20.0,-20.0,-20.0,0.0,0.0,0.0,20.0,0.0
30.811890125274658,0.14997500000000002,0.14160000000000003,-0.30998000000000003,66.35211181640625,20,0,-20.0,-20.0,-20.0,0.0,0.0,0.0,20.0,0.0
30.88889193534851,0.14997500000000002,0.14172500000000002,-0.30998000000000003,66.35211181640625,20,0,-20.0,-20.0,-20.0,0.0,0.0,0.0,20.0,0.0
30.965889930725098,0.14997500000000002,0.14182499999999998,-0.30999,66.35211181640625,20,0,-20.0,-20.0,-20.0,0.0,0.0,0.0,20.0,0.0
31.044888973236084,0.14997500000000002,0.1419375,-0.30999,66.35211181640625,0,0,-20.0,-20.0,-20.0,0.0,0.0,0.0,20.0,0.0
31.12189221382141,0.14997500000000002,0.14205,-0.30999,66.35211181640625,0,0,0.0,0.0,0.0,-20.0,-20.0,-20.0,0.0,20.0
31.20089030265808,0.14997500000000002,0.14205,-0.3098375,66.35211181640625,0,1,0.0,0.0,0.0,-20.0,-20.0,-20.0,0.0,20.0
31.29689121246338,0.14997500000000002,0.14207499999999998,-0.30908749999999996,66.35211181640625,0,2,0.0,0.0,0.0,-20.0,-20.0,-20.0,0.0,20.0
31.390889167785645,0.14997500000000002,0.142125,-0.3074325,66.35211181640625,0,3,0.0,0.0,0.0,-20.0,-20.0,0.0,-20.0,20.0
31.469892740249634,0.14997500000000002,0.14214999999999997,-0.30627499999999996,66.35211181640625,0,4,0.0,0.0,0.0,-20.0,-20.0,0.0,-20.0,20.0
31.562891960144043,0.14997500000000002,0.14216250000000002,-0.30595999999999995,66.35211181640625,0,4,0.0,0.0,0.0,-20.0,-20.0,0.0,-20.0,20.0
31.657888174057007,0.14997500000000002,0.1421875,-0.30528500000000003,66.35211181640625,0,5,0.0,0.0,0.0,-20.0,-20.0,0.0,-20.0,20.0
31.790417194366455,0.14997500000000002,0.14223750000000002,-0.30358999999999997,66.35211181640625,0,6,0.0,0.0,0.0,-20.0,-20.0,0.0,-20.0,20.0
31.895970582962036,0.14997500000000002,0.14233749999999998,-0.29971,66.35211181640625,0,6,0.0,0.0,0.0,-20.0,-20.0,0.0,-20.0,20.0
31.99154043197632,0.14997500000000002,0.1424375,-0.296315,66.35211181640625,0,6,0.0,0.0,0.0,-20.0,-20.0,0.0,-20.0,20.0
32.08852553367615,0.14997500000000002,0.1425375,-0.29297,66.35211181640625,0,6,0.0,0.0,0.0,-20.0,-20.0,0.0,-20.0,20.0
32.18352437019348,0.14997500000000002,0.1426375,-0.2896,66.35211181640625,0,6,0.0,0.0,0.0,-20.0,-20.0,0.0,-20.0,20.0
32.28052020072937,0.14997500000000002,0.14275,-0.286315,66.35211181640625,0,6,0.0,0.0,0.0,-20.0,-20.0,0.0,-20.0,20.0
32.37752604484558,0.14997500000000002,0.14285000000000003,-0.28314999999999996,66.35211181640625,0,6,0.0,0.0,0.0,-20.0,-20.0,0.0,-20.0,20.0
32.47452139854431,0.14997500000000002,0.14295,-0.28012,66.35211181640625,0,6,0.0,0.0,0.0,-20.0,-20.0,0.0,-20.0,20.0
32.570534467697144,0.14997500000000002,0.14305,-0.27717,66.35211181640625,0,6,0.0,0.0,0.0,-20.0,-20.0,0.0,-20.0,20.0
32.66652035713196,0.14997500000000002,0.14314999999999997,-0.274495,66.35211181640625,0,6,0.0,0.0,0.0,-20.0,-20.0,0.0,-20.0,20.0
32.7645206451416,0.14997500000000002,0.14325,-0.27192,66.35211181640625,0,6,0.0,0.0,0.0,-20.0,-20.0,0.0,-20.0,20.0
32.89252257347107,0.14998750000000002,0.14335000000000003,-0.2693325,66.35211181640625,0,6,0.0,0.0,0.0,-20.0,-20.0,0.0,-20.0,20.0
33.00253081321716,0.14998750000000002,0.14347500000000002,-0.26573,66.35211181640625,0,5,0.0,0.0,0.0,-20.0,-20.0,0.0,-20.0,20.0
33.097522497177124,0.14998750000000002,0.14357499999999998,-0.26326499999999997,66.35211181640625,0,5,0.0,0.0,0.0,-20.0,-20.0,0.0,-20.0,20.0
33.19551992416382,0.14998750000000002,0.14367500000000002,-0.26092000000000004,66.35211181640625,0,5,0.0,0.0,0.0,-20.0,-20.0,0.0,-20.0,20.0
33.29152297973633,0.14998750000000002,0.143775,-0.2586075,66.35211181640625,0,5,0.0,0.0,0.0,-20.0,-20.0,0.0,-20.0,20.0
33.38853359222412,0.14998750000000002,0.1438625,-0.25651,66.35211181640625,0,5,0.0,0.0,0.0,-20.0,-20.0,0.0,-20.0,20.0
33.485069274902344,0.14998750000000002,0.14396249999999997,-0.25447,66.35211181640625,0,5,0.0,0.0,0.0,-20.0,-20.0,0.0,-20.0,20.0
33.563066720962524,0.14998750000000002,0.14405,-0.25246999999999997,66.35211181640625,0,5,0.0,0.0,0.0,-20.0,-20.0,0.0,-20.0,20.0
33.65963959693909,0.14998750000000002,0.1441125,-0.2508875,66.35211181640625,0,5,0.0,0.0,0.0,-20.0,-20.0,0.0,-20.0,20.0
33.75564432144165,0.14998750000000002,0.14422500000000002,-0.2490025,66.35211181640625,0,4,0.0,0.0,0.0,-20.0,-20.0,0.0,-20.0,20.0
33.850640296936035,0.14998750000000002,0.1443125,-0.24714,66.35211181640625,0,4,0.0,0.0,0.0,-20.0,-20.0,0.0,-20.0,20.0
33.94485354423523,0.14998750000000002,0.14441250000000003,-0.24531999999999998,66.35211181640625,0,4,0.0,0.0,0.0,-20.0,-20.0,0.0,-20.0,20.0
34.071863412857056,0.14998750000000002,0.1445125,-0.2433725,66.35211181640625,0,4,0.0,0.0,0.0,-20.0,-20.0,0.0,-20.0,20.0
34.15484309196472,0.14998750000000002,0.1446375,-0.24126,66.35211181640625,0,3,0.0,0.0,0.0,-20.0,-20.0,0.0,-20.0,20.0
34.23484492301941,0.14998750000000002,0.14472500000000002,-0.23985750000000003,66.35211181640625,0,3,0.0,0.0,0.0,-20.0,-20.0,0.0,-20.0,20.0
34.31484270095825,0.14998750000000002,0.1448,-0.2385025,66.35211181640625,0,3,0.0,0.0,0.0,-20.0,-20.0,0.0,-20.0,20.0
34.410842418670654,0.14998750000000002,0.1448875,-0.23717000000000002,66.35211181640625,0,3,0.0,0.0,0.0,-20.0,-20.0,0.0,-20.0,20.0
34.489843130111694,0.14998750000000002,0.14498750000000002,-0.2356375,66.35211181640625,0,2,20.0,0.0,0.0,-20.0,0.0,-20.0,-20.0,0.0
34.57084536552429,0.14998750000000002,0.14507499999999998,-0.23436500000000002,66.35211181640625,0,2,20.0,0.0,0.0,-20.0,0.0,-20.0,-20.0,0.0
34.66784071922302,0.14941250000000003,0.14491250000000003,-0.23306749999999998,66.35211181640625,0,2,20.0,0.0,0.0,-20.0,0.0,-20.0,-20.0,0.0
34.76484560966492,0.14796249999999997,0.144425,-0.2308075,66.35211181640625,0,3,20.0,0.0,0.0,-20.0,0.0,-20.0,-20.0,0.0
34.86138916015625,0.14613749999999998,0.14382499999999998,-0.2279625,66.35211181640625,0,4,20.0,0.0,0.0,-20.0,0.0,-20.0,-20.0,0.0
34.94038772583008,0.14483749999999998,0.14339999999999997,-0.22593000000000002,66.35211181640625,0,5,20.0,0.0,0.0,-20.0,0.0,-20.0,-20.0,0.0
35.03739523887634,0.14421249999999997,0.1431875,-0.22496,66.35211181640625,0,6,20.0,0.0,0.0,-20.0,0.0,-20.0,-20.0,0.0
35.132389068603516,0.14396249999999997,0.14310000000000003,-0.2245625,66.35211181640625,0,6,20.0,0.0,0.0,-20.0,0.0,-20.0,-20.0,0.0
35.23839712142944,0.14346249999999997,0.1429375,-0.22378499999999998,66.35211181640625,0,7,20.0,0.0,0.0,-20.0,0.0,-20.0,-20.0,0.0
35.3343939781189,0.1422625,0.14252499999999999,-0.22191750000000002,66.35211181640625,0,8,20.0,0.0,0.0,-20.0,0.0,-20.0,-20.0,0.0
35.412389039993286,0.14057499999999998,0.14195,-0.219275,66.35211181640625,0,9,20.0,0.0,0.0,-20.0,0.0,-20.0,-20.0,0.0
35.48138785362244,0.13883749999999997,0.1413625,-0.216575,66.35211181640625,0,10,20.0,0.0,0.0,-20.0,0.0,-20.0,-20.0,0.0
35.57791805267334,0.1373125,0.14082499999999998,-0.21418,66.35211181640625,0,9,20.0,0.0,0.0,-20.0,0.0,-20.0,-20.0,0.0
35.6489155292511,0.13516250000000002,0.14007499999999998,-0.21081999999999998,66.35211181640625,0,10,20.0,0.0,0.0,-20.0,0.0,-20.0,-20.0,0.0
35.718926191329956,0.133575,0.13952499999999998,-0.20834,66.35211181640625,0,10,20.0,0.0,0.0,-20.0,0.0,-20.0,-20.0,0.0
35.81691527366638,0.132,0.1389625,-0.205875,66.35211181640625,0,9,20.0,0.0,0.0,-20.0,0.0,-20.0,-20.0,0.0
35.88892340660095,0.12983749999999997,0.1381875,-0.20251,66.35211181640625,0,10,20.0,0.0,0.0,-20.0,0.0,-20.0,-20.0,0.0
35.95991659164429,0.12821249999999998,0.13760000000000003,-0.19997499999999999,66.35211181640625,0,10,20.0,0.0,0.0,-20.0,0.0,-20.0,-20.0,0.0
36.03992033004761,0.1266375,0.13702499999999998,-0.197515,66.35211181640625,0,9,20.0,0.0,0.0,-20.0,0.0,-20.0,-20.0,0.0
36.11193084716797,0.12483749999999998,0.1363625,-0.194715,66.35211181640625,0,10,20.0,0.0,0.0,-20.0,0.0,-20.0,-20.0,0.0
36.18191456794739,0.12322500000000003,0.13576249999999998,-0.192195,66.35211181640625,0,10,20.0,0.0,0.0,-20.0,0.0,-20.0,-20.0,0.0
36.31191420555115,0.12164999999999998,0.1351875,-0.189755,66.35211181640625,0,9,20.0,0.0,0.0,-20.0,0.0,-20.0,-20.0,0.0
36.39391207695007,0.11855000000000002,0.134,-0.1849,66.35211181640625,0,10,20.0,0.0,0.0,-20.0,0.0,-20.0,-20.0,0.0
36.47491383552551,0.11692500000000002,0.1333875,-0.18237,66.35211181640625,0,9,20.0,0.0,0.0,-20.0,0.0,-20.0,-20.0,0.0
36.54691672325134,0.1151125,0.13267500000000002,-0.17955000000000002,66.35211181640625,0,10,20.0,0.0,0.0,-20.0,0.0,-20.0,-20.0,0.0
36.6179141998291,0.1135,0.13205,-0.17704499999999998,66.35211181640625,0,10,20.0,0.0,0.0,-20.0,0.0,-20.0,-20.0,0.0
36.714914083480835,0.11189999999999997,0.13141250000000002,-0.17454499999999998,66.35211181640625,0,9,20.0,0.0,0.0,-20.0,0.0,-20.0,-20.0,0.0
36.78491401672363,0.10976249999999999,0.1305625,-0.171215,66.35211181640625,0,10,20.0,0.0,0.0,-20.0,0.0,-20.0,-20.0,0.0
36.88346338272095,0.10817500000000001,0.129925,-0.16873500000000002,66.35211181640625,0,9,20.0,0.0,0.0,-20.0,0.0,-20.0,-20.0,0.0
36.957090616226196,0.106,0.12903750000000003,-0.16534000000000001,66.35211181640625,0,10,20.0,0.0,0.0,-20.0,0.0,-20.0,-20.0,0.0
37.02709245681763,0.10433749999999997,0.12835000000000002,-0.16273500000000002,66.35211181640625,0,10,20.0,0.0,0.0,-20.0,0.0,-20.0,-20.0,0.0
37.12309265136719,0.10277499999999998,0.12769999999999998,-0.16031,66.35211181640625,0,9,20.0,0.0,0.0,-20.0,0.0,-20.0,-20.0,0.0
37.195103883743286,0.10063749999999999,0.12678750000000003,-0.15696000000000002,66.35211181640625,0,10,20.0,0.0,0.0,-20.0,0.0,-20.0,-20.0,0.0
37.294095039367676,0.09902499999999997,0.12610000000000002,-0.15446000000000001,66.35211181640625,0,9,20.0,0.0,0.0,-20.0,0.0,-20.0,-20.0,0.0
37.364094257354736,0.0968125,0.12513749999999998,-0.15100999999999998,66.35211181640625,0,10,20.0,0.0,0.0,-20.0,0.0,-20.0,-20.0,0.0
37.49510359764099,0.09503750000000002,0.12436250000000001,-0.14825,66.35211181640625,0,9,20.0,0.0,0.0,-20.0,0.0,-20.0,-20.0,0.0
37.57721519470215,0.092125,0.12303750000000002,-0.14368999999999998,66.35211181640625,0,10,20.0,0.0,0.0,-20.0,0.0,-20.0,-20.0,0.0
37.64678168296814,0.09048750000000001,0.1223,-0.14114500000000002,66.35211181640625,0,10,20.0,0.0,0.0,-20.0,0.0,-20.0,-20.0,0.0
37.7177836894989,0.0889375,0.12160000000000003,-0.138715,66.35211181640625,0,10,20.0,0.0,0.0,-20.0,0.0,-20.0,-20.0,0.0
37.81578302383423,0.08735000000000002,0.12085000000000003,-0.136245,66.35211181640625,0,9,20.0,0.0,0.0,-20.0,0.0,-20.0,-20.0,0.0
37.88530349731445,0.08514999999999998,0.11978750000000002,-0.132805,66.35211181640625,0,10,20.0,0.0,0.0,-20.0,0.0,-20.0,-20.0,0.0
37.95130372047424,0.083625,0.11905000000000002,-0.130435,66.35211181640625,0,10,20.0,0.0,0.0,-20.0,0.0,-20.0,-20.0,0.0
38.0233097076416,0.08213749999999999,0.11833749999999997,-0.128115,66.35211181640625,0,10,20.0,0.0,0.0,-20.0,0.0,-20.0,-20.0,0.0
38.093305349349976,0.08052499999999997,0.11755000000000002,-0.12559,66.35211181640625,0,10,20.0,0.0,0.0,-20.0,0.0,-20.0,-20.0,0.0
38.164302587509155,0.07894999999999999,0.11678750000000002,-0.12313999999999999,66.35211181640625,0,10,20.0,0.0,0.0,-20.0,0.0,-20.0,-20.0,0.0
38.25984978675842,0.07738749999999998,0.11601249999999999,-0.12068999999999999,66.35211181640625,0,9,20.0,0.0,0.0,-20.0,0.0,-20.0,-20.0,0.0
38.32938313484192,0.07523750000000001,0.114875,-0.11734,66.35211181640625,0,10,20.0,0.0,0.0,-20.0,0.0,-20.0,-20.0,0.0
38.401387453079224,0.07367500000000002,0.1140625,-0.11491499999999999,66.35211181640625,0,10,20.0,0.0,0.0,-20.0,0.0,-20.0,-20.0,0.0
38.47339105606079,0.0720625,0.11322500000000002,-0.112405,66.35211181640625,0,10,20.0,0.0,0.0,-20.0,0.0,-20.0,-20.0,0.0
38.54338335990906,0.07047500000000002,0.11238749999999999,-0.10992500000000001,66.35211181640625,0,10,20.0,0.0,0.0,-20.0,0.0,-20.0,-20.0,0.0
38.679399251937866,0.0687375,0.11146249999999998,-0.107215,66.35211181640625,0,9,20.0,0.0,0.0,-20.0,0.0,-20.0,-20.0,0.0
38.74791955947876,0.06576249999999999,0.10977499999999998,-0.10258000000000002,66.35211181640625,0,10,20.0,0.0,0.0,-20.0,0.0,-20.0,-20.0,0.0
38.81992149353027,0.06433749999999998,0.10896249999999998,-0.10035,66.35211181640625,0,10,20.0,0.0,0.0,-20.0,0.0,-20.0,-20.0,0.0
38.8899188041687,0.06273750000000002,0.10805000000000001,-0.09784999999999999,66.35211181640625,0,10,20.0,0.0,0.0,-20.0,0.0,-20.0,-20.0,0.0
38.96091890335083,0.061149999999999975,0.10714999999999998,-0.09537999999999999,66.35211181640625,0,10,20.0,0.0,0.0,-20.0,0.0,-20.0,-20.0,0.0
39.056925535202026,0.05960000000000002,0.10621249999999997,-0.09294999999999999,66.35211181640625,0,9,20.0,0.0,0.0,-20.0,0.0,-20.0,-20.0,0.0
39.12691783905029,0.0574375,0.10489999999999998,-0.08959,66.35211181640625,0,10,20.0,0.0,0.0,-20.0,0.0,-20.0,-20.0,0.0
39.219440937042236,0.055875,0.10392500000000002,-0.08715,66.35211181640625,0,9,20.0,0.0,0.0,-20.0,0.0,-20.0,-20.0,0.0
39.29144644737244,0.053800000000000014,0.10257499999999999,-0.08391999999999998,66.35211181640625,0,10,20.0,0.0,0.0,-20.0,0.0,-20.0,-20.0,0.0
39.36195397377014,0.05217500000000001,0.10151249999999999,-0.08138499999999999,66.35211181640625,0,10,20.0,0.0,0.0,-20.0,0.0,-20.0,-20.0,0.0
39.43015789985657,0.050625,0.1005,-0.07895500000000001,66.35211181640625,0,10,20.0,0.0,0.0,-20.0,0.0,-20.0,-20.0,0.0
39.52815651893616,0.049100000000000026,0.09947500000000002,-0.07658500000000001,66.35211181640625,0,9,20.0,0.0,0.0,-20.0,0.0,-20.0,-20.0,0.0
39.59916305541992,0.046899999999999976,0.09795,-0.073155,66.35211181640625,0,10,20.0,0.0,0.0,-20.0,0.0,-20.0,-20.0,0.0
39.68016028404236,0.0453125,0.0968125,-0.07068,66.35211181640625,0,9,20.0,0.0,0.0,-20.0,0.0,-20.0,-20.0,0.0
39.79569983482361,0.04286250000000001,0.09498750000000002,-0.06685499999999998,66.35211181640625,0,10,20.0,0.0,0.0,-20.0,0.0,-20.0,-20.0,0.0
39.87969636917114,0.0406875,0.093375,-0.06346500000000001,66.35211181640625,0,10,20.0,0.0,0.0,-20.0,0.0,-20.0,-20.0,0.0
39.975703716278076,0.0390625,0.09207499999999999,-0.060930000000000005,66.35211181640625,0,9,20.0,0.0,0.0,-20.0,0.0,-20.0,-20.0,0.0
40.07169723510742,0.03691250000000002,0.09033749999999997,-0.05757499999999999,66.35211181640625,0,9,20.0,0.0,0.0,-20.0,0.0,-20.0,-20.0,0.0
40.14070272445679,0.03477500000000001,0.08853750000000002,-0.05423500000000001,66.35211181640625,0,10,20.0,0.0,0.0,-20.0,0.0,-20.0,-20.0,0.0
40.2387056350708,0.033225,0.08714999999999998,-0.05181999999999999,66.35211181640625,0,9,20.0,0.0,0.0,-20.0,0.0,-20.0,-20.0,0.0
40.30869746208191,0.031037499999999996,0.08516250000000002,-0.04842000000000002,66.35211181640625,0,10,20.0,0.0,0.0,-20.0,0.0,-20.0,-20.0,0.0
40.374696016311646,0.029474999999999994,0.0837375,-0.04598500000000001,66.35211181640625,0,10,20.0,0.0,0.0,-20.0,0.0,-20.0,-20.0,0.0
40.472702980041504,0.027987500000000012,0.0822,-0.04365499999999997,66.35211181640625,0,9,20.0,0.0,0.0,-20.0,0.0,-20.0,-20.0,0.0
40.541693925857544,0.025787499999999994,0.07989999999999997,-0.040230000000000016,66.35211181640625,0,10,20.0,0.0,0.0,-20.0,0.0,-20.0,-20.0,0.0
40.61269569396973,0.02426249999999999,0.0783125,-0.037845000000000024,66.35211181640625,0,10,20.0,0.0,0.0,-20.0,0.0,-20.0,-20.0,0.0
40.71169471740723,0.022662499999999995,0.07660000000000003,-0.03535500000000002,66.35211181640625,0,9,20.0,0.0,0.0,-20.0,0.0,-20.0,-20.0,0.0
40.78369402885437,0.020675000000000013,0.0741875,-0.03225,66.35211181640625,0,10,20.0,0.0,0.0,-20.0,0.0,-20.0,-20.0,0.0
40.856698751449585,0.019587500000000004,0.07286250000000001,-0.030547500000000012,66.35211181640625,0,10,20.0,0.0,0.0,-20.0,0.0,-20.0,-20.0,0.0
40.9936945438385,0.018637499999999987,0.07171249999999997,-0.029077499999999985,66.35211181640625,0,9,20.0,0.0,0.0,-20.0,0.0,-20.0,-20.0,0.0
41.06369495391846,0.0174375,0.07005000000000002,-0.027199999999999988,66.35211181640625,0,10,20.0,0.0,0.0,-20.0,0.0,-20.0,-20.0,0.0
41.13870358467102,0.016362500000000012,0.0685625,-0.02551999999999998,66.35211181640625,0,10,20.0,0.0,0.0,-20.0,0.0,-20.0,-20.0,0.0
41.209702491760254,0.0155,0.067375,-0.024185,66.35211181640625,0,10,20.0,0.0,0.0,-20.0,0.0,-20.0,-20.0,0.0
41.30670523643494,0.014925000000000011,0.06652499999999997,-0.023274999999999976,66.35211181640625,0,9,20.0,0.0,0.0,-20.0,0.0,-20.0,-20.0,0.0
41.403695583343506,0.013987500000000012,0.06510000000000002,-0.02182499999999999,66.35211181640625,0,9,20.0,0.0,0.0,-20.0,0.0,-20.0,-20.0,0.0
41.47369432449341,0.0129375,0.06336250000000002,-0.020182500000000006,66.35211181640625,0,10,20.0,0.0,0.0,-20.0,0.0,-20.0,-20.0,0.0
41.54469919204712,0.012162499999999994,0.06207499999999999,-0.01897000000000003,66.35211181640625,0,10,20.0,0.0,0.0,-20.0,0.0,-20.0,-20.0,0.0
41.638710260391235,0.011587500000000006,0.06107499999999999,-0.018079999999999985,66.35211181640625,0,9,20.0,0.0,0.0,-20.0,0.0,-20.0,-20.0,0.0
41.73469591140747,0.010800000000000011,0.059625,-0.016839999999999977,66.35211181640625,0,9,20.0,0.0,0.0,-20.0,0.0,-20.0,-20.0,0.0
41.80423855781555,0.009775000000000006,0.05766250000000002,-0.015252499999999997,66.35211181640625,0,10,20.0,0.0,0.0,-20.0,0.0,-20.0,-20.0,0.0
41.88181471824646,0.00919999999999999,0.056512499999999986,-0.014357500000000016,66.35211181640625,0,8,20.0,0.0,0.0,-20.0,0.0,-20.0,-20.0,0.0
41.9847948551178,0.008537499999999995,0.05508749999999998,-0.013317499999999996,66.35211181640625,0,8,20.0,0.0,0.0,-20.0,0.0,-20.0,-20.0,0.0
42.096794843673706,0.007675000000000012,0.053125,-0.01195999999999998,66.35211181640625,0,9,20.0,0.0,0.0,-20.0,0.0,-20.0,-20.0,0.0
42.19279599189758,0.006900000000000006,0.05127499999999998,-0.010769999999999981,66.35211181640625,0,9,0.0,20.0,0.0,0.0,-20.0,-20.0,-20.0,0.0
42.28780174255371,0.0062874999999999945,0.04967500000000001,-0.009810000000000003,66.35211181640625,0,9,0.0,20.0,0.0,0.0,-20.0,-20.0,-20.0,0.0
42.38279390335083,0.005762499999999989,0.04821249999999998,-0.008985000000000014,66.35211181640625,0,9,0.0,20.0,0.0,0.0,-20.0,-20.0,-20.0,0.0
42.47685503959656,0.005025000000000006,0.046024999999999976,-0.007819999999999994,66.35211181640625,0,9,0.0,20.0,0.0,0.0,-20.0,-20.0,-20.0,0.0
42.572856426239014,0.004449999999999989,0.04419999999999999,-0.006944999999999993,66.35211181640625,0,9,0.0,20.0,0.0,0.0,-20.0,-20.0,-20.0,0.0
42.66786336898804,0.0037624999999999885,0.04173750000000001,-0.005857500000000016,66.35211181640625,0,7,0.0,20.0,0.0,0.0,-20.0,-20.0,-20.0,0.0
42.74385905265808,0.0031999999999999884,0.039537500000000024,-0.004990000000000009,66.35211181640625,0,4,0.0,20.0,0.0,0.0,-20.0,-20.0,-20.0,0.0
42.821855783462524,0.0028625000000000113,0.03807499999999999,-0.00445999999999998,66.35211181640625,0,2,0.0,20.0,0.0,0.0,-20.0,-20.0,-20.0,0.0
42.90085816383362,0.002637499999999989,0.037024999999999975,-0.004105000000000018,66.35211181640625,0,1,0.0,20.0,0.0,0.0,-20.0,-20.0,-20.0,0.0
42.99285531044006,0.0025,0.03638749999999999,-0.003907500000000027,66.35211181640625,0,1,0.0,20.0,0.0,0.0,-20.0,-20.0,-20.0,0.0
43.08485651016235,0.002337500000000006,0.0355625,-0.0036524999999999748,66.35211181640625,0,1,0.0,20.0,0.0,0.0,-20.0,-20.0,-20.0,0.0
43.18085551261902,0.002237500000000011,0.03505000000000001,-0.003490000000000009,66.35211181640625,0,0,0.0,20.0,0.0,0.0,-20.0,-20.0,-20.0,0.0
43.25985503196716,0.0021624999999999943,0.03461250000000001,-0.0033625000000000113,66.35211181640625,0,1,0.0,20.0,0.0,0.0,-20.0,-20.0,-20.0,0.0
43.335856437683105,0.0020625,0.03411250000000001,-0.0032275000000000203,66.35211181640625,0,1,0.0,20.0,0.0,0.0,-20.0,-20.0,-20.0,0.0
43.41487979888916,0.001974999999999994,0.03363749999999999,-0.0030950000000000274,66.35211181640625,0,1,0.0,20.0,0.0,0.0,-20.0,-20.0,-20.0,0.0
43.490856409072876,0.0019000000000000056,0.0331875,-0.002972500000000025,66.35211181640625,0,1,0.0,20.0,0.0,0.0,-20.0,-20.0,-20.0,0.0
43.566856145858765,0.0018249999999999885,0.032725,-0.0028525000000000204,66.35211181640625,0,1,0.0,20.0,0.0,0.0,-20.0,-20.0,-20.0,0.0
43.66185426712036,0.0017624999999999887,0.0323125,-0.0027425000000000067,66.35211181640625,0,1,0.0,20.0,0.0,0.0,-20.0,-20.0,-20.0,0.0
43.739869356155396,0.0016750000000000113,0.031824999999999985,-0.0026200000000000047,66.35211181640625,0,0,0.0,20.0,0.0,0.0,-20.0,-20.0,-20.0,0.0
43.818408727645874,0.001625,0.03138749999999999,-0.002519999999999982,66.35211181640625,0,0,0.0,20.0,0.0,0.0,-20.0,-20.0,-20.0,0.0
43.89340591430664,0.0015500000000000114,0.030962500000000007,-0.002420000000000016,66.35211181640625,0,0,0.0,20.0,0.0,0.0,-20.0,-20.0,-20.0,0.0
43.970407009124756,0.0014875000000000114,0.030525000000000007,-0.002319999999999993,66.35211181640625,0,0,0.0,20.0,0.0,0.0,-20.0,-20.0,-20.0,0.0
44.048410415649414,0.0014250000000000113,0.03011250000000001,-0.002230000000000018,66.35211181640625,0,0,0.0,20.0,0.0,0.0,-20.0,-20.0,-20.0,0.0
44.124412536621094,0.001375,0.02969999999999999,-0.0021399999999999865,66.35211181640625,0,0,0.0,20.0,0.0,0.0,-20.0,-20.0,-20.0,0.0
44.22541522979736,0.0013249999999999887,0.029287499999999994,-0.0020500000000000114,66.35211181640625,0,0,0.0,20.0,0.0,0.0,-20.0,-20.0,-20.0,0.0
44.30540871620178,0.0012624999999999887,0.02888749999999999,-0.0019700000000000273,66.35211181640625,0,0,0.0,20.0,0.0,0.0,-20.0,-20.0,-20.0,0.0
44.38341522216797,0.0012125000000000057,0.0285,-0.0018899999999999863,66.35211181640625,0,0,0.0,20.0,0.0,0.0,-20.0,-20.0,-20.0,0.0
44.47740721702576,0.0011750000000000113,0.028112500000000012,-0.0018199999999999933,66.35211181640625,0,0,0.0,20.0,0.0,0.0,-20.0,-20.0,-20.0,0.0
44.55594825744629,0.001125,0.027724999999999993,-0.0017400000000000091,66.35211181640625,0,0,0.0,20.0,0.0,0.0,-20.0,-20.0,-20.0,0.0
44.64794373512268,0.0010749999999999887,0.027337500000000004,-0.0016700000000000159,66.35211181640625,0,0,0.0,20.0,0.0,0.0,-20.0,-20.0,-20.0,0.0
44.72494149208069,0.0010250000000000057,0.026974999999999996,-0.0016100000000000135,66.35211181640625,0,0,0.0,20.0,0.0,0.0,-20.0,-20.0,-20.0,0.0
44.80094790458679,0.0009875000000000114,0.026599999999999995,-0.0015400000000000205,66.35211181640625,0,0,0.0,20.0,0.0,0.0,-20.0,-20.0,-20.0,0.0
44.87794232368469,0.0009499999999999886,0.026224999999999995,-0.0014800000000000182,66.35211181640625,0,0,0.0,20.0,0.0,0.0,-20.0,-20.0,-20.0,0.0
44.95594549179077,0.0009124999999999943,0.025875,-0.0014200000000000159,66.35211181640625,0,0,0.0,20.0,0.0,0.0,-20.0,-20.0,-20.0,0.0
45.03294825553894,0.000875,0.025525000000000006,-0.0013700000000000045,66.35211181640625,0,0,0.0,20.0,0.0,0.0,-20.0,-20.0,-20.0,0.0
45.110941648483276,0.0008375000000000057,0.02517500000000001,-0.0013100000000000024,66.35211181640625,0,0,0.0,20.0,0.0,0.0,-20.0,-20.0,-20.0,0.0
45.18794512748718,0.0008125,0.02482499999999999,-0.001259999999999991,66.35211181640625,0,0,0.0,20.0,0.0,0.0,-20.0,-20.0,-20.0,0.0
45.26746606826782,0.0007750000000000057,0.024487500000000013,-0.0012099999999999795,66.35211181640625,0,0,0.0,20.0,0.0,0.0,-20.0,-20.0,-20.0,0.0
45.37146234512329,0.0007375000000000114,0.024150000000000005,-0.001160000000000025,66.35211181640625,0,0,0.0,20.0,0.0,0.0,-20.0,-20.0,-20.0,0.0
45.44946789741516,0.0007125000000000057,0.02382499999999999,-0.0011100000000000135,66.35211181640625,0,0,0.0,20.0,0.0,0.0,-20.0,-20.0,-20.0,0.0
45.52798843383789,0.0006875,0.023487500000000012,-0.0010699999999999933,66.35211181640625,0,0,0.0,20.0,0.0,0.0,-20.0,-20.0,-20.0,0.0
45.60598945617676,0.0006624999999999944,0.02317500000000001,-0.0010299999999999728,66.35211181640625,0,0,0.0,20.0,0.0,0.0,-20.0,-20.0,-20.0,0.0
45.68499135971069,0.000625,0.022849999999999995,-0.000990000000000009,66.35211181640625,0,0,0.0,20.0,0.0,0.0,-20.0,-20.0,-20.0,0.0
45.75999116897583,0.0006125000000000114,0.022537499999999995,-0.0009499999999999886,66.35211181640625,0,0,0.0,20.0,0.0,0.0,-20.0,-20.0,-20.0,0.0
45.83700370788574,0.0005749999999999886,0.022224999999999995,-0.000910000000000025,66.35211181640625,0,0,0.0,20.0,0.0,0.0,-20.0,-20.0,-20.0,0.0
45.91498827934265,0.0005625,0.02192500000000001,-0.0008700000000000046,66.35211181640625,0,0,0.0,20.0,0.0,0.0,-20.0,-20.0,-20.0,0.0
45.991986989974976,0.0005374999999999944,0.021625,-0.000839999999999975,66.35211181640625,0,0,0.0,20.0,0.0,0.0,-20.0,-20.0,-20.0,0.0
46.06899309158325,0.0005250000000000057,0.02132499999999999,-0.0008000000000000114,66.35211181640625,0,0,0.0,20.0,0.0,0.0,-20.0,-20.0,-20.0,0.0
46.14598727226257,0.00048750000000001136,0.021037499999999994,-0.0007699999999999819,66.35211181640625,0,0,0.0,20.0,0.0,0.0,-20.0,-20.0,-20.0,0.0
46.22498536109924,0.0004749999999999943,0.02075,-0.0007400000000000091,66.35211181640625,0,0,0.0,20.0,0.0,0.0,-20.0,-20.0,-20.0,0.0
46.30299115180969,0.00046250000000000566,0.020474999999999993,-0.0007099999999999795,66.35211181640625,0,0,0.0,20.0,0.0,0.0,-20.0,-20.0,-20.0,0.0
46.4039888381958,0.0004375,0.0201875,-0.0006800000000000068,66.35211181640625,0,0,0.0,20.0,0.0,0.0,-20.0,-20.0,-20.0,0.0
46.47998547554016,0.00042500000000001136,0.019912499999999993,-0.0006499999999999773,66.35211181640625,0,0,0.0,20.0,0.0,0.0,-20.0,-20.0,-20.0,0.0
46.55898571014404,0.0004000000000000057,0.01963749999999999,-0.0006299999999999955,66.35211181640625,0,0,0.0,20.0,0.0,0.0,-20.0,-20.0,-20.0,0.0
46.632986545562744,0.00038749999999998866,0.019375,-0.0006000000000000227,66.35211181640625,0,0,0.0,20.0,0.0,0.0,-20.0,-20.0,-20.0,0.0
46.70898675918579,0.000375,0.019099999999999995,-0.0005799999999999841,66.35211181640625,0,0,0.0,20.0,0.0,0.0,-20.0,-20.0,-20.0,0.0
46.78799366950989,0.00036250000000001136,0.018837500000000007,-0.0005600000000000022,66.35211181640625,0,0,0.0,20.0,0.0,0.0,-20.0,-20.0,-20.0,0.0
46.86398506164551,0.0003375000000000057,0.018574999999999987,-0.0005299999999999728,66.35211181640625,0,0,0.0,20.0,0.0,0.0,-20.0,-20.0,-20.0,0.0
46.94299054145813,0.00032499999999998866,0.018324999999999987,-0.0005099999999999909,66.35211181640625,0,0,0.0,20.0,0.0,0.0,-20.0,-20.0,-20.0,0.0
47.037986755371094,0.00032499999999998866,0.018074999999999987,-0.0004900000000000091,66.35211181640625,0,0,0.0,20.0,0.0,0.0,-20.0,-20.0,-20.0,0.0
47.113502979278564,0.00030000000000001136,0.01782499999999999,-0.0004700000000000273,66.35211181640625,0,0,0.0,20.0,0.0,0.0,-20.0,-20.0,-20.0,0.0
47.19151258468628,0.0002874999999999943,0.017587500000000006,-0.00044999999999998866,66.35211181640625,0,0,0.0,20.0,0.0,0.0,-20.0,-20.0,-20.0,0.0
47.27005195617676,0.0002750000000000057,0.017337500000000006,-0.00043999999999999774,66.35211181640625,0,0,0.0,20.0,0.0,0.0,-20.0,-20.0,-20.0,0.0
47.34760332107544,0.0002750000000000057,0.01711250000000001,-0.0004200000000000159,66.35211181640625,0,0,0.0,20.0,0.0,0.0,-20.0,-20.0,-20.0,0.0
47.42760705947876,0.00026249999999998865,0.016875,-0.00039999999999997725,66.35211181640625,0,0,0.0,20.0,0.0,0.0,-20.0,-20.0,-20.0,0.0
47.54112887382507,0.00025,0.01663749999999999,-0.00038999999999998633,66.35211181640625,0,0,0.0,20.0,0.0,0.0,-20.0,-20.0,-20.0,0.0
47.61814284324646,0.00023750000000001136,0.016412499999999993,-0.00037000000000000455,66.35211181640625,0,0,0.0,20.0,0.0,0.0,-20.0,-20.0,-20.0,0.0
47.71113181114197,0.00022499999999999433,0.0161875,-0.00036000000000001363,66.35211181640625,0,0,0.0,20.0,0.0,0.0,-20.0,-20.0,-20.0,0.0
47.78813338279724,0.00022499999999999433,0.015974999999999993,-0.000339999999999975,66.35211181640625,0,0,0.0,20.0,0.0,0.0,-20.0,-20.0,-20.0,0.0
47.86712718009949,0.00021250000000000568,0.01575,-0.00032999999999998406,66.35211181640625,0,0,0.0,20.0,0.0,0.0,-20.0,-20.0,-20.0,0.0
47.94612669944763,0.00019999999999998863,0.015525000000000006,-0.0003100000000000023,66.35211181640625,0,0,0.0,20.0,0.0,0.0,-20.0,-20.0,-20.0,0.0
48.02512884140015,0.0001875,0.015324999999999988,-0.00030000000000001136,66.35211181640625,0,0,0.0,20.0,0.0,0.0,-20.0,-20.0,-20.0,0.0
48.103692293167114,0.0001875,0.015112500000000011,-0.00029000000000002044,66.35211181640625,0,0,0.0,20.0,0.0,0.0,-20.0,-20.0,-20.0,0.0
48.17769145965576,0.00017500000000001136,0.014900000000000005,-0.0002799999999999727,66.35211181640625,0,0,0.0,20.0,0.0,0.0,-20.0,-20.0,-20.0,0.0
48.258697509765625,0.00017500000000001136,0.014699999999999989,-0.0002699999999999818,66.35211181640625,0,0,0.0,20.0,0.0,0.0,-20.0,-20.0,-20.0,0.0
48.33672499656677,0.00016249999999999433,0.0145,-0.0002599999999999909,66.35211181640625,0,0,0.0,20.0,0.0,0.0,-20.0,-20.0,-20.0,0.0
48.414690256118774,0.00016249999999999433,0.01430000000000001,-0.00025,66.35211181640625,0,0,0.0,20.0,0.0,0.0,-20.0,-20.0,-20.0,0.0
48.49470114707947,0.00015000000000000568,0.014099999999999994,-0.00024000000000000909,66.35211181640625,0,0,0.0,20.0,0.0,0.0,-20.0,-20.0,-20.0,0.0
48.59268927574158,0.00015000000000000568,0.013912499999999994,-0.0002300000000000182,66.35211181640625,0,0,0.0,20.0,0.0,0.0,-20.0,-20.0,-20.0,0.0
48.67868900299072,0.00013749999999998862,0.013724999999999994,-0.00022000000000002728,66.35211181640625,0,0,0.0,20.0,0.0,0.0,-20.0,-20.0,-20.0,0.0
48.75869560241699,0.000125,0.013525000000000006,-0.00020999999999997954,66.35211181640625,0,0,0.0,20.0,0.0,0.0,-20.0,-20.0,-20.0,0.0
48.83821511268616,0.000125,0.013349999999999994,-0.00019999999999998863,66.35211181640625,0,0,0.0,20.0,0.0,0.0,-20.0,-20.0,-20.0,0.0
48.915212631225586,0.000125,0.013162499999999994,-0.00018999999999999773,66.35211181640625,0,0,0.0,20.0,0.0,0.0,-20.0,-20.0,-20.0,0.0
48.9952278137207,0.000125,0.012974999999999993,-0.00018000000000000681,66.35211181640625,0,0,0.0,20.0,0.0,0.0,-20.0,-20.0,-20.0,0.0
49.06975531578064,0.00011250000000001137,0.012800000000000011,-0.00018000000000000681,66.35211181640625,0,0,0.0,20.0,0.0,0.0,-20.0,-20.0,-20.0,0.0
49.14776349067688,0.00011250000000001137,0.012625,-0.00017000000000001592,66.35211181640625,0,0,0.0,20.0,0.0,0.0,-20.0,-20.0,-20.0,0.0
49.22675967216492,9.999999999999431e-05,0.012462500000000005,-0.000160000000000025,66.35211181640625,0,0,0.0,20.0,0.0,0.0,-20.0,-20.0,-20.0,0.0
49.30477714538574,9.999999999999431e-05,0.012287499999999995,-0.000160000000000025,66.35211181640625,0,0,0.0,20.0,0.0,0.0,-20.0,-20.0,-20.0,0.0
49.38475489616394,9.999999999999431e-05,0.012125,-0.00014999999999997727,66.35211181640625,0,0,0.0,20.0,0.0,0.0,-20.0,-20.0,-20.0,0.0
49.4627571105957,8.750000000000568e-05,0.011949999999999988,-0.00013999999999998635,66.35211181640625,0,0,0.0,20.0,0.0,0.0,-20.0,-20.0,-20.0,0.0
49.53975868225098,8.750000000000568e-05,0.011787499999999994,-0.00013999999999998635,66.35211181640625,0,0,0.0,20.0,0.0,0.0,-20.0,-20.0,-20.0,0.0
49.61875557899475,8.750000000000568e-05,0.011625,-0.00012999999999999546,66.35211181640625,0,0,0.0,20.0,0.0,0.0,-20.0,-20.0,-20.0,0.0
49.73683142662048,7.499999999998864e-05,0.011474999999999994,-0.00012999999999999546,66.35211181640625,0,0,0.0,20.0,0.0,0.0,-20.0,-20.0,-20.0,0.0
49.81283950805664,7.499999999998864e-05,0.0113125,-0.00012000000000000454,66.35211181640625,0,0,0.0,20.0,0.0,0.0,-20.0,-20.0,-20.0,0.0
49.89184093475342,7.499999999998864e-05,0.011150000000000005,-0.00012000000000000454,66.35211181640625,0,0,0.0,20.0,0.0,0.0,-20.0,-20.0,-20.0,0.0
49.96991276741028,7.499999999998864e-05,0.011,-0.00011000000000001364,66.35211181640625,0,0,0.0,20.0,0.0,0.0,-20.0,-20.0,-20.0,0.0
50.047916889190674,7.499999999998864e-05,0.010849999999999995,-0.00011000000000001364,66.35211181640625,0,0,0.0,20.0,0.0,0.0,-20.0,-20.0,-20.0,0.0
50.128917932510376,7.499999999998864e-05,0.010699999999999989,-0.00010000000000002273,66.35211181640625,0,0,0.0,20.0,0.0,0.0,-20.0,-20.0,-20.0,0.0
50.207911252975464,6.25e-05,0.0105625,-0.00010000000000002273,66.35211181640625,0,0,0.0,20.0,0.0,0.0,-20.0,-20.0,-20.0,0.0
50.28592920303345,6.25e-05,0.010412499999999995,-0.00010000000000002273,66.35211181640625,0,0,0.0,20.0,0.0,0.0,-20.0,-20.0,-20.0,0.0
50.36491584777832,6.25e-05,0.010275000000000006,-8.999999999997499e-05,66.35211181640625,0,0,0.0,20.0,0.0,0.0,-20.0,-20.0,-20.0,0.0
50.44191241264343,6.25e-05,0.010125,-8.999999999997499e-05,66.35211181640625,0,0,0.0,20.0,0.0,0.0,-20.0,-20.0,-20.0,0.0
50.51893091201782,5.0000000000011366e-05,0.009987500000000012,-8.999999999997499e-05,66.35211181640625,0,0,0.0,20.0,0.0,0.0,-20.0,-20.0,-20.0,0.0
50.60010600090027,5.0000000000011366e-05,0.009849999999999994,-7.999999999998408e-05,66.35211181640625,0,0,0.0,20.0,0.0,0.0,-20.0,-20.0,-20.0,0.0
50.67763066291809,5.0000000000011366e-05,0.009724999999999994,-7.999999999998408e-05,66.35211181640625,0,0,0.0,20.0,0.0,0.0,-20.0,-20.0,-20.0,0.0
50.7816321849823,5.0000000000011366e-05,0.009574999999999988,-7.999999999998408e-05,66.35211181640625,0,0,0.0,20.0,0.0,0.0,-20.0,-20.0,-20.0,0.0
50.936628341674805,5.0000000000011366e-05,0.009449999999999988,-6.999999999999318e-05,68.89349937438965,0,0,0.0,18.225777,1.7742233,0.0,-20.0,-20.0,-20.0,0.0
51.079627990722656,3.749999999999432e-05,0.009324999999999988,-6.999999999999318e-05,73.6412525177002,0,0,0.0,14.911221,5.0887794,0.0,-20.0,-20.0,-20.0,0.0
51.22262907028198,3.749999999999432e-05,0.00919999999999999,-6.999999999999318e-05,77.90360069274902,0,0,0.0,11.935539,8.064461,0.0,-20.0,-20.0,-20.0,0.0
51.36514329910278,3.749999999999432e-05,0.00907499999999999,-6.000000000000227e-05,82.45007801055908,0,0,0.0,8.7614975,11.2385025,0.0,-20.0,-20.0,-20.0,0.0
51.50714993476868,3.749999999999432e-05,0.00894999999999999,-6.000000000000227e-05,86.72529125213623,0,0,0.0,5.7768373,14.223163,0.0,-20.0,-20.0,-20.0,0.0
51.64969086647034,3.749999999999432e-05,0.008824999999999989,-6.000000000000227e-05,91.00731062889099,0,0,0.0,2.7874222,17.212578,0.0,-20.0,-20.0,-20.0,0.0
51.79068660736084,3.749999999999432e-05,0.008699999999999989,-6.000000000000227e-05,95.0,0,0,0.0,0.0,20.0,0.0,-20.0,-20.0,-20.0,0.0
51.86871862411499,2.5000000000005683e-05,0.008574999999999989,-5.0000000000011366e-05,95.0,0,0,0.0,0.0,20.0,0.0,-20.0,-20.0,-20.0,0.0
51.94668793678284,2.5000000000005683e-05,0.008474999999999995,-5.0000000000011366e-05,95.0,0,0,0.0,0.0,20.0,0.0,-20.0,-20.0,-20.0,0.0
52.02568793296814,2.5000000000005683e-05,0.008349999999999995,-5.0000000000011366e-05,95.0,0,0,0.0,0.0,20.0,0.0,-20.0,-20.0,-20.0,0.0
52.12622857093811,2.5000000000005683e-05,0.008237500000000012,-5.0000000000011366e-05,95.0,0,0,0.0,0.0,20.0,0.0,-20.0,-20.0,-20.0,0.0
52.20221662521362,2.5000000000005683e-05,0.008125,-5.0000000000011366e-05,95.0,0,0,0.0,0.0,20.0,0.0,-20.0,-20.0,-20.0,0.0
52.28223180770874,2.5000000000005683e-05,0.008012499999999988,-4.000000000002046e-05,95.0,0,0,0.0,0.0,20.0,0.0,-20.0,-20.0,-20.0,0.0
52.36121964454651,2.5000000000005683e-05,0.007900000000000006,-4.000000000002046e-05,95.0,0,0,0.0,0.0,20.0,0.0,-20.0,-20.0,-20.0,0.0
52.43824505805969,2.5000000000005683e-05,0.007787499999999994,-4.000000000002046e-05,95.0,0,0,0.0,0.0,20.0,0.0,-20.0,-20.0,-20.0,0.0
52.517220973968506,2.5000000000005683e-05,0.0076875,-4.000000000002046e-05,95.0,0,0,0.0,0.0,20.0,0.0,-20.0,-20.0,-20.0,0.0
52.59422254562378,2.5000000000005683e-05,0.007574999999999989,-4.000000000002046e-05,95.0,0,0,0.0,0.0,20.0,0.0,-20.0,-20.0,-20.0,0.0
52.673221588134766,2.5000000000005683e-05,0.007474999999999995,-4.000000000002046e-05,95.0,0,0,0.0,0.0,20.0,0.0,-20.0,-20.0,-20.0,0.0
52.749221324920654,2.5000000000005683e-05,0.007375,-2.9999999999972716e-05,95.0,0,0,0.0,0.0,20.0,0.0,-20.0,-20.0,-20.0,0.0
52.8252215385437,2.5000000000005683e-05,0.007275000000000005,-2.9999999999972716e-05,95.0,0,0,0.0,0.0,20.0,0.0,-20.0,-20.0,-20.0,0.0
52.90322542190552,2.5000000000005683e-05,0.007175000000000011,-2.9999999999972716e-05,95.0,0,0,0.0,0.0,20.0,0.0,-20.0,-20.0,-20.0,0.0
52.983224391937256,2.5000000000005683e-05,0.007074999999999988,-2.9999999999972716e-05,95.0,0,0,0.0,0.0,20.0,0.0,-20.0,-20.0,-20.0,0.0
53.06122660636902,2.5000000000005683e-05,0.006974999999999994,-2.9999999999972716e-05,95.0,0,0,0.0,0.0,20.0,0.0,-20.0,-20.0,-20.0,0.0
53.13922667503357,2.5000000000005683e-05,0.006875,-2.9999999999972716e-05,95.0,0,0,0.0,0.0,20.0,0.0,-20.0,-20.0,-20.0,0.0
53.23421812057495,2.5000000000005683e-05,0.006787499999999994,-2.9999999999972716e-05,95.0,0,0,0.0,0.0,20.0,0.0,-20.0,-20.0,-20.0,0.0
53.32621788978577,2.5000000000005683e-05,0.006699999999999989,-2.9999999999972716e-05,95.0,0,0,0.0,0.0,20.0,0.0,-20.0,-20.0,-20.0,0.0
53.405218839645386,2.5000000000005683e-05,0.006599999999999994,-1.999999999998181e-05,95.0,0,0,0.0,0.0,20.0,0.0,-20.0,-20.0,-20.0,0.0
53.48322153091431,2.5000000000005683e-05,0.006512499999999989,-1.999999999998181e-05,95.0,0,0,0.0,0.0,20.0,0.0,-20.0,-20.0,-20.0,0.0
53.56121873855591,1.2499999999988632e-05,0.006425000000000011,-1.999999999998181e-05,95.0,0,0,0.0,0.0,20.0,0.0,-20.0,-20.0,-20.0,0.0
53.65622162818909,1.2499999999988632e-05,0.0063375000000000055,-1.999999999998181e-05,95.0,0,0,0.0,0.0,20.0,0.0,-20.0,-20.0,-20.0,0.0
53.73222851753235,1.2499999999988632e-05,0.00625,-1.999999999998181e-05,95.0,0,0,0.0,0.0,20.0,0.0,-20.0,-20.0,-20.0,0.0
53.8102171421051,1.2499999999988632e-05,0.006162499999999994,-1.999999999998181e-05,95.0,0,0,0.0,0.0,20.0,0.0,-20.0,-20.0,-20.0,0.0
53.90422010421753,1.2499999999988632e-05,0.006074999999999988,-1.999999999998181e-05,95.0,0,0,0.0,0.0,20.0,0.0,-20.0,-20.0,-20.0,0.0
53.981218099594116,1.2499999999988632e-05,0.006,-1.999999999998181e-05,95.0,0,0,0.0,0.0,20.0,0.0,-20.0,-20.0,-20.0,0.0
54.06022071838379,1.2499999999988632e-05,0.005912499999999994,-1.999999999998181e-05,95.0,0,0,0.0,0.0,20.0,0.0,-20.0,-20.0,-20.0,0.0
54.13922095298767,1.2499999999988632e-05,0.005824999999999989,-1.999999999998181e-05,95.0,0,0,0.0,0.0,20.0,0.0,-20.0,-20.0,-20.0,0.0
54.21321892738342,1.2499999999988632e-05,0.00575,-1.999999999998181e-05,95.0,0,0,0.0,0.0,20.0,0.0,-20.0,-20.0,-20.0,0.0
54.31521821022034,1.2499999999988632e-05,0.005675000000000012,-1.999999999998181e-05,95.0,0,0,0.0,0.0,20.0,0.0,-20.0,-20.0,-20.0,0.0
54.40622162818909,1.2499999999988632e-05,0.005599999999999995,-1.999999999998181e-05,95.0,0,0,0.0,0.0,20.0,0.0,-20.0,-20.0,-20.0,0.0
54.48621964454651,1.2499999999988632e-05,0.005525000000000006,-9.999999999990905e-06,95.0,0,0,0.0,0.0,20.0,0.0,-20.0,-20.0,-20.0,0.0
54.565215826034546,1.2499999999988632e-05,0.0054375,-9.999999999990905e-06,95.0,0,0,0.0,0.0,20.0,0.0,-20.0,-20.0,-20.0,0.0
54.64421844482422,1.2499999999988632e-05,0.0054375,-9.999999999990905e-06,95.0,0,0,0.0,0.0,20.0,0.0,-20.0,-20.0,-20.0,0.0
54.72422742843628,1.2499999999988632e-05,0.005300000000000011,-9.999999999990905e-06,95.0,0,0,0.0,0.0,20.0,0.0,-20.0,-20.0,-20.0,0.0
54.80221676826477,1.2499999999988632e-05,0.005224999999999994,-9.999999999990905e-06,95.0,0,0,0.0,0.0,20.0,0.0,-20.0,-20.0,-20.0,0.0
54.879218339920044,1.2499999999988632e-05,0.005150000000000005,-9.999999999990905e-06,95.0,0,0,0.0,0.0,20.0,0.0,-20.0,-20.0,-20.0,0.0