Current Date: Thu 08 Sep 2022 23:39:04
Object Position (x,y,z)(m): 0,0,-0.305
Target Position (x,y,z)(m): 0.15,0.15,-0.31
Time,x (m),y (m),z (m),grasp angle (deg),force,Buffer Length,Move to Pre Grasp,Move to grasp,grasp,lift after grasp,move to pre release,move to release,release,lift after release
0.16000127792358398,0.0,0.0,0.0,66.35211181640625,0,0,20.0,0.0,0.0,-20.0,0.0,-20.0,-20.0,0.0
0.2580265998840332,0.0,0.0,-0.0008274999999999863,66.35211181640625,0,1,20.0,0.0,0.0,-20.0,0.0,-20.0,-20.0,0.0
0.3380124568939209,0.0,0.0,-0.0025699999999999933,66.35211181640625,0,2,20.0,0.0,0.0,-20.0,0.0,-20.0,-20.0,0.0
0.4370133876800537,0.0,0.0,-0.004699999999999989,66.35211181640625,0,3,20.0,0.0,0.0,-20.0,0.0,-20.0,-20.0,0.0
0.5370070934295654,0.0,0.0,-0.007899999999999976,66.35211181640625,0,4,20.0,0.0,0.0,-20.0,0.0,-20.0,-20.0,0.0
0.6330001354217529,0.0,0.0,-0.010307500000000004,66.35211181640625,0,5,20.0,0.0,0.0,-20.0,0.0,-20.0,-20.0,0.0
0.7310030460357666,0.0,0.0,-0.011730000000000018,66.35211181640625,0,6,20.0,0.0,0.0,-20.0,0.0,-20.0,-20.0,0.0
0.860023021697998,0.0,0.0,-0.01230250000000001,66.35211181640625,0,6,20.0,0.0,0.0,-20.0,0.0,-20.0,-20.0,0.0
0.9590041637420654,0.0,0.0,-0.013402499999999975,66.35211181640625,0,7,20.0,0.0,0.0,-20.0,0.0,-20.0,-20.0,0.0
1.056004524230957,0.0,0.0,-0.01541500000000002,66.35211181640625,0,8,20.0,0.0,0.0,-20.0,0.0,-20.0,-20.0,0.0
1.1550040245056152,0.0,0.0,-0.018375,66.35211181640625,0,9,20.0,0.0,0.0,-20.0,0.0,-20.0,-20.0,0.0
1.2390141487121582,0.0,0.0,-0.022220000000000028,66.35211181640625,0,10,20.0,0.0,0.0,-20.0,0.0,-20.0,-20.0,0.0
1.3390119075775146,0.0,0.0,-0.02473000000000002,66.35211181640625,0,9,20.0,0.0,0.0,-20.0,0.0,-20.0,-20.0,0.0
1.412001609802246,0.0,0.0,-0.028274999999999977,66.35211181640625,0,10,20.0,0.0,0.0,-20.0,0.0,-20.0,-20.0,0.0
1.4860048294067383,0.0,0.0,-0.030785000000000024,66.35211181640625,0,10,20.0,0.0,0.0,-20.0,0.0,-20.0,-20.0,0.0
1.5600008964538574,0.0,0.0,-0.03334500000000003,66.35211181640625,0,10,20.0,0.0,0.0,-20.0,0.0,-20.0,-20.0,0.0
1.658006191253662,0.0,0.0,-0.035930000000000004,66.35211181640625,0,9,20.0,0.0,0.0,-20.0,0.0,-20.0,-20.0,0.0
1.7310004234313965,0.0,0.0,-0.03938999999999999,66.35211181640625,0,10,20.0,0.0,0.0,-20.0,0.0,-20.0,-20.0,0.0
1.804009199142456,0.0,0.0,-0.04191500000000002,66.35211181640625,0,10,20.0,0.0,0.0,-20.0,0.0,-20.0,-20.0,0.0
1.883000135421753,0.0,0.0,-0.04445499999999998,66.35211181640625,0,10,20.0,0.0,0.0,-20.0,0.0,-20.0,-20.0,0.0
2.0120084285736084,0.0,0.0,-0.04762,66.35211181640625,0,9,20.0,0.0,0.0,-20.0,0.0,-20.0,-20.0,0.0
2.0820019245147705,0.0,0.0,-0.05170499999999999,66.35211181640625,0,10,20.0,0.0,0.0,-20.0,0.0,-20.0,-20.0,0.0
2.153010129928589,0.0,0.0,-0.05413,66.35211181640625,0,10,20.0,0.0,0.0,-20.0,0.0,-20.0,-20.0,0.0
2.251631259918213,0.0,0.0,-0.05659500000000003,66.35211181640625,0,9,20.0,0.0,0.0,-20.0,0.0,-20.0,-20.0,0.0
2.3221752643585205,0.0,0.0,-0.06005000000000001,66.35211181640625,0,10,20.0,0.0,0.0,-20.0,0.0,-20.0,-20.0,0.0
2.393178939819336,0.0,0.0,-0.06252500000000001,66.35211181640625,0,10,20.0,0.0,0.0,-20.0,0.0,-20.0,-20.0,0.0
2.465252161026001,0.0,0.0,-0.06498,66.35211181640625,0,10,20.0,0.0,0.0,-20.0,0.0,-20.0,-20.0,0.0
2.544250011444092,0.0,0.0,-0.06747999999999998,66.35211181640625,0,9,20.0,0.0,0.0,-20.0,0.0,-20.0,-20.0,0.0
2.615252733230591,0.0,0.0,-0.070245,66.35211181640625,0,10,20.0,0.0,0.0,-20.0,0.0,-20.0,-20.0,0.0
2.684251308441162,0.0,0.0,-0.07269,66.35211181640625,0,10,20.0,0.0,0.0,-20.0,0.0,-20.0,-20.0,0.0
2.750817060470581,0.0,0.0,-0.07513999999999998,66.35211181640625,0,10,20.0,0.0,0.0,-20.0,0.0,-20.0,-20.0,0.0
2.847817897796631,0.0,0.0,-0.07745500000000001,66.35211181640625,0,9,20.0,0.0,0.0,-20.0,0.0,-20.0,-20.0,0.0
2.92082142829895,0.0,0.0,-0.080805,66.35211181640625,0,10,20.0,0.0,0.0,-20.0,0.0,-20.0,-20.0,0.0
3.008817672729492,0.0,0.0,-0.083345,66.35211181640625,0,10,20.0,0.0,0.0,-20.0,0.0,-20.0,-20.0,0.0
3.139822244644165,0.0,0.0,-0.08694,66.35211181640625,0,9,20.0,0.0,0.0,-20.0,0.0,-20.0,-20.0,0.0
3.208817720413208,0.0,0.0,-0.09100499999999999,66.35211181640625,0,10,20.0,0.0,0.0,-20.0,0.0,-20.0,-20.0,0.0
3.2788379192352295,0.0,0.0,-0.093365,66.35211181640625,0,10,20.0,0.0,0.0,-20.0,0.0,-20.0,-20.0,0.0
3.3768208026885986,0.0,0.0,-0.09581999999999999,66.35211181640625,0,9,20.0,0.0,0.0,-20.0,0.0,-20.0,-20.0,0.0
3.4478235244750977,0.0,0.0,-0.09925,66.35211181640625,0,10,20.0,0.0,0.0,-20.0,0.0,-20.0,-20.0,0.0
3.518827199935913,0.0,0.0,-0.10172,66.35211181640625,0,10,20.0,0.0,0.0,-20.0,0.0,-20.0,-20.0,0.0
3.6008212566375732,0.0,0.0,-0.10417500000000002,66.35211181640625,0,9,20.0,0.0,0.0,-20.0,0.0,-20.0,-20.0,0.0
3.6728198528289795,0.0,0.0,-0.10704499999999999,66.35211181640625,0,10,20.0,0.0,0.0,-20.0,0.0,-20.0,-20.0,0.0
3.741821527481079,0.0,0.0,-0.10954499999999999,66.35211181640625,0,10,20.0,0.0,0.0,-20.0,0.0,-20.0,-20.0,0.0
3.8393545150756836,0.0,0.0,-0.11195,66.35211181640625,0,9,20.0,0.0,0.0,-20.0,0.0,-20.0,-20.0,0.0
3.906348705291748,0.0,0.0,-0.11536500000000001,66.35211181640625,0,10,20.0,0.0,0.0,-20.0,0.0,-20.0,-20.0,0.0
3.976351022720337,0.0,0.0,-0.117695,66.35211181640625,0,10,20.0,0.0,0.0,-20.0,0.0,-20.0,-20.0,0.0
4.049357652664185,0.0,0.0,-0.12013,66.35211181640625,0,10,20.0,0.0,0.0,-20.0,0.0,-20.0,-20.0,0.0
4.120351314544678,0.0,0.0,-0.122655,66.35211181640625,0,10,20.0,0.0,0.0,-20.0,0.0,-20.0,-20.0,0.0
4.211349248886108,0.0,0.0,-0.125405,66.35211181640625,0,10,20.0,0.0,0.0,-20.0,0.0,-20.0,-20.0,0.0
4.318356990814209,0.0,0.0,-0.12865000000000001,66.35211181640625,0,9,20.0,0.0,0.0,-20.0,0.0,-20.0,-20.0,0.0
4.3903491497039795,0.0,0.0,-0.13205,66.35211181640625,0,10,20.0,0.0,0.0,-20.0,0.0,-20.0,-20.0,0.0
4.461352825164795,0.0,0.0,-0.134555,66.35211181640625,0,10,20.0,0.0,0.0,-20.0,0.0,-20.0,-20.0,0.0
4.534352540969849,0.0,0.0,-0.13707,66.35211181640625,0,10,20.0,0.0,0.0,-20.0,0.0,-20.0,-20.0,0.0
4.603880882263184,0.0,0.0,-0.13957,66.35211181640625,0,10,20.0,0.0,0.0,-20.0,0.0,-20.0,-20.0,0.0
4.673890113830566,0.0,0.0,-0.141995,66.35211181640625,0,10,20.0,0.0,0.0,-20.0,0.0,-20.0,-20.0,0.0
4.7469482421875,0.0,0.0,-0.144455,66.35211181640625,0,10,20.0,0.0,0.0,-20.0,0.0,-20.0,-20.0,0.0
4.817947149276733,0.0,0.0,-0.146955,66.35211181640625,0,10,20.0,0.0,0.0,-20.0,0.0,-20.0,-20.0,0.0
4.8889501094818115,0.0,0.0,-0.14945,66.35211181640625,0,10,20.0,0.0,0.0,-20.0,0.0,-20.0,-20.0,0.0
4.959948301315308,0.0,0.0,-0.15193500000000001,66.35211181640625,0,10,20.0,0.0,0.0,-20.0,0.0,-20.0,-20.0,0.0
5.038946628570557,0.0,0.0,-0.1544,66.35211181640625,0,9,20.0,0.0,0.0,-20.0,0.0,-20.0,-20.0,0.0
5.111954927444458,0.0,0.0,-0.157175,66.35211181640625,0,10,20.0,0.0,0.0,-20.0,0.0,-20.0,-20.0,0.0
5.184956312179565,0.0,0.0,-0.159695,66.35211181640625,0,10,20.0,0.0,0.0,-20.0,0.0,-20.0,-20.0,0.0
5.25496244430542,0.0,0.0,-0.162225,66.35211181640625,0,10,20.0,0.0,0.0,-20.0,0.0,-20.0,-20.0,0.0
5.336952209472656,0.0,0.0,-0.16468,66.35211181640625,0,10,20.0,0.0,0.0,-20.0,0.0,-20.0,-20.0,0.0
5.428945779800415,0.0,0.0,-0.167935,66.35211181640625,0,10,20.0,0.0,0.0,-20.0,0.0,-20.0,-20.0,0.0
5.500948667526245,0.0,0.0,-0.170965,66.35211181640625,0,10,20.0,0.0,0.0,-20.0,0.0,-20.0,-20.0,0.0
5.572954177856445,0.0,0.0,-0.17325,66.35211181640625,0,10,20.0,0.0,0.0,-20.0,0.0,-20.0,-20.0,0.0
5.668947696685791,0.0,0.0,-0.17576499999999998,66.35211181640625,0,9,20.0,0.0,0.0,-20.0,0.0,-20.0,-20.0,0.0
5.7429540157318115,0.0,0.0,-0.179125,66.35211181640625,0,10,20.0,0.0,0.0,-20.0,0.0,-20.0,-20.0,0.0
5.814946889877319,0.0,0.0,-0.18171,66.35211181640625,0,10,20.0,0.0,0.0,-20.0,0.0,-20.0,-20.0,0.0
5.881953954696655,0.0,0.0,-0.184205,66.35211181640625,0,10,20.0,0.0,0.0,-20.0,0.0,-20.0,-20.0,0.0
5.949946403503418,0.0,0.0,-0.186515,66.35211181640625,0,10,20.0,0.0,0.0,-20.0,0.0,-20.0,-20.0,0.0
6.021970510482788,0.0,0.0,-0.188905,66.35211181640625,0,10,20.0,0.0,0.0,-20.0,0.0,-20.0,-20.0,0.0
6.119947195053101,0.0,0.0,-0.191445,66.35211181640625,0,9,20.0,0.0,0.0,-20.0,0.0,-20.0,-20.0,0.0
6.191956043243408,0.0,0.0,-0.194845,66.35211181640625,0,10,20.0,0.0,0.0,-20.0,0.0,-20.0,-20.0,0.0
6.262945175170898,0.0,0.0,-0.19733499999999998,66.35211181640625,0,10,20.0,0.0,0.0,-20.0,0.0,-20.0,-20.0,0.0
6.333966970443726,0.0,0.0,-0.19984,66.35211181640625,0,10,20.0,0.0,0.0,-20.0,0.0,-20.0,-20.0,0.0
6.400947570800781,0.0,0.0,-0.20229000000000003,66.35211181640625,0,10,20.0,0.0,0.0,-20.0,0.0,-20.0,-20.0,0.0
6.472949266433716,0.0,0.0,-0.204625,66.35211181640625,0,10,20.0,0.0,0.0,-20.0,0.0,-20.0,-20.0,0.0
6.562953472137451,0.0,0.0,-0.207335,66.35211181640625,0,10,20.0,0.0,0.0,-20.0,0.0,-20.0,-20.0,0.0
6.669956207275391,0.0,0.0,-0.21064,66.35211181640625,0,9,20.0,0.0,0.0,-20.0,0.0,-20.0,-20.0,0.0
6.737950563430786,0.0,0.0,-0.21399,66.35211181640625,0,10,20.0,0.0,0.0,-20.0,0.0,-20.0,-20.0,0.0
6.808950424194336,0.0,0.0,-0.21636000000000002,66.35211181640625,0,10,20.0,0.0,0.0,-20.0,0.0,-20.0,-20.0,0.0
6.8824732303619385,0.0,0.0,-0.218845,66.35211181640625,0,10,20.0,0.0,0.0,-20.0,0.0,-20.0,-20.0,0.0
6.952474117279053,0.0,0.0,-0.22138999999999998,66.35211181640625,0,10,20.0,0.0,0.0,-20.0,0.0,-20.0,-20.0,0.0
7.048482894897461,0.0,0.0,-0.223845,66.35211181640625,0,9,20.0,0.0,0.0,-20.0,0.0,-20.0,-20.0,0.0
7.1194727420806885,0.0,0.0,-0.22720999999999997,66.35211181640625,0,10,20.0,0.0,0.0,-20.0,0.0,-20.0,-20.0,0.0
7.1874730587005615,0.0,0.0,-0.229625,66.35211181640625,0,10,20.0,0.0,0.0,-20.0,0.0,-20.0,-20.0,0.0
7.266472339630127,0.0,0.0,-0.232015,66.35211181640625,0,9,0.0,20.0,0.0,0.0,-20.0,-20.0,-20.0,0.0
7.339476585388184,0.0,0.0,-0.2348,66.35211181640625,0,10,0.0,20.0,0.0,0.0,-20.0,-20.0,-20.0,0.0
7.4094719886779785,0.0,0.0,-0.23732999999999999,66.35211181640625,0,10,0.0,20.0,0.0,0.0,-20.0,-20.0,-20.0,0.0
7.481471538543701,0.0,0.0,-0.239755,66.35211181640625,0,10,0.0,20.0,0.0,0.0,-20.0,-20.0,-20.0,0.0
7.577475070953369,0.0,0.0,-0.242255,66.35211181640625,0,9,0.0,20.0,0.0,0.0,-20.0,-20.0,-20.0,0.0
7.664479494094849,0.0,0.0,-0.245615,66.35211181640625,0,10,0.0,20.0,0.0,0.0,-20.0,-20.0,-20.0,0.0
7.798473358154297,0.0,0.0,-0.24916500000000003,66.35211181640625,0,9,0.0,20.0,0.0,0.0,-20.0,-20.0,-20.0,0.0
7.86947226524353,0.0,0.0,-0.253315,66.35211181640625,0,10,0.0,20.0,0.0,0.0,-20.0,-20.0,-20.0,0.0
7.964485168457031,0.0,0.0,-0.25579,66.35211181640625,0,9,0.0,20.0,0.0,0.0,-20.0,-20.0,-20.0,0.0
8.036471605300903,0.0,0.0,-0.259095,66.35211181640625,0,10,0.0,20.0,0.0,0.0,-20.0,-20.0,-20.0,0.0
8.109470129013062,0.0,0.0,-0.26164499999999996,66.35211181640625,0,10,0.0,20.0,0.0,0.0,-20.0,-20.0,-20.0,0.0
8.181472778320312,0.0,0.0,-0.26414499999999996,66.35211181640625,0,10,0.0,20.0,0.0,0.0,-20.0,-20.0,-20.0,0.0
8.27703046798706,0.0,0.0,-0.26664,66.35211181640625,0,9,0.0,20.0,0.0,0.0,-20.0,-20.0,-20.0,0.0
8.348029375076294,0.0,0.0,-0.26997000000000004,66.35211181640625,0,10,0.0,20.0,0.0,0.0,-20.0,-20.0,-20.0,0.0
8.416032314300537,0.0,0.0,-0.27244,66.35211181640625,0,10,0.0,20.0,0.0,0.0,-20.0,-20.0,-20.0,0.0
8.489027738571167,0.0,0.0,-0.27484000000000003,66.35211181640625,0,10,0.0,20.0,0.0,0.0,-20.0,-20.0,-20.0,0.0
8.55564546585083,0.0,0.0,-0.277395,66.35211181640625,0,10,0.0,20.0,0.0,0.0,-20.0,-20.0,-20.0,0.0
8.652644634246826,0.0,0.0,-0.27970999999999996,66.35211181640625,0,9,0.0,20.0,0.0,0.0,-20.0,-20.0,-20.0,0.0
8.725647211074829,0.0,0.0,-0.28308,66.35211181640625,0,10,0.0,20.0,0.0,0.0,-20.0,-20.0,-20.0,0.0
8.795640468597412,0.0,0.0,-0.285615,66.35211181640625,0,10,0.0,20.0,0.0,0.0,-20.0,-20.0,-20.0,0.0
8.931648254394531,0.0,0.0,-0.288275,66.35211181640625,0,9,0.0,20.0,0.0,0.0,-20.0,-20.0,-20.0,0.0
9.027644395828247,0.0,0.0,-0.29294,66.35211181640625,0,9,0.0,20.0,0.0,0.0,-20.0,-20.0,-20.0,0.0
9.186660766601562,0.0,0.0,-0.29577499999999995,95.0,0,9,0.0,0.0,20.0,0.0,-20.0,-20.0,-20.0,0.0
9.280168533325195,0.0,0.0,-0.29952999999999996,95.0,0,5,0.0,0.0,20.0,0.0,-20.0,-20.0,-20.0,0.0
9.360175132751465,0.0,0.0,-0.30086,95.0,0,5,0.0,0.0,20.0,0.0,-20.0,-20.0,-20.0,0.0
9.454686641693115,0.0,0.0,-0.30151,95.0,0,4,0.0,0.0,20.0,0.0,-20.0,-20.0,-20.0,0.0
9.532683610916138,0.0,0.0,-0.302025,95.0,0,1,0.0,0.0,20.0,0.0,-20.0,-20.0,-20.0,0.0
9.611698865890503,0.0,0.0,-0.302205,95.0,0,1,0.0,0.0,20.0,0.0,-20.0,-20.0,-20.0,0.0
9.689701318740845,0.0,0.0,-0.3023175,95.0,0,1,0.0,0.0,20.0,0.0,-20.0,-20.0,-20.0,0.0
9.768682956695557,0.0,0.0,-0.3024275,95.0,0,1,0.0,0.0,20.0,0.0,-20.0,-20.0,-20.0,0.0
9.848696947097778,0.0,0.0,-0.30252999999999997,95.0,0,0,0.0,0.0,20.0,0.0,-20.0,-20.0,-20.0,0.0
9.927682876586914,0.0,0.0,-0.30263,95.0,0,0,0.0,0.0,20.0,0.0,-20.0,-20.0,-20.0,0.0
10.022708654403687,0.0,0.0,-0.30273,95.0,0,0,0.0,0.0,20.0,0.0,-20.0,-20.0,-20.0,0.0
10.113685846328735,0.0,0.0,-0.30282,95.0,0,0,0.0,0.0,20.0,0.0,-20.0,-20.0,-20.0,0.0
10.191684484481812,0.0,0.0,-0.3029,95.0,0,0,0.0,0.0,20.0,0.0,-20.0,-20.0,-20.0,0.0
10.26869249343872,0.0,0.0,-0.30299,95.0,0,0,0.0,0.0,20.0,0.0,-20.0,-20.0,-20.0,0.0
10.343688249588013,0.0,0.0,-0.30307,95.0,0,0,0.0,0.0,20.0,0.0,-20.0,-20.0,-20.0,0.0
10.418681383132935,0.0,0.0,-0.30315,95.0,0,0,0.0,0.0,20.0,0.0,-20.0,-20.0,-20.0,0.0
10.497687101364136,0.0,0.0,-0.30322000000000005,95.0,0,0,0.0,0.0,20.0,0.0,-20.0,-20.0,-20.0,0.0
10.57724404335022,0.0,0.0,-0.30329,95.0,0,0,0.0,0.0,20.0,0.0,-20.0,-20.0,-20.0,0.0
10.655782699584961,0.0,0.0,-0.30336,95.0,0,0,0.0,0.0,20.0,0.0,-20.0,-20.0,-20.0,0.0
10.750783443450928,0.0,0.0,-0.30342,95.0,0,0,0.0,0.0,20.0,0.0,-20.0,-20.0,-20.0,0.0
10.829781293869019,0.0,0.0,-0.30349,95.0,0,0,0.0,0.0,20.0,0.0,-20.0,-20.0,-20.0,0.0
10.907791137695312,0.0,0.0,-0.30355,95.0,0,0,0.0,0.0,20.0,0.0,-20.0,-20.0,-20.0,0.0
10.987788915634155,0.0,0.0,-0.30361,95.0,0,0,0.0,0.0,20.0,0.0,-20.0,-20.0,-20.0,0.0
11.064785480499268,0.0,0.0,-0.30366000000000004,95.0,0,0,0.0,0.0,20.0,0.0,-20.0,-20.0,-20.0,0.0
11.174327611923218,0.0,0.0,-0.30372000000000005,95.0,0,0,0.0,0.0,20.0,0.0,-20.0,-20.0,-20.0,0.0
11.252311944961548,0.0,0.0,-0.30377,95.0,0,0,0.0,0.0,20.0,0.0,-20.0,-20.0,-20.0,0.0
11.329309463500977,0.0,0.0,-0.30382,95.0,0,0,0.0,0.0,20.0,0.0,-20.0,-20.0,-20.0,0.0
11.40731143951416,0.0,0.0,-0.30386,95.0,0,0,0.0,0.0,20.0,0.0,-20.0,-20.0,-20.0,0.0
11.487312316894531,0.0,0.0,-0.30391,95.0,0,0,0.0,0.0,20.0,0.0,-20.0,-20.0,-20.0,0.0
11.567332029342651,0.0,0.0,-0.30395,95.0,0,0,0.0,0.0,20.0,0.0,-20.0,-20.0,-20.0,0.0
11.646312713623047,0.0,0.0,-0.30399,95.0,0,0,0.0,0.0,20.0,0.0,-20.0,-20.0,-20.0,0.0
11.725311517715454,0.0,0.0,-0.30402999999999997,95.0,0,0,0.0,0.0,20.0,0.0,-20.0,-20.0,-20.0,0.0
11.804311275482178,0.0,0.0,-0.30407,95.0,0,0,0.0,0.0,20.0,0.0,-20.0,-20.0,-20.0,0.0
11.88331151008606,0.0,0.0,-0.30411,95.0,0,0,0.0,0.0,20.0,0.0,-20.0,-20.0,-20.0,0.0
11.961309432983398,0.0,0.0,-0.30415,95.0,0,0,0.0,0.0,20.0,0.0,-20.0,-20.0,-20.0,0.0
12.039310216903687,0.0,0.0,-0.30418,95.0,0,0,0.0,0.0,20.0,0.0,-20.0,-20.0,-20.0,0.0
12.117331504821777,0.0,0.0,-0.30421,95.0,0,0,0.0,0.0,20.0,0.0,-20.0,-20.0,-20.0,0.0
12.216310262680054,0.0,0.0,-0.30424,95.0,0,0,0.0,0.0,20.0,0.0,-20.0,-20.0,-20.0,0.0
12.305309772491455,0.0,0.0,-0.30427,95.0,0,0,0.0,0.0,20.0,0.0,-20.0,-20.0,-20.0,0.0
12.385335683822632,0.0,0.0,-0.3043,95.0,0,0,0.0,0.0,20.0,0.0,-20.0,-20.0,-20.0,0.0
12.46332311630249,0.0,0.0,-0.30433,95.0,0,0,0.0,0.0,20.0,0.0,-20.0,-20.0,-20.0,0.0
12.541316032409668,0.0,0.0,-0.30436,95.0,0,0,0.0,0.0,20.0,0.0,-20.0,-20.0,-20.0,0.0
12.620315790176392,0.0,0.0,-0.30438,95.0,0,0,0.0,0.0,20.0,0.0,-20.0,-20.0,-20.0,0.0
12.69786524772644,0.0,0.0,-0.30441,95.0,0,0,0.0,0.0,20.0,0.0,-20.0,-20.0,-20.0,0.0
12.777861833572388,0.0,0.0,-0.30443000000000003,95.0,0,0,0.0,0.0,20.0,0.0,-20.0,-20.0,-20.0,0.0
12.855864524841309,0.0,0.0,-0.30445,95.0,0,0,0.0,0.0,20.0,0.0,-20.0,-20.0,-20.0,0.0
12.93393063545227,0.0,0.0,-0.30448000000000003,95.0,0,0,0.0,0.0,20.0,0.0,-20.0,-20.0,-20.0,0.0
13.012948989868164,0.0,0.0,-0.3045,95.0,0,0,0.0,0.0,20.0,0.0,-20.0,-20.0,-20.0,0.0
13.090933561325073,0.0,0.0,-0.30451999999999996,95.0,0,0,0.0,0.0,20.0,0.0,-20.0,-20.0,-20.0,0.0
13.169932126998901,0.0,0.0,-0.30454000000000003,95.0,0,0,0.0,0.0,20.0,0.0,-20.0,-20.0,-20.0,0.0
13.247973442077637,0.0,0.0,-0.30456,95.0,0,0,0.0,0.0,20.0,0.0,-20.0,-20.0,-20.0,0.0
13.364978551864624,0.0,0.0,-0.30456,95.0,0,0,0.0,0.0,20.0,0.0,-20.0,-20.0,-20.0,0.0
13.460971355438232,0.0,0.0,-0.30458999999999997,95.0,0,0,0.0,0.0,20.0,0.0,-20.0,-20.0,-20.0,0.0
13.540982723236084,0.0,0.0,-0.30461,95.0,0,0,0.0,0.0,20.0,0.0,-20.0,-20.0,-20.0,0.0
13.619978189468384,0.0,0.0,-0.30461,95.0,0,0,0.0,0.0,20.0,0.0,-20.0,-20.0,-20.0,0.0
13.697978496551514,0.0,0.0,-0.30463999999999997,95.0,0,0,0.0,0.0,20.0,0.0,-20.0,-20.0,-20.0,0.0
13.776972532272339,0.0,0.0,-0.30463999999999997,95.0,0,0,0.0,0.0,20.0,0.0,-20.0,-20.0,-20.0,0.0
13.854973554611206,0.0,0.0,-0.30467,95.0,0,0,0.0,0.0,20.0,0.0,-20.0,-20.0,-20.0,0.0
13.93097996711731,0.0,0.0,-0.30467,95.0,0,0,0.0,0.0,20.0,0.0,-20.0,-20.0,-20.0,0.0
14.009973526000977,0.0,0.0,-0.30469,95.0,0,0,0.0,0.0,20.0,0.0,-20.0,-20.0,-20.0,0.0
14.089969396591187,0.0,0.0,-0.30469,95.0,0,0,0.0,0.0,20.0,0.0,-20.0,-20.0,-20.0,0.0
14.167969942092896,0.0,0.0,-0.30472000000000005,95.0,0,0,0.0,0.0,20.0,0.0,-20.0,-20.0,-20.0,0.0
14.246975898742676,0.0,0.0,-0.30472000000000005,95.0,0,0,0.0,0.0,20.0,0.0,-20.0,-20.0,-20.0,0.0
14.324971437454224,0.0,0.0,-0.30474,95.0,0,0,0.0,0.0,20.0,0.0,-20.0,-20.0,-20.0,0.0
14.441971778869629,0.0,0.0,-0.30474,95.0,0,0,0.0,0.0,20.0,0.0,-20.0,-20.0,-20.0,0.0
14.51708459854126,0.0,0.0,-0.30476,95.0,0,0,0.0,0.0,20.0,0.0,-20.0,-20.0,-20.0,0.0
14.595134735107422,0.0,0.0,-0.30476,95.0,0,0,0.0,0.0,20.0,0.0,-20.0,-20.0,-20.0,0.0
14.671155214309692,0.0,0.0,-0.30478,95.0,0,0,0.0,0.0,20.0,0.0,-20.0,-20.0,-20.0,0.0
14.750125646591187,0.0,0.0,-0.30478,95.0,0,0,0.0,0.0,20.0,0.0,-20.0,-20.0,-20.0,0.0
14.826122999191284,0.0,0.0,-0.3048,95.0,0,0,0.0,0.0,20.0,0.0,-20.0,-20.0,-20.0,0.0
14.903128862380981,0.0,0.0,-0.3048,95.0,0,0,0.0,0.0,20.0,0.0,-20.0,-20.0,-20.0,0.0
14.982136487960815,0.0,0.0,-0.3048,95.0,0,0,0.0,0.0,20.0,0.0,-20.0,-20.0,-20.0,0.0
15.060126304626465,0.0,0.0,-0.30482,95.0,0,0,0.0,0.0,20.0,0.0,-20.0,-20.0,-20.0,0.0
15.138123035430908,0.0,0.0,-0.30482,95.0,0,0,0.0,0.0,20.0,0.0,-20.0,-20.0,-20.0,0.0
15.217142581939697,0.0,0.0,-0.30482,95.0,0,0,0.0,0.0,20.0,0.0,-20.0,-20.0,-20.0,0.0
15.293673038482666,0.0,0.0,-0.30484,95.0,0,0,0.0,0.0,20.0,0.0,-20.0,-20.0,-20.0,0.0
15.370676755905151,0.0,0.0,-0.30484,95.0,0,0,0.0,0.0,20.0,0.0,-20.0,-20.0,-20.0,0.0
15.451677083969116,0.0,0.0,-0.30484,95.0,0,0,0.0,0.0,20.0,0.0,-20.0,-20.0,-20.0,0.0
15.55566930770874,0.0,0.0,-0.30486,95.0,0,0,0.0,0.0,20.0,0.0,-20.0,-20.0,-20.0,0.0
15.634671211242676,0.0,0.0,-0.30486,95.0,0,0,0.0,0.0,20.0,0.0,-20.0,-20.0,-20.0,0.0
15.714672327041626,0.0,0.0,-0.30486,95.0,0,0,0.0,0.0,20.0,0.0,-20.0,-20.0,-20.0,0.0
15.793670892715454,0.0,0.0,-0.30486,95.0,0,0,0.0,0.0,20.0,0.0,-20.0,-20.0,-20.0,0.0
15.87267279624939,0.0,0.0,-0.30488,95.0,0,0,0.0,0.0,20.0,0.0,-20.0,-20.0,-20.0,0.0
15.949671506881714,0.0,0.0,-0.30488,95.0,0,0,0.0,0.0,20.0,0.0,-20.0,-20.0,-20.0,0.0
16.026670455932617,0.0,0.0,-0.30488,95.0,0,0,0.0,0.0,20.0,0.0,-20.0,-20.0,-20.0,0.0
16.105679750442505,0.0,0.0,-0.30488,95.0,0,0,0.0,0.0,20.0,0.0,-20.0,-20.0,-20.0,0.0
16.184730052947998,0.0,0.0,-0.3049,95.0,0,0,0.0,0.0,20.0,0.0,-20.0,-20.0,-20.0,0.0
16.262736082077026,0.0,0.0,-0.3049,95.0,0,0,0.0,0.0,20.0,0.0,-20.0,-20.0,-20.0,0.0
16.340736627578735,0.0,0.0,-0.3049,95.0,0,0,0.0,0.0,20.0,0.0,-20.0,-20.0,-20.0,0.0
16.417731046676636,0.0,0.0,-0.3049,95.0,0,0,0.0,0.0,20.0,0.0,-20.0,-20.0,-20.0,0.0
16.495747566223145,0.0,0.0,-0.3049,95.0,0,0,0.0,0.0,20.0,0.0,-20.0,-20.0,-20.0,0.0
16.594732999801636,0.0,0.0,-0.30492,95.0,0,0,0.0,0.0,20.0,0.0,-20.0,-20.0,-20.0,0.0
16.684261560440063,0.0,0.0,-0.30492,95.0,0,0,0.0,0.0,20.0,0.0,-20.0,-20.0,-20.0,0.0
16.764276027679443,0.0,0.0,-0.30492,95.0,0,0,0.0,0.0,20.0,0.0,-20.0,-20.0,-20.0,0.0
16.84182572364807,0.0,0.0,-0.30492,95.0,0,0,0.0,0.0,20.0,0.0,-20.0,-20.0,-20.0,0.0
16.9199697971344,0.0,0.0,-0.30492,95.0,0,0,0.0,0.0,20.0,0.0,-20.0,-20.0,-20.0,0.0
16.99696946144104,0.0,0.0,-0.30492,95.0,0,0,0.0,0.0,20.0,0.0,-20.0,-20.0,-20.0,0.0
17.07498002052307,0.0,0.0,-0.30492,95.0,0,0,0.0,0.0,20.0,0.0,-20.0,-20.0,-20.0,0.0
17.151973247528076,0.0,0.0,-0.30494,95.0,0,0,0.0,0.0,20.0,0.0,-20.0,-20.0,-20.0,0.0
17.23097252845764,0.0,0.0,-0.30494,95.0,0,0,0.0,0.0,20.0,0.0,-20.0,-20.0,-20.0,0.0
17.30949330329895,0.0,0.0,-0.30494,95.0,0,0,0.0,0.0,20.0,0.0,-20.0,-20.0,-20.0,0.0
17.383492946624756,0.0,0.0,-0.30494,95.0,0,0,0.0,0.0,20.0,0.0,-20.0,-20.0,-20.0,0.0
17.462504863739014,0.0,0.0,-0.30494,95.0,0,0,0.0,0.0,20.0,0.0,-20.0,-20.0,-20.0,0.0
17.54049253463745,0.0,0.0,-0.30494,95.0,0,0,0.0,0.0,20.0,0.0,-20.0,-20.0,-20.0,0.0
17.618497371673584,0.0,0.0,-0.30494,95.0,0,0,0.0,0.0,20.0,0.0,-20.0,-20.0,-20.0,0.0
17.73549175262451,0.0,0.0,-0.30494,95.0,0,0,0.0,0.0,20.0,0.0,-20.0,-20.0,-20.0,0.0
17.810494661331177,0.0,0.0,-0.30494,95.0,0,0,0.0,0.0,20.0,0.0,-20.0,-20.0,-20.0,0.0
17.889498472213745,0.0,0.0,-0.30495999999999995,95.0,0,0,0.0,0.0,20.0,0.0,-20.0,-20.0,-20.0,0.0
17.96762251853943,0.0,0.0,-0.30495999999999995,95.0,0,0,0.0,0.0,20.0,0.0,-20.0,-20.0,-20.0,0.0
18.045624494552612,0.0,0.0,-0.30495999999999995,95.0,0,0,0.0,0.0,20.0,0.0,-20.0,-20.0,-20.0,0.0
18.12462854385376,0.0,0.0,-0.30495999999999995,95.0,0,0,0.0,0.0,20.0,0.0,-20.0,-20.0,-20.0,0.0
18.20062565803528,0.0,0.0,-0.30495999999999995,95.0,0,0,0.0,0.0,20.0,0.0,-20.0,-20.0,-20.0,0.0
18.27862811088562,0.0,0.0,-0.30495999999999995,95.0,0,0,0.0,0.0,20.0,0.0,-20.0,-20.0,-20.0,0.0
18.370625019073486,0.0,0.0,-0.30495999999999995,95.0,0,0,0.0,0.0,20.0,0.0,-20.0,-20.0,-20.0,0.0
18.446624755859375,0.0,0.0,-0.30495999999999995,95.0,0,0,0.0,0.0,20.0,0.0,-20.0,-20.0,-20.0,0.0
18.52462911605835,0.0,0.0,-0.30495999999999995,95.0,0,0,0.0,0.0,20.0,0.0,-20.0,-20.0,-20.0,0.0
18.60262942314148,0.0,0.0,-0.30495999999999995,95.0,0,0,0.0,0.0,20.0,0.0,-20.0,-20.0,-20.0,0.0
18.681620597839355,0.0,0.0,-0.30495999999999995,95.0,0,0,0.0,0.0,20.0,0.0,-20.0,-20.0,-20.0,0.0
18.780632495880127,0.0,0.0,-0.30495999999999995,95.0,0,0,0.0,0.0,20.0,0.0,-20.0,-20.0,-20.0,0.0
18.867624282836914,0.0,0.0,-0.30495999999999995,95.0,0,0,0.0,0.0,20.0,0.0,-20.0,-20.0,-20.0,0.0
18.945629835128784,0.0,0.0,-0.30495999999999995,95.0,0,0,0.0,0.0,20.0,0.0,-20.0,-20.0,-20.0,0.0
19.02462863922119,0.0,0.0,-0.30498000000000003,95.0,0,0,0.0,0.0,20.0,0.0,-20.0,-20.0,-20.0,0.0
19.10362219810486,0.0,0.0,-0.30498000000000003,95.0,0,0,0.0,0.0,20.0,0.0,-20.0,-20.0,-20.0,0.0
19.181626796722412,0.0,0.0,-0.30498000000000003,95.0,0,0,0.0,0.0,20.0,0.0,-20.0,-20.0,-20.0,0.0
19.260626077651978,0.0,0.0,-0.30498000000000003,95.0,0,0,0.0,0.0,20.0,0.0,-20.0,-20.0,-20.0,0.0
19.337624073028564,0.0,0.0,-0.30498000000000003,95.0,0,0,0.0,0.0,20.0,0.0,-20.0,-20.0,-20.0,0.0
19.417630672454834,0.0,0.0,-0.30498000000000003,95.0,0,0,0.0,0.0,20.0,0.0,-20.0,-20.0,-20.0,0.0
19.49662470817566,0.0,0.0,-0.30498000000000003,95.0,0,0,0.0,0.0,20.0,0.0,-20.0,-20.0,-20.0,0.0
19.575628519058228,0.0,0.0,-0.30498000000000003,95.0,0,0,0.0,0.0,20.0,0.0,-20.0,-20.0,-20.0,0.0
19.653626441955566,0.0,0.0,-0.30498000000000003,95.0,0,0,0.0,0.0,20.0,0.0,-20.0,-20.0,-20.0,0.0
19.730620622634888,0.0,0.0,-0.30498000000000003,95.0,0,0,0.0,0.0,20.0,0.0,-20.0,-20.0,-20.0,0.0
19.80862331390381,0.0,0.0,-0.30498000000000003,95.0,0,0,0.0,0.0,20.0,0.0,-20.0,-20.0,-20.0,0.0
19.92562747001648,0.0,0.0,-0.30498000000000003,95.0,0,0,0.0,0.0,20.0,0.0,-20.0,-20.0,-20.0,0.0
20.003623485565186,0.0,0.0,-0.30498000000000003,95.0,0,0,0.0,0.0,20.0,0.0,-20.0,-20.0,-20.0,0.0
20.081626176834106,0.0,0.0,-0.30498000000000003,95.0,0,0,0.0,0.0,20.0,0.0,-20.0,-20.0,-20.0,0.0
20.159167289733887,0.0,0.0,-0.30498000000000003,95.0,0,0,0.0,0.0,20.0,0.0,-20.0,-20.0,-20.0,0.0
20.237212657928467,0.0,0.0,-0.30498000000000003,95.0,0,0,0.0,0.0,20.0,0.0,-20.0,-20.0,-20.0,0.0
20.316237926483154,0.0,0.0,-0.30498000000000003,95.0,0,0,0.0,0.0,20.0,0.0,-20.0,-20.0,-20.0,0.0
20.3932101726532,0.0,0.0,-0.30498000000000003,95.0,0,0,0.0,0.0,20.0,0.0,-20.0,-20.0,-20.0,0.0
20.470210552215576,0.0,0.0,-0.30498000000000003,95.0,0,0,0.0,0.0,20.0,0.0,-20.0,-20.0,-20.0,0.0
20.548214197158813,0.0,0.0,-0.30498000000000003,95.0,0,0,0.0,0.0,20.0,0.0,-20.0,-20.0,-20.0,0.0
20.627212047576904,0.0,0.0,-0.30498000000000003,95.0,0,0,0.0,0.0,20.0,0.0,-20.0,-20.0,-20.0,0.0
20.707215309143066,0.0,0.0,-0.30498000000000003,95.0,0,0,0.0,0.0,20.0,0.0,-20.0,-20.0,-20.0,0.0
20.785223245620728,0.0,0.0,-0.30498000000000003,95.0,0,0,0.0,0.0,20.0,0.0,-20.0,-20.0,-20.0,0.0
20.8612117767334,0.0,0.0,-0.30498000000000003,95.0,0,0,0.0,0.0,20.0,0.0,-20.0,-20.0,-20.0,0.0
20.940212726593018,0.0,0.0,-0.30498000000000003,95.0,0,0,0.0,0.0,20.0,0.0,-20.0,-20.0,-20.0,0.0
21.04521131515503,0.0,0.0,-0.30498000000000003,95.0,0,0,0.0,0.0,20.0,0.0,-20.0,-20.0,-20.0,0.0
21.123210906982422,0.0,0.0,-0.30498000000000003,95.0,0,0,0.0,0.0,20.0,0.0,-20.0,-20.0,-20.0,0.0
21.20121169090271,0.0,0.0,-0.30498000000000003,95.0,0,0,0.0,0.0,20.0,0.0,-20.0,-20.0,-20.0,0.0
21.27821373939514,0.0,0.0,-0.30498000000000003,95.0,0,0,0.0,0.0,20.0,0.0,-20.0,-20.0,-20.0,0.0
21.3542218208313,0.0,0.0,-0.30498000000000003,95.0,0,0,0.0,0.0,20.0,0.0,-20.0,-20.0,-20.0,0.0
21.43221354484558,0.0,0.0,-0.30498000000000003,95.0,0,0,0.0,0.0,20.0,0.0,-20.0,-20.0,-20.0,0.0
21.51021671295166,0.0,0.0,-0.30498000000000003,95.0,0,0,0.0,0.0,20.0,0.0,-20.0,-20.0,-20.0,0.0
21.589218378067017,0.0,0.0,-0.30498000000000003,95.0,0,0,0.0,0.0,20.0,0.0,-20.0,-20.0,-20.0,0.0
21.667213201522827,0.0,0.0,-0.30498000000000003,95.0,0,0,0.0,0.0,20.0,0.0,-20.0,-20.0,-20.0,0.0
21.744210720062256,0.0,0.0,-0.30498000000000003,95.0,0,0,0.0,0.0,20.0,0.0,-20.0,-20.0,-20.0,0.0
21.82221484184265,0.0,0.0,-0.30498000000000003,95.0,0,0,0.0,0.0,20.0,0.0,-20.0,-20.0,-20.0,0.0
21.901219129562378,0.0,0.0,-0.30498000000000003,95.0,0,0,0.0,0.0,20.0,0.0,-20.0,-20.0,-20.0,0.0
21.980211973190308,0.0,0.0,-0.30498000000000003,95.0,0,0,0.0,0.0,20.0,0.0,-20.0,-20.0,-20.0,0.0
22.073211669921875,0.0,0.0,-0.30498000000000003,95.0,0,0,0.0,0.0,20.0,0.0,-20.0,-20.0,-20.0,0.0
22.16321849822998,0.0,0.0,-0.30498000000000003,95.0,0,0,0.0,0.0,20.0,0.0,-20.0,-20.0,-20.0,0.0
22.23921275138855,0.0,0.0,-0.305,95.0,0,0,0.0,0.0,20.0,0.0,-20.0,-20.0,-20.0,0.0
22.317216157913208,0.0,0.0,-0.305,95.0,0,0,0.0,0.0,20.0,0.0,-20.0,-20.0,-20.0,0.0
22.395217180252075,0.0,0.0,-0.305,95.0,0,0,0.0,0.0,20.0,0.0,-20.0,-20.0,-20.0,0.0
22.472217798233032,0.0,0.0,-0.305,95.0,0,0,0.0,0.0,20.0,0.0,-20.0,-20.0,-20.0,0.0
22.549235343933105,0.0,0.0,-0.305,95.0,0,0,0.0,0.0,20.0,0.0,-20.0,-20.0,-20.0,0.0
22.626225233078003,0.0,0.0,-0.305,95.0,0,0,0.0,0.0,20.0,0.0,-20.0,-20.0,-20.0,0.0
22.702214002609253,0.0,0.0,-0.305,95.0,0,0,0.0,0.0,20.0,0.0,-20.0,-20.0,-20.0,0.0
22.780216932296753,0.0,0.0,-0.305,95.0,0,0,0.0,0.0,20.0,0.0,-20.0,-20.0,-20.0,0.0
22.8582124710083,0.0,0.0,-0.305,95.0,0,0,0.0,0.0,20.0,0.0,-20.0,-20.0,-20.0,0.0
22.93623661994934,0.0,0.0,-0.305,95.0,0,0,0.0,0.0,20.0,0.0,-20.0,-20.0,-20.0,0.0
23.01621413230896,0.0,0.0,-0.305,95.0,0,0,0.0,0.0,20.0,0.0,-20.0,-20.0,-20.0,0.0
23.0927312374115,0.0,0.0,-0.305,95.0,0,0,0.0,0.0,20.0,0.0,-20.0,-20.0,-20.0,0.0
23.207735061645508,0.0,0.0,-0.305,95.0,0,0,0.0,0.0,20.0,0.0,-20.0,-20.0,-20.0,0.0
23.28572964668274,0.0,0.0,-0.305,95.0,0,0,0.0,0.0,20.0,0.0,-20.0,-20.0,-20.0,0.0
23.363733053207397,0.0,0.0,-0.305,95.0,0,0,0.0,0.0,20.0,0.0,-20.0,-20.0,-20.0,0.0
23.43873357772827,0.0,0.0,-0.305,95.0,0,0,0.0,0.0,20.0,0.0,-20.0,-20.0,-20.0,0.0
23.517734050750732,0.0,0.0,-0.305,95.0,0,0,0.0,0.0,20.0,0.0,-20.0,-20.0,-20.0,0.0
23.59573984146118,0.0,0.0,-0.305,95.0,0,0,0.0,0.0,20.0,0.0,-20.0,-20.0,-20.0,0.0
23.675734519958496,0.0,0.0,-0.305,95.0,0,0,0.0,0.0,20.0,0.0,-20.0,-20.0,-20.0,0.0
23.75073266029358,0.0,0.0,-0.305,95.0,0,0,0.0,0.0,20.0,0.0,-20.0,-20.0,-20.0,0.0
23.828733444213867,0.0,0.0,-0.305,95.0,0,0,0.0,0.0,20.0,0.0,-20.0,-20.0,-20.0,0.0
23.90774965286255,0.0,0.0,-0.305,95.0,0,0,0.0,0.0,20.0,0.0,-20.0,-20.0,-20.0,0.0
23.98376989364624,0.0,0.0,-0.305,95.0,0,0,0.0,0.0,20.0,0.0,-20.0,-20.0,-20.0,0.0
24.062737464904785,0.0,0.0,-0.305,95.0,0,0,0.0,0.0,20.0,0.0,-20.0,-20.0,-20.0,0.0
24.14074158668518,0.0,0.0,-0.305,95.0,0,0,0.0,0.0,20.0,0.0,-20.0,-20.0,-20.0,0.0
24.218735694885254,0.0,0.0,-0.305,95.0,0,0,0.0,0.0,20.0,0.0,-20.0,-20.0,-20.0,0.0
24.32873773574829,0.0,0.0,-0.305,95.0,0,0,0.0,0.0,20.0,0.0,-20.0,-20.0,-20.0,0.0
24.407734632492065,0.0,0.0,-0.305,95.0,0,0,0.0,0.0,20.0,0.0,-20.0,-20.0,-20.0,0.0
24.484731674194336,0.0,0.0,-0.305,95.0,0,0,0.0,0.0,20.0,0.0,-20.0,-20.0,-20.0,0.0
24.56274676322937,0.0,0.0,-0.305,95.0,0,0,0.0,0.0,20.0,0.0,-20.0,-20.0,-20.0,0.0
24.64073395729065,0.0,0.0,-0.305,95.0,0,0,0.0,0.0,20.0,0.0,-20.0,-20.0,-20.0,0.0
24.718734979629517,0.0,0.0,-0.305,95.0,0,0,0.0,0.0,20.0,0.0,-20.0,-20.0,-20.0,0.0
24.795741081237793,0.0,0.0,-0.305,95.0,0,0,0.0,0.0,20.0,0.0,-20.0,-20.0,-20.0,0.0
24.873262405395508,0.0,0.0,-0.305,95.0,0,0,0.0,0.0,20.0,0.0,-20.0,-20.0,-20.0,0.0
24.950268507003784,0.0,0.0,-0.305,95.0,0,0,0.0,0.0,20.0,0.0,-20.0,-20.0,-20.0,0.0
25.03026247024536,0.0,0.0,-0.305,95.0,0,0,0.0,0.0,20.0,0.0,-20.0,-20.0,-20.0,0.0
25.10525679588318,0.0,0.0,-0.305,95.0,0,0,0.0,0.0,20.0,0.0,-20.0,-20.0,-20.0,0.0
25.183258056640625,0.0,0.0,-0.305,95.0,0,0,0.0,0.0,20.0,0.0,-20.0,-20.0,-20.0,0.0
25.26425862312317,0.0,0.0,-0.305,95.0,0,0,0.0,0.0,20.0,0.0,-20.0,-20.0,-20.0,0.0
25.363258600234985,0.0,0.0,-0.305,95.0,0,0,0.0,0.0,20.0,0.0,-20.0,-20.0,-20.0,0.0
25.45225739479065,0.0,0.0,-0.305,95.0,0,0,0.0,0.0,20.0,0.0,-20.0,-20.0,-20.0,0.0
25.530256748199463,0.0,0.0,-0.305,95.0,0,0,0.0,0.0,20.0,0.0,-20.0,-20.0,-20.0,0.0
25.60727024078369,0.0,0.0,-0.305,95.0,0,0,0.0,0.0,20.0,0.0,-20.0,-20.0,-20.0,0.0
25.687336683273315,0.0,0.0,-0.305,95.0,0,0,0.0,0.0,20.0,0.0,-20.0,-20.0,-20.0,0.0
25.767329454421997,0.0,0.0,-0.305,95.0,0,0,0.0,0.0,20.0,0.0,-20.0,-20.0,-20.0,0.0
25.845869302749634,0.0,0.0,-0.305,95.0,0,0,0.0,0.0,20.0,0.0,-20.0,-20.0,-20.0,0.0
25.923863410949707,0.0,0.0,-0.305,95.0,0,0,0.0,0.0,20.0,0.0,-20.0,-20.0,-20.0,0.0
25.999866247177124,0.0,0.0,-0.305,95.0,0,0,0.0,0.0,20.0,0.0,-20.0,-20.0,-20.0,0.0
26.077871799468994,0.0,0.0,-0.305,95.0,0,0,0.0,0.0,20.0,0.0,-20.0,-20.0,-20.0,0.0
26.154866933822632,0.0,0.0,-0.305,95.0,0,0,0.0,0.0,20.0,0.0,-20.0,-20.0,-20.0,0.0
26.233877658843994,0.0,0.0,-0.305,95.0,0,0,0.0,0.0,20.0,0.0,-20.0,-20.0,-20.0,0.0
26.31286859512329,0.0,0.0,-0.305,95.0,0,0,0.0,0.0,20.0,0.0,-20.0,-20.0,-20.0,0.0
26.39287805557251,0.0,0.0,-0.305,95.0,0,0,0.0,0.0,20.0,0.0,-20.0,-20.0,-20.0,0.0
26.49786877632141,0.0,0.0,-0.305,95.0,0,0,0.0,0.0,20.0,0.0,-20.0,-20.0,-20.0,0.0
26.57587194442749,0.0,0.0,-0.305,95.0,0,0,0.0,0.0,20.0,0.0,-20.0,-20.0,-20.0,0.0
26.653869152069092,0.0,0.0,-0.305,95.0,0,0,0.0,0.0,20.0,0.0,-20.0,-20.0,-20.0,0.0
26.732425212860107,0.0,0.0,-0.305,95.0,0,0,0.0,0.0,20.0,0.0,-20.0,-20.0,-20.0,0.0
26.811423540115356,0.0,0.0,-0.305,95.0,0,0,0.0,0.0,20.0,0.0,-20.0,-20.0,-20.0,0.0
26.888421058654785,0.0,0.0,-0.305,95.0,0,0,0.0,0.0,20.0,0.0,-20.0,-20.0,-20.0,0.0
26.96742606163025,0.0,0.0,-0.305,95.0,0,0,0.0,0.0,20.0,0.0,-20.0,-20.0,-20.0,0.0
27.045422792434692,0.0,0.0,-0.305,95.0,0,0,0.0,0.0,20.0,0.0,-20.0,-20.0,-20.0,0.0
27.121421337127686,0.0,0.0,-0.305,95.0,0,0,0.0,0.0,20.0,0.0,-20.0,-20.0,-20.0,0.0
27.198423147201538,0.0,0.0,-0.305,95.0,0,0,0.0,0.0,20.0,0.0,-20.0,-20.0,-20.0,0.0
27.278440475463867,0.0,0.0,-0.305,95.0,0,0,0.0,0.0,20.0,0.0,-20.0,-20.0,-20.0,0.0
27.355475664138794,0.0,0.0,-0.305,95.0,0,0,0.0,0.0,20.0,0.0,-20.0,-20.0,-20.0,0.0
27.433477640151978,0.0,0.0,-0.305,95.0,0,0,0.0,0.0,20.0,0.0,-20.0,-20.0,-20.0,0.0
27.529558181762695,0.0,0.0,-0.305,95.0,0,0,0.0,0.0,20.0,0.0,-20.0,-20.0,-20.0,0.0
27.616560459136963,0.0,0.0,-0.305,95.0,0,0,0.0,0.0,20.0,0.0,-20.0,-20.0,-20.0,0.0
27.697566270828247,0.0,0.0,-0.305,95.0,0,0,0.0,0.0,20.0,0.0,-20.0,-20.0,-20.0,0.0
27.773561477661133,0.0,0.0,-0.305,95.0,0,0,0.0,0.0,20.0,0.0,-20.0,-20.0,-20.0,0.0
27.850640773773193,0.0,0.0,-0.305,95.0,0,0,0.0,0.0,20.0,0.0,-20.0,-20.0,-20.0,0.0
27.930640935897827,0.0,0.0,-0.305,95.0,0,0,0.0,0.0,20.0,0.0,-20.0,-20.0,-20.0,0.0
28.007643699645996,0.0,0.0,-0.305,95.0,0,0,0.0,0.0,20.0,0.0,-20.0,-20.0,-20.0,0.0
28.085644960403442,0.0,0.0,-0.305,95.0,0,0,0.0,0.0,20.0,0.0,-20.0,-20.0,-20.0,0.0
28.165650367736816,0.0,0.0,-0.305,95.0,0,0,0.0,0.0,20.0,0.0,-20.0,-20.0,-20.0,0.0
28.243208646774292,0.0,0.0,-0.305,95.0,0,0,0.0,0.0,20.0,0.0,-20.0,-20.0,-20.0,0.0
28.32019019126892,0.0,0.0,-0.305,95.0,0,0,0.0,0.0,20.0,0.0,-20.0,-20.0,-20.0,0.0
28.401201248168945,0.0,0.0,-0.305,95.0,0,0,0.0,0.0,20.0,0.0,-20.0,-20.0,-20.0,0.0
28.477189540863037,0.0,0.0,-0.305,95.0,0,0,0.0,0.0,20.0,0.0,-20.0,-20.0,-20.0,0.0
28.553189277648926,0.0,0.0,-0.305,95.0,0,0,0.0,0.0,20.0,0.0,-20.0,-20.0,-20.0,0.0
28.65419292449951,0.0,0.0,-0.305,95.0,0,0,0.0,0.0,20.0,0.0,-20.0,-20.0,-20.0,0.0
28.73220920562744,0.0,0.0,-0.305,95.0,0,0,0.0,0.0,20.0,0.0,-20.0,-20.0,-20.0,0.0
28.81219172477722,0.0,0.0,-0.305,95.0,0,0,0.0,0.0,20.0,0.0,-20.0,-20.0,-20.0,0.0
28.889190196990967,0.0,0.0,-0.305,95.0,0,0,0.0,0.0,20.0,0.0,-20.0,-20.0,-20.0,0.0
28.967714548110962,0.0,0.0,-0.305,95.0,0,0,0.0,0.0,20.0,0.0,-20.0,-20.0,-20.0,0.0
29.047715425491333,0.0,0.0,-0.305,95.0,0,0,0.0,0.0,20.0,0.0,-20.0,-20.0,-20.0,0.0
29.123712062835693,0.0,0.0,-0.305,95.0,0,0,0.0,0.0,20.0,0.0,-20.0,-20.0,-20.0,0.0
29.20171022415161,0.0,0.0,-0.305,95.0,0,0,0.0,0.0,20.0,0.0,-20.0,-20.0,-20.0,0.0
29.28172016143799,0.0,0.0,-0.305,95.0,0,0,0.0,0.0,20.0,0.0,-20.0,-20.0,-20.0,0.0
29.359708070755005,0.0,0.0,-0.305,95.0,0,0,0.0,0.0,20.0,0.0,-20.0,-20.0,-20.0,0.0
29.44071364402771,0.0,0.0,-0.305,95.0,0,0,0.0,0.0,20.0,0.0,-20.0,-20.0,-20.0,0.0
29.518725156784058,0.0,0.0,-0.305,95.0,0,0,0.0,0.0,20.0,0.0,-20.0,-20.0,-20.0,0.0
29.59470820426941,0.0,0.0,-0.305,95.0,0,0,0.0,0.0,20.0,0.0,-20.0,-20.0,-20.0,0.0
29.672712564468384,0.0,0.0,-0.305,95.0,0,0,0.0,0.0,20.0,0.0,-20.0,-20.0,-20.0,0.0
29.772706508636475,0.0,0.0,-0.305,95.0,0,0,0.0,0.0,20.0,0.0,-20.0,-20.0,-20.0,0.0
29.84772229194641,0.0,0.0,-0.305,95.0,0,0,0.0,0.0,20.0,0.0,-20.0,-20.0,-20.0,0.0
29.925711154937744,0.0,0.0,-0.305,95.0,0,0,0.0,0.0,20.0,0.0,-20.0,-20.0,-20.0,0.0
29.999707460403442,0.0,0.0,-0.305,95.0,0,0,0.0,0.0,20.0,0.0,-20.0,-20.0,-20.0,0.0
30.074246644973755,0.0,0.0,-0.305,95.0,0,0,0.0,0.0,20.0,0.0,-20.0,-20.0,-20.0,0.0
30.151249408721924,0.0,0.0,-0.305,95.0,0,0,0.0,0.0,20.0,0.0,-20.0,-20.0,-20.0,0.0
30.22824716567993,0.0,0.0,-0.305,95.0,0,0,0.0,0.0,20.0,0.0,-20.0,-20.0,-20.0,0.0
30.308250904083252,0.0,0.0,-0.305,95.0,0,0,0.0,0.0,20.0,0.0,-20.0,-20.0,-20.0,0.0
30.387259483337402,0.0,0.0,-0.305,95.0,0,0,0.0,0.0,20.0,0.0,-20.0,-20.0,-20.0,0.0
30.46524739265442,0.0,0.0,-0.305,95.0,0,0,0.0,0.0,20.0,0.0,-20.0,-20.0,-20.0,0.0
30.544272661209106,0.0,0.0,-0.305,95.0,0,0,0.0,0.0,20.0,0.0,-20.0,-20.0,-20.0,0.0
30.626251697540283,0.0,0.0,-0.305,95.0,0,0,0.0,0.0,20.0,0.0,-20.0,-20.0,-20.0,0.0
30.7012460231781,0.0,0.0,-0.305,95.0,0,0,0.0,0.0,20.0,0.0,-20.0,-20.0,-20.0,0.0
30.780255794525146,0.0,0.0,-0.305,95.0,0,0,0.0,0.0,20.0,0.0,-20.0,-20.0,-20.0,0.0
30.886259078979492,0.0,0.0,-0.305,95.0,0,0,0.0,0.0,20.0,0.0,-20.0,-20.0,-20.0,0.0
30.964248180389404,0.0,0.0,-0.305,95.0,0,0,0.0,0.0,20.0,0.0,-20.0,-20.0,-20.0,0.0
31.04429793357849,0.0,0.0,-0.305,95.0,0,0,0.0,0.0,20.0,0.0,-20.0,-20.0,-20.0,0.0
31.122307538986206,0.0,0.0,-0.305,95.0,0,0,0.0,0.0,20.0,0.0,-20.0,-20.0,-20.0,0.0
31.20029640197754,0.0,0.0,-0.305,95.0,0,0,0.0,0.0,20.0,0.0,-20.0,-20.0,-20.0,0.0
31.28029775619507,0.0,0.0,-0.305,95.0,0,0,0.0,0.0,20.0,0.0,-20.0,-20.0,-20.0,0.0
31.355310678482056,0.0,0.0,-0.305,95.0,0,0,0.0,0.0,20.0,0.0,-20.0,-20.0,-20.0,0.0
31.43229365348816,0.0,0.0,-0.305,95.0,0,0,0.0,0.0,20.0,0.0,-20.0,-20.0,-20.0,0.0
31.509296655654907,0.0,0.0,-0.305,95.0,0,0,0.0,0.0,20.0,0.0,-20.0,-20.0,-20.0,0.0
31.587292671203613,0.0,0.0,-0.305,95.0,0,0,0.0,0.0,20.0,0.0,-20.0,-20.0,-20.0,0.0
31.66630482673645,0.0,0.0,-0.305,95.0,0,0,0.0,0.0,20.0,0.0,-20.0,-20.0,-20.0,0.0
31.745296716690063,0.0,0.0,-0.305,95.0,0,0,0.0,0.0,20.0,0.0,-20.0,-20.0,-20.0,0.0
31.82330560684204,0.0,0.0,-0.305,95.0,0,0,0.0,0.0,20.0,0.0,-20.0,-20.0,-20.0,0.0
31.92130732536316,0.0,0.0,-0.305,95.0,0,0,0.0,0.0,20.0,0.0,-20.0,-20.0,-20.0,0.0
32.008302450180054,0.0,0.0,-0.305,95.0,0,0,0.0,0.0,20.0,0.0,-20.0,-20.0,-20.0,0.0
32.08481812477112,0.0,0.0,-0.305,95.0,0,0,0.0,0.0,20.0,0.0,-20.0,-20.0,-20.0,0.0
32.1628212928772,0.0,0.0,-0.305,95.0,0,0,0.0,0.0,20.0,0.0,-20.0,-20.0,-20.0,0.0
32.24181509017944,0.0,0.0,-0.305,95.0,0,0,0.0,0.0,20.0,0.0,-20.0,-20.0,-20.0,0.0
32.31982374191284,0.0,0.0,-0.305,95.0,0,0,0.0,0.0,20.0,0.0,-20.0,-20.0,-20.0,0.0
32.397818088531494,0.0,0.0,-0.305,95.0,0,0,0.0,0.0,20.0,0.0,-20.0,-20.0,-20.0,0.0
32.47682166099548,0.0,0.0,-0.305,95.0,0,0,0.0,0.0,20.0,0.0,-20.0,-20.0,-20.0,0.0
32.55381631851196,0.0,0.0,-0.305,95.0,0,0,0.0,0.0,20.0,0.0,-20.0,-20.0,-20.0,0.0
32.6308159828186,0.0,0.0,-0.305,95.0,0,0,0.0,0.0,20.0,0.0,-20.0,-20.0,-20.0,0.0
32.7118194103241,0.0,0.0,-0.305,95.0,0,0,0.0,0.0,20.0,0.0,-20.0,-20.0,-20.0,0.0
32.78781867027283,0.0,0.0,-0.305,95.0,0,0,0.0,0.0,20.0,0.0,-20.0,-20.0,-20.0,0.0
32.865819454193115,0.0,0.0,-0.305,95.0,0,0,0.0,0.0,20.0,0.0,-20.0,-20.0,-20.0,0.0
32.942826986312866,0.0,0.0,-0.305,95.0,0,0,0.0,0.0,20.0,0.0,-20.0,-20.0,-20.0,0.0
33.05787372589111,0.0,0.0,-0.305,95.0,0,0,0.0,0.0,20.0,0.0,-20.0,-20.0,-20.0,0.0
33.13687324523926,0.0,0.0,-0.305,95.0,0,0,0.0,0.0,20.0,0.0,-20.0,-20.0,-20.0,0.0
33.214874505996704,0.0,0.0,-0.305,95.0,0,0,0.0,0.0,20.0,0.0,-20.0,-20.0,-20.0,0.0
33.292879819869995,0.0,0.0,-0.305,95.0,0,0,0.0,0.0,20.0,0.0,-20.0,-20.0,-20.0,0.0
33.37187337875366,0.0,0.0,-0.305,95.0,0,0,0.0,0.0,20.0,0.0,-20.0,-20.0,-20.0,0.0
33.44987750053406,0.0,0.0,-0.305,95.0,0,0,0.0,0.0,20.0,0.0,-20.0,-20.0,-20.0,0.0
33.52788281440735,0.0,0.0,-0.305,95.0,0,0,0.0,0.0,20.0,0.0,-20.0,-20.0,-20.0,0.0
33.60587501525879,0.0,0.0,-0.305,95.0,0,0,0.0,0.0,20.0,0.0,-20.0,-20.0,-20.0,0.0
33.681873083114624,0.0,0.0,-0.305,95.0,0,0,0.0,0.0,20.0,0.0,-20.0,-20.0,-20.0,0.0
33.757872104644775,0.0,0.0,-0.305,95.0,0,0,0.0,0.0,20.0,0.0,-20.0,-20.0,-20.0,0.0
33.8378791809082,0.0,0.0,-0.305,95.0,0,0,0.0,0.0,20.0,0.0,-20.0,-20.0,-20.0,0.0
33.91387391090393,0.0,0.0,-0.305,95.0,0,0,0.0,0.0,20.0,0.0,-20.0,-20.0,-20.0,0.0
33.992878437042236,0.0,0.0,-0.305,95.0,0,0,0.0,0.0,20.0,0.0,-20.0,-20.0,-20.0,0.0
34.07087588310242,0.0,0.0,-0.305,95.0,0,0,0.0,0.0,20.0,0.0,-20.0,-20.0,-20.0,0.0
34.17487406730652,0.0,0.0,-0.305,95.0,0,0,0.0,0.0,20.0,0.0,-20.0,-20.0,-20.0,0.0
34.255889654159546,0.0,0.0,-0.305,95.0,0,0,0.0,0.0,20.0,0.0,-20.0,-20.0,-20.0,0.0
34.33387756347656,0.0,0.0,-0.305,95.0,0,0,0.0,0.0,20.0,0.0,-20.0,-20.0,-20.0,0.0
34.41441369056702,0.0,0.0,-0.305,95.0,0,0,0.0,0.0,20.0,0.0,-20.0,-20.0,-20.0,0.0
34.49240303039551,0.0,0.0,-0.305,95.0,0,0,0.0,0.0,20.0,0.0,-20.0,-20.0,-20.0,0.0
34.56840133666992,0.0,0.0,-0.305,95.0,0,0,0.0,0.0,20.0,0.0,-20.0,-20.0,-20.0,0.0
34.647403717041016,0.0,0.0,-0.305,95.0,0,0,0.0,0.0,20.0,0.0,-20.0,-20.0,-20.0,0.0
34.724403381347656,0.0,0.0,-0.305,95.0,0,0,0.0,0.0,20.0,0.0,-20.0,-20.0,-20.0,0.0
34.80195140838623,0.0,0.0,-0.305,95.0,0,0,0.0,0.0,20.0,0.0,-20.0,-20.0,-20.0,0.0
34.87894797325134,0.0,0.0,-0.305,95.0,0,0,0.0,0.0,20.0,0.0,-20.0,-20.0,-20.0,0.0
34.9569571018219,0.0,0.0,-0.305,95.0,0,0,0.0,0.0,20.0,0.0,-20.0,-20.0,-20.0,0.0
35.03195261955261,0.0,0.0,-0.305,95.0,0,0,0.0,0.0,20.0,0.0,-20.0,-20.0,-20.0,0.0
35.10994839668274,0.0,0.0,-0.305,95.0,0,0,0.0,0.0,20.0,0.0,-20.0,-20.0,-20.0,0.0
35.211944818496704,0.0,0.0,-0.305,95.0,0,0,0.0,0.0,20.0,0.0,-20.0,-20.0,-20.0,0.0
35.30294227600098,0.0,0.0,-0.305,95.0,0,0,0.0,0.0,20.0,0.0,-20.0,-20.0,-20.0,0.0
35.38195013999939,0.0,0.0,-0.305,95.0,0,0,0.0,0.0,20.0,0.0,-20.0,-20.0,-20.0,0.0
35.457947969436646,0.0,0.0,-0.305,95.0,0,0,0.0,0.0,20.0,0.0,-20.0,-20.0,-20.0,0.0
35.533944845199585,0.0,0.0,-0.305,95.0,0,0,0.0,0.0,20.0,0.0,-20.0,-20.0,-20.0,0.0
35.61447072029114,0.0,0.0,-0.305,95.0,0,0,0.0,0.0,20.0,0.0,-20.0,-20.0,-20.0,0.0
35.69246482849121,0.0,0.0,-0.305,95.0,0,0,0.0,0.0,20.0,0.0,-20.0,-20.0,-20.0,0.0
35.76746654510498,0.0,0.0,-0.305,95.0,0,0,0.0,0.0,20.0,0.0,-20.0,-20.0,-20.0,0.0
35.848013162612915,0.0,0.0,-0.305,95.0,0,0,0.0,0.0,20.0,0.0,-20.0,-20.0,-20.0,0.0
35.92699575424194,0.0,0.0,-0.305,95.0,0,0,0.0,0.0,20.0,0.0,-20.0,-20.0,-20.0,0.0
36.00500702857971,0.0,0.0,-0.305,95.0,0,0,0.0,0.0,20.0,0.0,-20.0,-20.0,-20.0,0.0
36.084996461868286,0.0,0.0,-0.305,95.0,0,0,0.0,0.0,20.0,0.0,-20.0,-20.0,-20.0,0.0
36.161994218826294,0.0,0.0,-0.305,95.0,0,0,0.0,0.0,20.0,0.0,-20.0,-20.0,-20.0,0.0
36.23999571800232,0.0,0.0,-0.305,95.0,0,0,0.0,0.0,20.0,0.0,-20.0,-20.0,-20.0,0.0
36.35199737548828,0.0,0.0,-0.305,95.0,0,0,0.0,0.0,20.0,0.0,-20.0,-20.0,-20.0,0.0
36.427520751953125,0.0,0.0,-0.305,95.0,0,0,0.0,0.0,20.0,0.0,-20.0,-20.0,-20.0,0.0
36.505521059036255,0.0,0.0,-0.305,95.0,0,0,0.0,0.0,20.0,0.0,-20.0,-20.0,-20.0,0.0
36.58451771736145,0.0,0.0,-0.305,95.0,0,0,0.0,0.0,20.0,0.0,-20.0,-20.0,-20.0,0.0
36.66304850578308,0.0,0.0,-0.305,95.0,0,0,0.0,0.0,20.0,0.0,-20.0,-20.0,-20.0,0.0
36.73904633522034,0.0,0.0,-0.305,95.0,0,0,0.0,0.0,20.0,0.0,-20.0,-20.0,-20.0,0.0
36.81804895401001,0.0,0.0,-0.305,95.0,0,0,0.0,0.0,20.0,0.0,-20.0,-20.0,-20.0,0.0
36.89911127090454,0.0,0.0,-0.305,95.0,0,0,0.0,0.0,20.0,0.0,-20.0,-20.0,-20.0,0.0
36.97711515426636,0.0,0.0,-0.305,95.0,0,0,0.0,0.0,20.0,0.0,-20.0,-20.0,-20.0,0.0
37.05109882354736,0.0,0.0,-0.305,95.0,0,0,0.0,0.0,20.0,0.0,-20.0,-20.0,-20.0,0.0
37.12910175323486,0.0,0.0,-0.305,95.0,0,0,0.0,0.0,20.0,0.0,-20.0,-20.0,-20.0,0.0
37.2052538394928,0.0,0.0,-0.305,95.0,0,0,0.0,0.0,20.0,0.0,-20.0,-20.0,-20.0,0.0
37.28025817871094,0.0,0.0,-0.305,95.0,0,0,0.0,0.0,20.0,0.0,-20.0,-20.0,-20.0,0.0
37.38326358795166,0.0,0.0,-0.305,95.0,0,0,0.0,0.0,20.0,0.0,-20.0,-20.0,-20.0,0.0
37.47679543495178,0.0,0.0,-0.305,95.0,0,0,0.0,0.0,20.0,0.0,-20.0,-20.0,-20.0,0.0
37.55179715156555,0.0,0.0,-0.305,95.0,0,0,0.0,0.0,20.0,0.0,-20.0,-20.0,-20.0,0.0
37.629802227020264,0.0,0.0,-0.305,95.0,0,0,0.0,0.0,20.0,0.0,-20.0,-20.0,-20.0,0.0
37.70835065841675,0.0,0.0,-0.305,95.0,0,0,0.0,0.0,20.0,0.0,-20.0,-20.0,-20.0,0.0
37.78633642196655,0.0,0.0,-0.305,95.0,0,0,0.0,0.0,20.0,0.0,-20.0,-20.0,-20.0,0.0
37.86533880233765,0.0,0.0,-0.305,95.0,0,0,0.0,0.0,20.0,0.0,-20.0,-20.0,-20.0,0.0
37.94233846664429,0.0,0.0,-0.305,95.0,0,0,0.0,0.0,20.0,0.0,-20.0,-20.0,-20.0,0.0
38.018980979919434,0.0,0.0,-0.305,95.0,0,0,0.0,0.0,20.0,0.0,-20.0,-20.0,-20.0,0.0
38.098981618881226,0.0,0.0,-0.305,95.0,0,0,0.0,0.0,20.0,0.0,-20.0,-20.0,-20.0,0.0
38.17797803878784,0.0,0.0,-0.305,95.0,0,0,0.0,0.0,20.0,0.0,-20.0,-20.0,-20.0,0.0
38.25598883628845,0.0,0.0,-0.305,95.0,0,0,0.0,0.0,20.0,0.0,-20.0,-20.0,-20.0,0.0
38.33498430252075,0.0,0.0,-0.305,95.0,0,0,0.0,0.0,20.0,0.0,-20.0,-20.0,-20.0,0.0
38.41298842430115,0.0,0.0,-0.305,95.0,0,0,0.0,0.0,20.0,0.0,-20.0,-20.0,-20.0,0.0
38.52898573875427,0.0,0.0,-0.305,95.0,0,0,0.0,0.0,20.0,0.0,-20.0,-20.0,-20.0,0.0
38.605982065200806,0.0,0.0,-0.305,95.0,0,0,0.0,0.0,20.0,0.0,-20.0,-20.0,-20.0,0.0
38.68398118019104,0.0,0.0,-0.305,95.0,0,0,0.0,0.0,20.0,0.0,-20.0,-20.0,-20.0,0.0
38.76299214363098,0.0,0.0,-0.305,95.0,0,0,0.0,0.0,20.0,0.0,-20.0,-20.0,-20.0,0.0
38.83997678756714,0.0,0.0,-0.305,95.0,0,0,0.0,0.0,20.0,0.0,-20.0,-20.0,-20.0,0.0
38.91797971725464,0.0,0.0,-0.305,95.0,0,0,0.0,0.0,20.0,0.0,-20.0,-20.0,-20.0,0.0
38.995986223220825,0.0,0.0,-0.305,95.0,0,0,0.0,0.0,20.0,0.0,-20.0,-20.0,-20.0,0.0
39.07452845573425,0.0,0.0,-0.305,95.0,0,0,0.0,0.0,20.0,0.0,-20.0,-20.0,-20.0,0.0
39.152525663375854,0.0,0.0,-0.305,95.0,0,0,0.0,0.0,20.0,0.0,-20.0,-20.0,-20.0,0.0
39.232048988342285,0.0,0.0,-0.305,95.0,0,0,0.0,0.0,20.0,0.0,-20.0,-20.0,-20.0,0.0
39.30804944038391,0.0,0.0,-0.305,95.0,0,0,0.0,0.0,20.0,0.0,-20.0,-20.0,-20.0,0.0
39.387051582336426,0.0,0.0,-0.305,95.0,0,0,0.0,0.0,20.0,0.0,-20.0,-20.0,-20.0,0.0
39.46605181694031,0.0,0.0,-0.305,95.0,0,0,0.0,0.0,20.0,0.0,-20.0,-20.0,-20.0,0.0
39.5435848236084,0.0,0.0,-0.305,95.0,0,0,0.0,0.0,20.0,0.0,-20.0,-20.0,-20.0,0.0
39.65158772468567,0.0,0.0,-0.305,95.0,0,0,0.0,0.0,20.0,0.0,-20.0,-20.0,-20.0,0.0
39.72858381271362,0.0,0.0,-0.305,95.0,0,0,0.0,0.0,20.0,0.0,-20.0,-20.0,-20.0,0.0
39.80658149719238,0.0,0.0,-0.305,95.0,0,0,0.0,0.0,20.0,0.0,-20.0,-20.0,-20.0,0.0
39.884583711624146,0.0,0.0,-0.305,95.0,0,0,0.0,0.0,20.0,0.0,-20.0,-20.0,-20.0,0.0
39.96258091926575,0.0,0.0,-0.305,95.0,0,0,0.0,0.0,20.0,0.0,-20.0,-20.0,-20.0,0.0
40.03958177566528,0.0,0.0,-0.305,95.0,0,0,0.0,0.0,20.0,0.0,-20.0,-20.0,-20.0,0.0
40.11859393119812,0.0,0.0,-0.305,95.0,0,0,0.0,0.0,20.0,0.0,-20.0,-20.0,-20.0,0.0
40.19358849525452,0.0,0.0,-0.305,95.0,0,0,0.0,0.0,20.0,0.0,-20.0,-20.0,-20.0,0.0
40.27259421348572,0.0,0.0,-0.305,95.0,0,0,0.0,0.0,20.0,0.0,-20.0,-20.0,-20.0,0.0
40.35158133506775,0.0,0.0,-0.305,95.0,0,0,0.0,0.0,20.0,0.0,-20.0,-20.0,-20.0,0.0
40.430582761764526,0.0,0.0,-0.305,95.0,0,0,0.0,0.0,20.0,0.0,-20.0,-20.0,-20.0,0.0
40.50858402252197,0.0,0.0,-0.305,95.0,0,0,0.0,0.0,20.0,0.0,-20.0,-20.0,-20.0,0.0
40.58760380744934,0.0,0.0,-0.305,95.0,0,0,0.0,0.0,20.0,0.0,-20.0,-20.0,-20.0,0.0
40.68357968330383,0.0,0.0,-0.305,95.0,0,0,0.0,0.0,20.0,0.0,-20.0,-20.0,-20.0,0.0
40.77158546447754,0.0,0.0,-0.305,95.0,0,0,0.0,0.0,20.0,0.0,-20.0,-20.0,-20.0,0.0
40.85158157348633,0.0,0.0,-0.305,95.0,0,0,0.0,0.0,20.0,0.0,-20.0,-20.0,-20.0,0.0
40.92858171463013,0.0,0.0,-0.305,95.0,0,0,0.0,0.0,20.0,0.0,-20.0,-20.0,-20.0,0.0
41.00658345222473,0.0,0.0,-0.305,95.0,0,0,0.0,0.0,20.0,0.0,-20.0,-20.0,-20.0,0.0
41.08159112930298,0.0,0.0,-0.305,95.0,0,0,0.0,0.0,20.0,0.0,-20.0,-20.0,-20.0,0.0
41.15914273262024,0.0,0.0,-0.305,95.0,0,0,0.0,0.0,20.0,0.0,-20.0,-20.0,-20.0,0.0
41.238157987594604,0.0,0.0,-0.305,95.0,0,0,0.0,0.0,20.0,0.0,-20.0,-20.0,-20.0,0.0
41.317145109176636,0.0,0.0,-0.305,95.0,0,0,0.0,0.0,20.0,0.0,-20.0,-20.0,-20.0,0.0
41.3951575756073,0.0,0.0,-0.305,95.0,0,0,0.0,0.0,20.0,0.0,-20.0,-20.0,-20.0,0.0
41.472774267196655,0.0,0.0,-0.305,95.0,0,0,0.0,0.0,20.0,0.0,-20.0,-20.0,-20.0,0.0
41.55176758766174,0.0,0.0,-0.305,95.0,0,0,0.0,0.0,20.0,0.0,-20.0,-20.0,-20.0,0.0
41.62976932525635,0.0,0.0,-0.305,95.0,0,0,0.0,0.0,20.0,0.0,-20.0,-20.0,-20.0,0.0
41.70876955986023,0.0,0.0,-0.305,95.0,0,0,0.0,0.0,20.0,0.0,-20.0,-20.0,-20.0,0.0
41.82276678085327,0.0,0.0,-0.305,95.0,0,0,0.0,0.0,20.0,0.0,-20.0,-20.0,-20.0,0.0
41.90177083015442,0.0,0.0,-0.305,95.0,0,0,0.0,0.0,20.0,0.0,-20.0,-20.0,-20.0,0.0
41.980767250061035,0.0,0.0,-0.305,95.0,0,0,0.0,0.0,20.0,0.0,-20.0,-20.0,-20.0,0.0
42.06077814102173,0.0,0.0,-0.305,95.0,0,0,0.0,0.0,20.0,0.0,-20.0,-20.0,-20.0,0.0
42.13977241516113,0.0,0.0,-0.305,95.0,0,0,0.0,0.0,20.0,0.0,-20.0,-20.0,-20.0,0.0
42.215766191482544,0.0,0.0,-0.305,95.0,0,0,0.0,0.0,20.0,0.0,-20.0,-20.0,-20.0,0.0
42.294779777526855,0.0,0.0,-0.305,95.0,0,0,0.0,0.0,20.0,0.0,-20.0,-20.0,-20.0,0.0
42.37477374076843,0.0,0.0,-0.305,95.0,0,0,0.0,0.0,20.0,0.0,-20.0,-20.0,-20.0,0.0
42.45033359527588,0.0,0.0,-0.305,95.0,0,0,0.0,0.0,20.0,0.0,-20.0,-20.0,-20.0,0.0
42.52930545806885,0.0,0.0,-0.305,95.0,0,0,0.0,0.0,20.0,0.0,-20.0,-20.0,-20.0,0.0
42.608330726623535,0.0,0.0,-0.305,95.0,0,0,0.0,0.0,20.0,0.0,-20.0,-20.0,-20.0,0.0
42.68629288673401,0.0,0.0,-0.305,95.0,0,0,0.0,0.0,20.0,0.0,-20.0,-20.0,-20.0,0.0
42.76430034637451,0.0,0.0,-0.305,95.0,0,0,0.0,0.0,20.0,0.0,-20.0,-20.0,-20.0,0.0
42.85929822921753,0.0,0.0,-0.305,95.0,0,0,0.0,0.0,20.0,0.0,-20.0,-20.0,-20.0,0.0
42.94529700279236,0.0,0.0,-0.305,95.0,0,0,0.0,0.0,20.0,0.0,-20.0,-20.0,-20.0,0.0
43.02230453491211,0.0,0.0,-0.305,95.0,0,0,0.0,0.0,20.0,0.0,-20.0,-20.0,-20.0,0.0
43.1003839969635,0.0,0.0,-0.305,95.0,0,0,0.0,0.0,20.0,0.0,-20.0,-20.0,-20.0,0.0
43.17837929725647,0.0,0.0,-0.305,95.0,0,0,0.0,0.0,20.0,0.0,-20.0,-20.0,-20.0,0.0
43.258395195007324,0.0,0.0,-0.305,95.0,0,0,0.0,0.0,20.0,0.0,-20.0,-20.0,-20.0,0.0
43.336379528045654,0.0,0.0,-0.305,95.0,0,0,0.0,0.0,20.0,0.0,-20.0,-20.0,-20.0,0.0
43.41538214683533,0.0,0.0,-0.305,95.0,0,0,0.0,0.0,20.0,0.0,-20.0,-20.0,-20.0,0.0
43.49494743347168,0.0,0.0,-0.305,95.0,0,0,0.0,0.0,20.0,0.0,-20.0,-20.0,-20.0,0.0
43.572927951812744,0.0,0.0,-0.305,95.0,0,0,0.0,0.0,20.0,0.0,-20.0,-20.0,-20.0,0.0
43.65092945098877,0.0,0.0,-0.305,95.0,0,0,0.0,0.0,20.0,0.0,-20.0,-20.0,-20.0,0.0
43.72992992401123,0.0,0.0,-0.305,95.0,0,0,0.0,0.0,20.0,0.0,-20.0,-20.0,-20.0,0.0
43.80893015861511,0.0,0.0,-0.305,95.0,0,0,0.0,0.0,20.0,0.0,-20.0,-20.0,-20.0,0.0
43.887940406799316,0.0,0.0,-0.305,95.0,0,0,0.0,0.0,20.0,0.0,-20.0,-20.0,-20.0,0.0
43.99992871284485,0.0,0.0,-0.305,95.0,0,0,0.0,0.0,20.0,0.0,-20.0,-20.0,-20.0,0.0
44.07693099975586,0.0,0.0,-0.305,95.0,0,0,0.0,0.0,20.0,0.0,-20.0,-20.0,-20.0,0.0
44.154929399490356,0.0,0.0,-0.305,95.0,0,0,0.0,0.0,20.0,0.0,-20.0,-20.0,-20.0,0.0
44.23351788520813,0.0,0.0,-0.305,95.0,0,0,0.0,0.0,20.0,0.0,-20.0,-20.0,-20.0,0.0
44.31152009963989,0.0,0.0,-0.305,95.0,0,0,0.0,0.0,20.0,0.0,-20.0,-20.0,-20.0,0.0
44.391520500183105,0.0,0.0,-0.305,95.0,0,0,0.0,0.0,20.0,0.0,-20.0,-20.0,-20.0,0.0
44.46851992607117,0.0,0.0,-0.305,95.0,0,0,0.0,0.0,20.0,0.0,-20.0,-20.0,-20.0,0.0
44.54652166366577,0.0,0.0,-0.305,95.0,0,0,0.0,0.0,20.0,0.0,-20.0,-20.0,-20.0,0.0
44.62451982498169,0.0,0.0,-0.305,95.0,0,0,0.0,0.0,20.0,0.0,-20.0,-20.0,-20.0,0.0
44.703518867492676,0.0,0.0,-0.305,95.0,0,0,0.0,0.0,20.0,0.0,-20.0,-20.0,-20.0,0.0
44.78252696990967,0.0,0.0,-0.305,95.0,0,0,0.0,0.0,20.0,0.0,-20.0,-20.0,-20.0,0.0
44.8605375289917,0.0,0.0,-0.305,95.0,0,0,0.0,0.0,20.0,0.0,-20.0,-20.0,-20.0,0.0
44.938528537750244,0.0,0.0,-0.305,95.0,0,0,0.0,0.0,20.0,0.0,-20.0,-20.0,-20.0,0.0
45.01752209663391,0.0,0.0,-0.305,95.0,0,0,0.0,0.0,20.0,0.0,-20.0,-20.0,-20.0,0.0
45.122517108917236,0.0,0.0,-0.305,95.0,0,0,0.0,0.0,20.0,0.0,-20.0,-20.0,-20.0,0.0
45.19820857048035,0.0,0.0,-0.305,95.0,0,0,0.0,0.0,20.0,0.0,-20.0,-20.0,-20.0,0.0
45.27620983123779,0.0,0.0,-0.305,95.0,0,0,0.0,0.0,20.0,0.0,-20.0,-20.0,-20.0,0.0
45.35520529747009,0.0,0.0,-0.305,95.0,0,0,0.0,0.0,20.0,0.0,-20.0,-20.0,-20.0,0.0
45.43321228027344,0.0,0.0,-0.305,95.0,0,0,0.0,0.0,20.0,0.0,-20.0,-20.0,-20.0,0.0
45.512207984924316,0.0,0.0,-0.305,95.0,0,0,0.0,0.0,20.0,0.0,-20.0,-20.0,-20.0,0.0
45.593210220336914,0.0,0.0,-0.305,95.0,0,0,0.0,0.0,20.0,0.0,-20.0,-20.0,-20.0,0.0
45.67121338844299,0.0,0.0,-0.305,95.0,0,0,0.0,0.0,20.0,0.0,-20.0,-20.0,-20.0,0.0
45.75120949745178,0.0,0.0,-0.305,95.0,0,0,0.0,0.0,20.0,0.0,-20.0,-20.0,-20.0,0.0
45.82820963859558,0.0,0.0,-0.305,95.0,0,0,0.0,0.0,20.0,0.0,-20.0,-20.0,-20.0,0.0
45.90620446205139,0.0,0.0,-0.305,95.0,0,0,0.0,0.0,20.0,0.0,-20.0,-20.0,-20.0,0.0
45.98620319366455,0.0,0.0,-0.305,95.0,0,0,0.0,0.0,20.0,0.0,-20.0,-20.0,-20.0,0.0
46.06520390510559,0.0,0.0,-0.305,95.0,0,0,0.0,0.0,20.0,0.0,-20.0,-20.0,-20.0,0.0
46.1532027721405,0.0,0.0,-0.305,95.0,0,0,0.0,0.0,20.0,0.0,-20.0,-20.0,-20.0,0.0
46.24633169174194,0.0,0.0,-0.305,95.0,0,0,0.0,0.0,20.0,0.0,-20.0,-20.0,-20.0,0.0
46.32333278656006,0.0,0.0,-0.305,95.0,0,0,0.0,0.0,20.0,0.0,-20.0,-20.0,-20.0,0.0
46.4018657207489,0.0,0.0,-0.305,95.0,0,0,0.0,0.0,20.0,0.0,-20.0,-20.0,-20.0,0.0
46.479432344436646,0.0,0.0,-0.305,95.0,0,0,0.0,0.0,20.0,0.0,-20.0,-20.0,-20.0,0.0
46.55743336677551,0.0,0.0,-0.305,95.0,0,0,0.0,0.0,20.0,0.0,-20.0,-20.0,-20.0,0.0
46.63744521141052,0.0,0.0,-0.305,95.0,0,0,0.0,0.0,20.0,0.0,-20.0,-20.0,-20.0,0.0
46.71343469619751,0.0,0.0,-0.305,95.0,0,0,0.0,0.0,20.0,0.0,-20.0,-20.0,-20.0,0.0
46.79043698310852,0.0,0.0,-0.305,95.0,0,0,0.0,0.0,20.0,0.0,-20.0,-20.0,-20.0,0.0
46.86643695831299,0.0,0.0,-0.305,95.0,0,0,0.0,0.0,20.0,0.0,-20.0,-20.0,-20.0,0.0
46.94343280792236,0.0,0.0,-0.305,95.0,0,0,0.0,0.0,20.0,0.0,-20.0,-20.0,-20.0,0.0
47.02043652534485,0.0,0.0,-0.305,95.0,0,0,0.0,0.0,20.0,0.0,-20.0,-20.0,-20.0,0.0
47.10044622421265,0.0,0.0,-0.305,95.0,0,0,0.0,0.0,20.0,0.0,-20.0,-20.0,-20.0,0.0
47.177433252334595,0.0,0.0,-0.305,95.0,0,0,0.0,0.0,20.0,0.0,-20.0,-20.0,-20.0,0.0
47.29043769836426,0.0,0.0,-0.305,95.0,0,0,0.0,0.0,20.0,0.0,-20.0,-20.0,-20.0,0.0
47.36897158622742,0.0,0.0,-0.305,95.0,0,0,0.0,0.0,20.0,0.0,-20.0,-20.0,-20.0,0.0
47.44548773765564,0.0,0.0,-0.305,95.0,0,0,0.0,0.0,20.0,0.0,-20.0,-20.0,-20.0,0.0
47.52348613739014,0.0,0.0,-0.305,95.0,0,0,0.0,0.0,20.0,0.0,-20.0,-20.0,-20.0,0.0
47.60005187988281,0.0,0.0,-0.305,95.0,0,0,0.0,0.0,20.0,0.0,-20.0,-20.0,-20.0,0.0
47.6760516166687,0.0,0.0,-0.305,95.0,0,0,0.0,0.0,20.0,0.0,-20.0,-20.0,-20.0,0.0
47.75605583190918,0.0,0.0,-0.305,95.0,0,0,0.0,0.0,20.0,0.0,-20.0,-20.0,-20.0,0.0
47.835052490234375,0.0,0.0,-0.305,95.0,0,0,0.0,0.0,20.0,0.0,-20.0,-20.0,-20.0,0.0
47.913052797317505,0.0,0.0,-0.305,95.0,0,0,0.0,0.0,20.0,0.0,-20.0,-20.0,-20.0,0.0
47.99157738685608,0.0,0.0,-0.305,95.0,0,0,0.0,0.0,20.0,0.0,-20.0,-20.0,-20.0,0.0
48.06757426261902,0.0,0.0,-0.305,95.0,0,0,0.0,0.0,20.0,0.0,-20.0,-20.0,-20.0,0.0
48.14658236503601,0.0,0.0,-0.305,95.0,0,0,0.0,0.0,20.0,0.0,-20.0,-20.0,-20.0,0.0
48.22357773780823,0.0,0.0,-0.305,95.0,0,0,0.0,0.0,20.0,0.0,-20.0,-20.0,-20.0,0.0
48.30157542228699,0.0,0.0,-0.305,95.0,0,0,0.0,0.0,20.0,0.0,-20.0,-20.0,-20.0,0.0
48.409573793411255,0.0,0.0,-0.305,95.0,0,0,0.0,0.0,20.0,0.0,-20.0,-20.0,-20.0,0.0
48.488585233688354,0.0,0.0,-0.305,95.0,0,0,0.0,0.0,20.0,0.0,-20.0,-20.0,-20.0,0.0
48.56511116027832,0.0,0.0,-0.305,95.0,0,0,0.0,0.0,20.0,0.0,-20.0,-20.0,-20.0,0.0
48.642109632492065,0.0,0.0,-0.305,95.0,0,0,0.0,0.0,20.0,0.0,-20.0,-20.0,-20.0,0.0
48.72110891342163,0.0,0.0,-0.305,95.0,0,0,0.0,0.0,20.0,0.0,-20.0,-20.0,-20.0,0.0
48.80111479759216,0.0,0.0,-0.305,95.0,0,0,0.0,0.0,20.0,0.0,-20.0,-20.0,-20.0,0.0
48.881118059158325,0.0,0.0,-0.305,95.0,0,0,0.0,0.0,20.0,0.0,-20.0,-20.0,-20.0,0.0
48.9571270942688,0.0,0.0,-0.305,95.0,0,0,0.0,0.0,20.0,0.0,-20.0,-20.0,-20.0,0.0
49.0341112613678,0.0,0.0,-0.305,95.0,0,0,0.0,0.0,20.0,0.0,-20.0,-20.0,-20.0,0.0
49.11111068725586,0.0,0.0,-0.305,95.0,0,0,0.0,0.0,20.0,0.0,-20.0,-20.0,-20.0,0.0
49.18911027908325,0.0,0.0,-0.305,95.0,0,0,0.0,0.0,20.0,0.0,-20.0,-20.0,-20.0,0.0
49.26712155342102,0.0,0.0,-0.305,95.0,0,0,0.0,0.0,20.0,0.0,-20.0,-20.0,-20.0,0.0
49.34611654281616,0.0,0.0,-0.305,95.0,0,0,0.0,0.0,20.0,0.0,-20.0,-20.0,-20.0,0.0
49.43911147117615,0.0,0.0,-0.305,95.0,0,0,0.0,0.0,20.0,0.0,-20.0,-20.0,-20.0,0.0
49.531111001968384,0.0,0.0,-0.305,95.0,0,0,0.0,0.0,20.0,0.0,-20.0,-20.0,-20.0,0.0
49.607110023498535,0.0,0.0,-0.305,95.0,0,0,0.0,0.0,20.0,0.0,-20.0,-20.0,-20.0,0.0
49.68211007118225,0.0,0.0,-0.305,95.0,0,0,0.0,0.0,20.0,0.0,-20.0,-20.0,-20.0,0.0
49.75913071632385,0.0,0.0,-0.305,95.0,0,0,0.0,0.0,20.0,0.0,-20.0,-20.0,-20.0,0.0
49.83511233329773,0.0,0.0,-0.305,95.0,0,0,0.0,0.0,20.0,0.0,-20.0,-20.0,-20.0,0.0
49.912116289138794,0.0,0.0,-0.305,95.0,0,0,0.0,0.0,20.0,0.0,-20.0,-20.0,-20.0,0.0
49.99111008644104,0.0,0.0,-0.305,95.0,0,0,0.0,0.0,20.0,0.0,-20.0,-20.0,-20.0,0.0
50.07111120223999,0.0,0.0,-0.305,95.0,0,0,0.0,0.0,20.0,0.0,-20.0,-20.0,-20.0,0.0
50.147117137908936,0.0,0.0,-0.305,95.0,0,0,0.0,0.0,20.0,0.0,-20.0,-20.0,-20.0,0.0
50.22614073753357,0.0,0.0,-0.305,95.0,0,0,0.0,0.0,20.0,0.0,-20.0,-20.0,-20.0,0.0
50.30360198020935,0.0,0.0,-0.305,95.0,0,0,0.0,0.0,20.0,0.0,-20.0,-20.0,-20.0,0.0
50.38160562515259,0.0,0.0,-0.305,95.0,0,0,0.0,0.0,20.0,0.0,-20.0,-20.0,-20.0,0.0
50.458603620529175,0.0,0.0,-0.305,95.0,0,0,0.0,0.0,20.0,0.0,-20.0,-20.0,-20.0,0.0
50.57160258293152,0.0,0.0,-0.305,95.0,0,0,0.0,0.0,20.0,0.0,-20.0,-20.0,-20.0,0.0
50.64960312843323,0.0,0.0,-0.305,95.0,0,0,0.0,0.0,20.0,0.0,-20.0,-20.0,-20.0,0.0
50.72860646247864,0.0,0.0,-0.305,95.0,0,0,0.0,0.0,20.0,0.0,-20.0,-20.0,-20.0,0.0
50.80660653114319,0.0,0.0,-0.305,95.0,0,0,0.0,0.0,20.0,0.0,-20.0,-20.0,-20.0,0.0
50.884607553482056,0.0,0.0,-0.305,95.0,0,0,0.0,0.0,20.0,0.0,-20.0,-20.0,-20.0,0.0
50.96260619163513,0.0,0.0,-0.305,95.0,0,0,0.0,0.0,20.0,0.0,-20.0,-20.0,-20.0,0.0
51.04160523414612,0.0,0.0,-0.305,95.0,0,0,0.0,0.0,20.0,0.0,-20.0,-20.0,-20.0,0.0
51.11960792541504,0.0,0.0,-0.305,95.0,0,0,0.0,0.0,20.0,0.0,-20.0,-20.0,-20.0,0.0
51.198604345321655,0.0,0.0,-0.305,95.0,0,0,0.0,0.0,20.0,0.0,-20.0,-20.0,-20.0,0.0
51.27360820770264,0.0,0.0,-0.305,95.0,0,0,0.0,0.0,20.0,0.0,-20.0,-20.0,-20.0,0.0
51.35261249542236,0.0,0.0,-0.305,95.0,0,0,0.0,0.0,20.0,0.0,-20.0,-20.0,-20.0,0.0
51.43060278892517,0.0,0.0,-0.305,95.0,0,0,0.0,0.0,20.0,0.0,-20.0,-20.0,-20.0,0.0
51.50862669944763,0.0,0.0,-0.305,95.0,0,0,0.0,0.0,20.0,0.0,-20.0,-20.0,-20.0,0.0
51.58861184120178,0.0,0.0,-0.305,95.0,0,0,0.0,0.0,20.0,0.0,-20.0,-20.0,-20.0,0.0
51.69412422180176,0.0,0.0,-0.305,95.0,0,0,0.0,0.0,20.0,0.0,-20.0,-20.0,-20.0,0.0
51.77213740348816,0.0,0.0,-0.305,95.0,0,0,0.0,0.0,20.0,0.0,-20.0,-20.0,-20.0,0.0
51.8501238822937,0.0,0.0,-0.305,95.0,0,0,0.0,0.0,20.0,0.0,-20.0,-20.0,-20.0,0.0
51.92865037918091,0.0,0.0,-0.305,95.0,0,0,0.0,0.0,20.0,0.0,-20.0,-20.0,-20.0,0.0
52.008652210235596,0.0,0.0,-0.305,95.0,0,0,0.0,0.0,20.0,0.0,-20.0,-20.0,-20.0,0.0
52.08864665031433,0.0,0.0,-0.305,95.0,0,0,0.0,0.0,20.0,0.0,-20.0,-20.0,-20.0,0.0
52.166648387908936,0.0,0.0,-0.305,95.0,0,0,0.0,0.0,20.0,0.0,-20.0,-20.0,-20.0,0.0
52.24564862251282,0.0,0.0,-0.305,95.0,0,0,0.0,0.0,20.0,0.0,-20.0,-20.0,-20.0,0.0
52.32364869117737,0.0,0.0,-0.305,95.0,0,0,0.0,0.0,20.0,0.0,-20.0,-20.0,-20.0,0.0
52.401652097702026,0.0,0.0,-0.305,95.0,0,0,0.0,0.0,20.0,0.0,-20.0,-20.0,-20.0,0.0
52.48165273666382,0.0,0.0,-0.305,95.0,0,0,0.0,0.0,20.0,0.0,-20.0,-20.0,-20.0,0.0
52.560648679733276,0.0,0.0,-0.305,95.0,0,0,0.0,0.0,20.0,0.0,-20.0,-20.0,-20.0,0.0
52.63964772224426,0.0,0.0,-0.305,95.0,0,0,0.0,0.0,20.0,0.0,-20.0,-20.0,-20.0,0.0
52.7486629486084,0.0,0.0,-0.305,95.0,0,0,0.0,0.0,20.0,0.0,-20.0,-20.0,-20.0,0.0
52.82564997673035,0.0,0.0,-0.305,95.0,0,0,0.0,0.0,20.0,0.0,-20.0,-20.0,-20.0,0.0
52.90564775466919,0.0,0.0,-0.305,95.0,0,0,0.0,0.0,20.0,0.0,-20.0,-20.0,-20.0,0.0
52.98464584350586,0.0,0.0,-0.305,95.0,0,0,0.0,0.0,20.0,0.0,-20.0,-20.0,-20.0,0.0
53.06019139289856,0.0,0.0,-0.305,95.0,0,0,0.0,0.0,20.0,0.0,-20.0,-20.0,-20.0,0.0
53.14120078086853,0.0,0.0,-0.305,95.0,0,0,0.0,0.0,20.0,0.0,-20.0,-20.0,-20.0,0.0
53.21620488166809,0.0,0.0,-0.305,95.0,0,0,0.0,0.0,20.0,0.0,-20.0,-20.0,-20.0,0.0
53.29520034790039,0.0,0.0,-0.305,95.0,0,0,0.0,0.0,20.0,0.0,-20.0,-20.0,-20.0,0.0
53.37419152259827,0.0,0.0,-0.305,95.0,0,0,0.0,0.0,20.0,0.0,-20.0,-20.0,-20.0,0.0
53.45118737220764,0.0,0.0,-0.305,95.0,0,0,0.0,0.0,20.0,0.0,-20.0,-20.0,-20.0,0.0
53.53019070625305,0.0,0.0,-0.305,95.0,0,0,0.0,0.0,20.0,0.0,-20.0,-20.0,-20.0,0.0
53.608187198638916,0.0,0.0,-0.305,95.0,0,0,0.0,0.0,20.0,0.0,-20.0,-20.0,-20.0,0.0
53.68419122695923,0.0,0.0,-0.305,95.0,0,0,0.0,0.0,20.0,0.0,-20.0,-20.0,-20.0,0.0
53.7621955871582,0.0,0.0,-0.305,95.0,0,0,0.0,0.0,20.0,0.0,-20.0,-20.0,-20.0,0.0
53.869192600250244,0.0,0.0,-0.305,95.0,0,0,0.0,0.0,20.0,0.0,-20.0,-20.0,-20.0,0.0
53.9451904296875,0.0,0.0,-0.305,95.0,0,0,0.0,0.0,20.0,0.0,-20.0,-20.0,-20.0,0.0
54.02320122718811,0.0,0.0,-0.305,95.0,0,0,0.0,0.0,20.0,0.0,-20.0,-20.0,-20.0,0.0
54.10318899154663,0.0,0.0,-0.305,95.0,0,0,0.0,0.0,20.0,0.0,-20.0,-20.0,-20.0,0.0
54.181203842163086,0.0,0.0,-0.305,95.0,0,0,0.0,0.0,20.0,0.0,-20.0,-20.0,-20.0,0.0
54.26071095466614,0.0,0.0,-0.305,95.0,0,0,0.0,0.0,20.0,0.0,-20.0,-20.0,-20.0,0.0
54.337711572647095,0.0,0.0,-0.305,95.0,0,0,0.0,0.0,20.0,0.0,-20.0,-20.0,-20.0,0.0
54.4167103767395,0.0,0.0,-0.305,95.0,0,0,0.0,0.0,20.0,0.0,-20.0,-20.0,-20.0,0.0
54.49271512031555,0.0,0.0,-0.305,95.0,0,0,0.0,0.0,20.0,0.0,-20.0,-20.0,-20.0,0.0
54.571714639663696,0.0,0.0,-0.305,95.0,0,0,0.0,0.0,20.0,0.0,-20.0,-20.0,-20.0,0.0
54.64871287345886,0.0,0.0,-0.305,95.0,0,0,0.0,0.0,20.0,0.0,-20.0,-20.0,-20.0,0.0
54.727713108062744,0.0,0.0,-0.305,95.0,0,0,0.0,0.0,20.0,0.0,-20.0,-20.0,-20.0,0.0
54.804725885391235,0.0,0.0,-0.305,95.0,0,0,0.0,0.0,20.0,0.0,-20.0,-20.0,-20.0,0.0
54.89971113204956,0.0,0.0,-0.305,95.0,0,0,0.0,0.0,20.0,0.0,-20.0,-20.0,-20.0,0.0
54.98970890045166,0.0,0.0,-0.305,95.0,0,0,0.0,0.0,20.0,0.0,-20.0,-20.0,-20.0,0.0
55.06771421432495,0.0,0.0,-0.305,95.0,0,0,0.0,0.0,20.0,0.0,-20.0,-20.0,-20.0,0.0
55.146716833114624,0.0,0.0,-0.305,95.0,0,0,0.0,0.0,20.0,0.0,-20.0,-20.0,-20.0,0.0
55.22374606132507,0.0,0.0,-0.305,95.0,0,0,0.0,0.0,20.0,0.0,-20.0,-20.0,-20.0,0.0
55.30231785774231,0.0,0.0,-0.305,95.0,0,0,0.0,0.0,20.0,0.0,-20.0,-20.0,-20.0,0.0
55.38130164146423,0.0,0.0,-0.305,95.0,0,0,0.0,0.0,20.0,0.0,-20.0,-20.0,-20.0,0.0
55.458298206329346,0.0,0.0,-0.305,95.0,0,0,0.0,0.0,20.0,0.0,-20.0,-20.0,-20.0,0.0
55.53530478477478,0.0,0.0,-0.305,95.0,0,0,0.0,0.0,20.0,0.0,-20.0,-20.0,-20.0,0.0
55.61730122566223,0.0,0.0,-0.305,95.0,0,0,0.0,0.0,20.0,0.0,-20.0,-20.0,-20.0,0.0
55.69568395614624,0.0,0.0,-0.305,95.0,0,0,0.0,0.0,20.0,0.0,-20.0,-20.0,-20.0,0.0
55.770681381225586,0.0,0.0,-0.305,95.0,0,0,0.0,0.0,20.0,0.0,-20.0,-20.0,-20.0,0.0
55.85068368911743,0.0,0.0,-0.305,95.0,0,0,0.0,0.0,20.0,0.0,-20.0,-20.0,-20.0,0.0
55.9286847114563,0.0,0.0,-0.305,95.0,0,0,0.0,0.0,20.0,0.0,-20.0,-20.0,-20.0,0.0
56.04068446159363,0.0,0.0,-0.305,95.0,0,0,0.0,0.0,20.0,0.0,-20.0,-20.0,-20.0,0.0
56.117711305618286,0.0,0.0,-0.305,95.0,0,0,0.0,0.0,20.0,0.0,-20.0,-20.0,-20.0,0.0
56.19668698310852,0.0,0.0,-0.305,95.0,0,0,0.0,0.0,20.0,0.0,-20.0,-20.0,-20.0,0.0
56.275683641433716,0.0,0.0,-0.305,95.0,0,0,0.0,0.0,20.0,0.0,-20.0,-20.0,-20.0,0.0
56.35223174095154,0.0,0.0,-0.305,95.0,0,0,0.0,0.0,20.0,0.0,-20.0,-20.0,-20.0,0.0
56.42923092842102,0.0,0.0,-0.305,95.0,0,0,0.0,0.0,20.0,0.0,-20.0,-20.0,-20.0,0.0
56.50822925567627,0.0,0.0,-0.305,95.0,0,0,0.0,0.0,20.0,0.0,-20.0,-20.0,-20.0,0.0
56.58922815322876,0.0,0.0,-0.305,95.0,0,0,0.0,0.0,20.0,0.0,-20.0,-20.0,-20.0,0.0
56.66823196411133,0.0,0.0,-0.305,95.0,0,0,0.0,0.0,20.0,0.0,-20.0,-20.0,-20.0,0.0
56.74823260307312,0.0,0.0,-0.305,95.0,0,0,0.0,0.0,20.0,0.0,-20.0,-20.0,-20.0,0.0
56.82422637939453,0.0,0.0,-0.305,95.0,0,0,0.0,0.0,20.0,0.0,-20.0,-20.0,-20.0,0.0
56.90224266052246,0.0,0.0,-0.305,95.0,0,0,0.0,0.0,20.0,0.0,-20.0,-20.0,-20.0,0.0
56.982229232788086,0.0,0.0,-0.305,95.0,0,0,0.0,0.0,20.0,0.0,-20.0,-20.0,-20.0,0.0
57.08622694015503,0.0,0.0,-0.305,95.0,0,0,0.0,0.0,20.0,0.0,-20.0,-20.0,-20.0,0.0
57.17522835731506,0.0,0.0,-0.305,95.0,0,0,0.0,0.0,20.0,0.0,-20.0,-20.0,-20.0,0.0
57.25322914123535,0.0,0.0,-0.305,95.0,0,0,0.0,0.0,20.0,0.0,-20.0,-20.0,-20.0,0.0
57.33222556114197,0.0,0.0,-0.305,95.0,0,0,0.0,0.0,20.0,0.0,-20.0,-20.0,-20.0,0.0
57.412238359451294,0.0,0.0,-0.305,95.0,0,0,0.0,0.0,20.0,0.0,-20.0,-20.0,-20.0,0.0
57.49022579193115,0.0,0.0,-0.305,95.0,0,0,0.0,0.0,20.0,0.0,-20.0,-20.0,-20.0,0.0
57.56822872161865,0.0,0.0,-0.305,95.0,0,0,0.0,0.0,20.0,0.0,-20.0,-20.0,-20.0,0.0
57.648231506347656,0.0,0.0,-0.305,95.0,0,0,0.0,0.0,20.0,0.0,-20.0,-20.0,-20.0,0.0
57.72623062133789,0.0,0.0,-0.305,95.0,0,0,0.0,0.0,20.0,0.0,-20.0,-20.0,-20.0,0.0
57.80623173713684,0.0,0.0,-0.305,95.0,0,0,0.0,0.0,20.0,0.0,-20.0,-20.0,-20.0,0.0
57.88622832298279,0.0,0.0,-0.305,95.0,0,0,0.0,0.0,20.0,0.0,-20.0,-20.0,-20.0,0.0
57.96522760391235,0.0,0.0,-0.305,95.0,0,0,0.0,0.0,20.0,0.0,-20.0,-20.0,-20.0,0.0
58.044227838516235,0.0,0.0,-0.305,95.0,0,0,0.0,0.0,20.0,0.0,-20.0,-20.0,-20.0,0.0
58.124226808547974,0.0,0.0,-0.305,95.0,0,0,0.0,0.0,20.0,0.0,-20.0,-20.0,-20.0,0.0
58.231229066848755,0.0,0.0,-0.305,95.0,0,0,0.0,0.0,20.0,0.0,-20.0,-20.0,-20.0,0.0
58.31323480606079,0.0,0.0,-0.305,95.0,0,0,0.0,0.0,20.0,0.0,-20.0,-20.0,-20.0,0.0
58.39322900772095,0.0,0.0,-0.305,95.0,0,0,0.0,0.0,20.0,0.0,-20.0,-20.0,-20.0,0.0
58.47123122215271,0.0,0.0,-0.305,95.0,0,0,0.0,0.0,20.0,0.0,-20.0,-20.0,-20.0,0.0
58.551241397857666,0.0,0.0,-0.305,95.0,0,0,0.0,0.0,20.0,0.0,-20.0,-20.0,-20.0,0.0
58.629894495010376,0.0,0.0,-0.305,95.0,0,0,0.0,0.0,20.0,0.0,-20.0,-20.0,-20.0,0.0
58.70688986778259,0.0,0.0,-0.305,95.0,0,0,0.0,0.0,20.0,0.0,-20.0,-20.0,-20.0,0.0
58.78688621520996,0.0,0.0,-0.305,95.0,0,0,0.0,0.0,20.0,0.0,-20.0,-20.0,-20.0,0.0
58.86588215827942,0.0,0.0,-0.305,95.0,0,0,0.0,0.0,20.0,0.0,-20.0,-20.0,-20.0,0.0
58.9448881149292,0.0,0.0,-0.305,95.0,0,0,0.0,0.0,20.0,0.0,-20.0,-20.0,-20.0,0.0
59.02288866043091,0.0,0.0,-0.305,95.0,0,0,0.0,0.0,20.0,0.0,-20.0,-20.0,-20.0,0.0
59.10088133811951,0.0,0.0,-0.305,95.0,0,0,0.0,0.0,20.0,0.0,-20.0,-20.0,-20.0,0.0
59.1818962097168,0.0,0.0,-0.305,95.0,0,0,0.0,0.0,20.0,0.0,-20.0,-20.0,-20.0,0.0
59.28388595581055,0.0,0.0,-0.305,95.0,0,0,0.0,0.0,20.0,0.0,-20.0,-20.0,-20.0,0.0
59.36088514328003,0.0,0.0,-0.305,95.0,0,0,0.0,0.0,20.0,0.0,-20.0,-20.0,-20.0,0.0
59.43888306617737,0.0,0.0,-0.305,95.0,0,0,0.0,0.0,20.0,0.0,-20.0,-20.0,-20.0,0.0
59.517884969711304,0.0,0.0,-0.305,95.0,0,0,0.0,0.0,20.0,0.0,-20.0,-20.0,-20.0,0.0
59.59488224983215,0.0,0.0,-0.305,95.0,0,0,0.0,0.0,20.0,0.0,-20.0,-20.0,-20.0,0.0
59.67288780212402,0.0,0.0,-0.305,95.0,0,0,0.0,0.0,20.0,0.0,-20.0,-20.0,-20.0,0.0
59.7538845539093,0.0,0.0,-0.305,95.0,0,0,0.0,0.0,20.0,0.0,-20.0,-20.0,-20.0,0.0
59.83288645744324,0.0,0.0,-0.305,95.0,0,0,0.0,0.0,20.0,0.0,-20.0,-20.0,-20.0,0.0
59.91288733482361,0.0,0.0,-0.305,95.0,0,0,0.0,0.0,20.0,0.0,-20.0,-20.0,-20.0,0.0
59.9928925037384,0.0,0.0,-0.305,95.0,0,0,0.0,0.0,20.0,0.0,-20.0,-20.0,-20.0,0.0
60.07188415527344,0.0,0.0,-0.305,95.0,0,0,0.0,0.0,20.0,0.0,-20.0,-20.0,-20.0,0.0
60.16588234901428,0.0,0.0,-0.305,95.0,0,0,0.0,0.0,20.0,0.0,-20.0,-20.0,-20.0,0.0
60.24388313293457,0.0,0.0,-0.305,95.0,0,0,0.0,0.0,20.0,0.0,-20.0,-20.0,-20.0,0.0
60.32088756561279,0.0,0.0,-0.305,95.0,0,0,0.0,0.0,20.0,0.0,-20.0,-20.0,-20.0,0.0
60.42788290977478,0.0,0.0,-0.305,95.0,0,0,0.0,0.0,20.0,0.0,-20.0,-20.0,-20.0,0.0
60.501882791519165,0.0,0.0,-0.305,95.0,0,0,0.0,0.0,20.0,0.0,-20.0,-20.0,-20.0,0.0
60.582886695861816,0.0,0.0,-0.305,95.0,0,0,0.0,0.0,20.0,0.0,-20.0,-20.0,-20.0,0.0
60.66088509559631,0.0,0.0,-0.305,95.0,0,0,0.0,0.0,20.0,0.0,-20.0,-20.0,-20.0,0.0
60.74188756942749,0.0,0.0,-0.305,95.0,0,0,0.0,0.0,20.0,0.0,-20.0,-20.0,-20.0,0.0
60.82288479804993,0.0,0.0,-0.305,95.0,0,0,0.0,0.0,20.0,0.0,-20.0,-20.0,-20.0,0.0
60.89841318130493,0.0,0.0,-0.305,95.0,0,0,0.0,0.0,20.0,0.0,-20.0,-20.0,-20.0,0.0
60.975430488586426,0.0,0.0,-0.305,95.0,0,0,0.0,0.0,20.0,0.0,-20.0,-20.0,-20.0,0.0
61.05541229248047,0.0,0.0,-0.305,95.0,0,0,0.0,0.0,20.0,0.0,-20.0,-20.0,-20.0,0.0
61.133408546447754,0.0,0.0,-0.305,95.0,0,0,0.0,0.0,20.0,0.0,-20.0,-20.0,-20.0,0.0
61.21342992782593,0.0,0.0,-0.305,95.0,0,0,0.0,0.0,20.0,0.0,-20.0,-20.0,-20.0,0.0
61.29140877723694,0.0,0.0,-0.305,95.0,0,0,0.0,0.0,20.0,0.0,-20.0,-20.0,-20.0,0.0
61.36640810966492,0.0,0.0,-0.305,95.0,0,0,0.0,0.0,20.0,0.0,-20.0,-20.0,-20.0,0.0
61.4694287776947,0.0,0.0,-0.305,95.0,0,0,0.0,0.0,20.0,0.0,-20.0,-20.0,-20.0,0.0
61.54641675949097,0.0,0.0,-0.305,95.0,0,0,0.0,0.0,20.0,0.0,-20.0,-20.0,-20.0,0.0
61.62541079521179,0.0,0.0,-0.305,95.0,0,0,0.0,0.0,20.0,0.0,-20.0,-20.0,-20.0,0.0
61.70641565322876,0.0,0.0,-0.305,95.0,0,0,0.0,0.0,20.0,0.0,-20.0,-20.0,-20.0,0.0
61.78243541717529,0.0,0.0,-0.305,95.0,0,0,0.0,0.0,20.0,0.0,-20.0,-20.0,-20.0,0.0
61.85794925689697,0.0,0.0,-0.305,95.0,0,0,0.0,0.0,20.0,0.0,-20.0,-20.0,-20.0,0.0
61.93594980239868,0.0,0.0,-0.305,95.0,0,0,0.0,0.0,20.0,0.0,-20.0,-20.0,-20.0,0.0
62.01294779777527,0.0,0.0,-0.305,95.0,0,0,0.0,0.0,20.0,0.0,-20.0,-20.0,-20.0,0.0
62.093953132629395,0.0,0.0,-0.305,95.0,0,0,0.0,0.0,20.0,0.0,-20.0,-20.0,-20.0,0.0
62.17494988441467,0.0,0.0,-0.305,95.0,0,0,0.0,0.0,20.0,0.0,-20.0,-20.0,-20.0,0.0
62.25394821166992,0.0,0.0,-0.305,95.0,0,0,0.0,0.0,20.0,0.0,-20.0,-20.0,-20.0,0.0
62.33296489715576,0.0,0.0,-0.305,95.0,0,0,0.0,0.0,20.0,0.0,-20.0,-20.0,-20.0,0.0
62.411951780319214,0.0,0.0,-0.305,95.0,0,0,0.0,0.0,20.0,0.0,-20.0,-20.0,-20.0,0.0
62.502461194992065,0.0,0.0,-0.305,95.0,0,0,0.0,0.0,20.0,0.0,-20.0,-20.0,-20.0,0.0
62.595465421676636,0.0,0.0,-0.305,95.0,0,0,0.0,0.0,20.0,0.0,-20.0,-20.0,-20.0,0.0
62.67146301269531,0.0,0.0,-0.305,95.0,0,0,0.0,0.0,20.0,0.0,-20.0,-20.0,-20.0,0.0
62.748464822769165,0.0,0.0,-0.305,95.0,0,0,0.0,0.0,20.0,0.0,-20.0,-20.0,-20.0,0.0
62.826462507247925,0.0,0.0,-0.305,95.0,0,0,0.0,0.0,20.0,0.0,-20.0,-20.0,-20.0,0.0
62.901464223861694,0.0,0.0,-0.305,95.0,0,0,0.0,0.0,20.0,0.0,-20.0,-20.0,-20.0,0.0
62.98046159744263,0.0,0.0,-0.305,95.0,0,0,0.0,0.0,20.0,0.0,-20.0,-20.0,-20.0,0.0
63.06002998352051,0.0,0.0,-0.305,95.0,0,0,0.0,0.0,20.0,0.0,-20.0,-20.0,-20.0,0.0
63.13855028152466,0.0,0.0,-0.305,95.0,0,0,0.0,0.0,20.0,0.0,-20.0,-20.0,-20.0,0.0
63.21754789352417,0.0,0.0,-0.305,95.0,0,0,0.0,0.0,20.0,0.0,-20.0,-20.0,-20.0,0.0
63.29765033721924,0.0,0.0,-0.305,95.0,0,0,0.0,0.0,20.0,0.0,-20.0,-20.0,-20.0,0.0
63.374645948410034,0.0,0.0,-0.305,95.0,0,0,0.0,0.0,20.0,0.0,-20.0,-20.0,-20.0,0.0
63.45164680480957,0.0,0.0,-0.305,95.0,0,0,0.0,0.0,20.0,0.0,-20.0,-20.0,-20.0,0.0
63.52921009063721,0.0,0.0,-0.305,95.0,0,0,0.0,0.0,20.0,0.0,-20.0,-20.0,-20.0,0.0
63.63019680976868,0.0,0.0,-0.305,95.0,0,0,0.0,0.0,20.0,0.0,-20.0,-20.0,-20.0,0.0
63.70971751213074,0.0,0.0,-0.305,95.0,0,0,0.0,0.0,20.0,0.0,-20.0,-20.0,-20.0,0.0
63.7857186794281,0.0,0.0,-0.305,95.0,0,0,0.0,0.0,20.0,0.0,-20.0,-20.0,-20.0,0.0
63.8657169342041,0.0,0.0,-0.305,95.0,0,0,0.0,0.0,20.0,0.0,-20.0,-20.0,-20.0,0.0
63.94572734832764,0.0,0.0,-0.305,95.0,0,0,0.0,0.0,20.0,0.0,-20.0,-20.0,-20.0,0.0
64.02571630477905,0.0,0.0,-0.305,95.0,0,0,0.0,0.0,20.0,0.0,-20.0,-20.0,-20.0,0.0
64.1047260761261,0.0,0.0,-0.305,95.0,0,0,0.0,0.0,20.0,0.0,-20.0,-20.0,-20.0,0.0
64.18272042274475,0.0,0.0,-0.305,95.0,0,0,0.0,0.0,20.0,0.0,-20.0,-20.0,-20.0,0.0
64.26171684265137,0.0,0.0,-0.305,95.0,0,0,0.0,0.0,20.0,0.0,-20.0,-20.0,-20.0,0.0
64.3407199382782,0.0,0.0,-0.305,95.0,0,0,0.0,0.0,20.0,0.0,-20.0,-20.0,-20.0,0.0
64.41871953010559,0.0,0.0,-0.305,95.0,0,0,0.0,0.0,20.0,0.0,-20.0,-20.0,-20.0,0.0
64.49524903297424,0.0,0.0,-0.305,95.0,0,0,0.0,0.0,20.0,0.0,-20.0,-20.0,-20.0,0.0
64.57126379013062,0.0,0.0,-0.305,95.0,0,0,0.0,0.0,20.0,0.0,-20.0,-20.0,-20.0,0.0
64.65024399757385,0.0,0.0,-0.305,95.0,0,0,0.0,0.0,20.0,0.0,-20.0,-20.0,-20.0,0.0
64.76429343223572,0.0,0.0,-0.305,95.0,0,0,0.0,0.0,20.0,0.0,-20.0,-20.0,-20.0,0.0
64.84330487251282,0.0,0.0,-0.305,95.0,0,0,0.0,0.0,20.0,0.0,-20.0,-20.0,-20.0,0.0
64.9218499660492,0.0,0.0,-0.305,95.0,0,0,0.0,0.0,20.0,0.0,-20.0,-20.0,-20.0,0.0
65.00138854980469,0.0,0.0,-0.305,95.0,0,0,0.0,0.0,20.0,0.0,-20.0,-20.0,-20.0,0.0
65.08039569854736,0.0,0.0,-0.305,95.0,0,0,0.0,0.0,20.0,0.0,-20.0,-20.0,-20.0,0.0
65.15739965438843,0.0,0.0,-0.305,95.0,0,0,0.0,0.0,20.0,0.0,-20.0,-20.0,-20.0,0.0
65.23639726638794,0.0,0.0,-0.305,95.0,0,0,0.0,0.0,20.0,0.0,-20.0,-20.0,-20.0,0.0
65.31539750099182,0.0,0.0,-0.305,95.0,0,0,0.0,0.0,20.0,0.0,-20.0,-20.0,-20.0,0.0
65.39239072799683,0.0,0.0,-0.305,95.0,0,0,0.0,0.0,20.0,0.0,-20.0,-20.0,-20.0,0.0
65.47039008140564,0.0,0.0,-0.305,95.0,0,0,0.0,0.0,20.0,0.0,-20.0,-20.0,-20.0,0.0
65.54939341545105,0.0,0.0,-0.305,95.0,0,0,0.0,0.0,20.0,0.0,-20.0,-20.0,-20.0,0.0
65.62447118759155,0.0,0.0,-0.305,95.0,0,0,0.0,0.0,20.0,0.0,-20.0,-20.0,-20.0,0.0
65.70247411727905,0.0,0.0,-0.305,95.0,0,0,0.0,0.0,20.0,0.0,-20.0,-20.0,-20.0,0.0
65.78047704696655,0.0,0.0,-0.305,95.0,0,0,0.0,0.0,20.0,0.0,-20.0,-20.0,-20.0,0.0
65.88347291946411,0.0,0.0,-0.305,95.0,0,0,0.0,0.0,20.0,0.0,-20.0,-20.0,-20.0,0.0
65.96247577667236,0.0,0.0,-0.305,95.0,0,0,0.0,0.0,20.0,0.0,-20.0,-20.0,-20.0,0.0
66.03947138786316,0.0,0.0,-0.305,95.0,0,0,0.0,0.0,20.0,0.0,-20.0,-20.0,-20.0,0.0
66.11648392677307,0.0,0.0,-0.305,95.0,0,0,0.0,0.0,20.0,0.0,-20.0,-20.0,-20.0,0.0
66.1954755783081,0.0,0.0,-0.305,95.0,0,0,0.0,0.0,20.0,0.0,-20.0,-20.0,-20.0,0.0
66.27447247505188,0.0,0.0,-0.305,95.0,0,0,0.0,0.0,20.0,0.0,-20.0,-20.0,-20.0,0.0
66.35048270225525,0.0,0.0,-0.305,95.0,0,0,0.0,0.0,20.0,0.0,-20.0,-20.0,-20.0,0.0
66.42973685264587,0.0,0.0,-0.305,95.0,0,0,0.0,0.0,20.0,0.0,-20.0,-20.0,-20.0,0.0
66.50671982765198,0.0,0.0,-0.305,95.0,0,0,0.0,0.0,20.0,0.0,-20.0,-20.0,-20.0,0.0
66.58472323417664,0.0,0.0,-0.305,95.0,0,0,0.0,0.0,20.0,0.0,-20.0,-20.0,-20.0,0.0
66.66444253921509,0.0,0.0,-0.305,95.0,0,0,0.0,0.0,20.0,0.0,-20.0,-20.0,-20.0,0.0
66.74144077301025,0.0,0.0,-0.305,95.0,0,0,0.0,0.0,20.0,0.0,-20.0,-20.0,-20.0,0.0
66.81944251060486,0.0,0.0,-0.305,95.0,0,0,0.0,0.0,20.0,0.0,-20.0,-20.0,-20.0,0.0
66.91443991661072,0.0,0.0,-0.305,95.0,0,0,0.0,0.0,20.0,0.0,-20.0,-20.0,-20.0,0.0
67.00144004821777,0.0,0.0,-0.305,95.0,0,0,0.0,0.0,20.0,0.0,-20.0,-20.0,-20.0,0.0
67.07844114303589,0.0,0.0,-0.305,95.0,0,0,0.0,0.0,20.0,0.0,-20.0,-20.0,-20.0,0.0
67.15643763542175,0.0,0.0,-0.305,95.0,0,0,0.0,0.0,20.0,0.0,-20.0,-20.0,-20.0,0.0
67.23544526100159,0.0,0.0,-0.305,95.0,0,0,0.0,0.0,20.0,0.0,-20.0,-20.0,-20.0,0.0
67.31444764137268,0.0,0.0,-0.305,95.0,0,0,0.0,0.0,20.0,0.0,-20.0,-20.0,-20.0,0.0
67.38943910598755,0.0,0.0,-0.305,95.0,0,0,0.0,0.0,20.0,0.0,-20.0,-20.0,-20.0,0.0
67.46645879745483,0.0,0.0,-0.305,95.0,0,0,0.0,0.0,20.0,0.0,-20.0,-20.0,-20.0,0.0
67.54644250869751,0.0,0.0,-0.305,95.0,0,0,0.0,0.0,20.0,0.0,-20.0,-20.0,-20.0,0.0
67.62498450279236,0.0,0.0,-0.305,95.0,0,0,0.0,0.0,20.0,0.0,-20.0,-20.0,-20.0,0.0
67.70298647880554,0.0,0.0,-0.305,95.0,0,0,0.0,0.0,20.0,0.0,-20.0,-20.0,-20.0,0.0
67.78199291229248,0.0,0.0,-0.305,95.0,0,0,0.0,0.0,20.0,0.0,-20.0,-20.0,-20.0,0.0
67.85898733139038,0.0,0.0,-0.305,95.0,0,0,0.0,0.0,20.0,0.0,-20.0,-20.0,-20.0,0.0
67.93598532676697,0.0,0.0,-0.305,95.0,0,0,0.0,0.0,20.0,0.0,-20.0,-20.0,-20.0,0.0
68.0369884967804,0.0,0.0,-0.305,95.0,0,0,0.0,0.0,20.0,0.0,-20.0,-20.0,-20.0,0.0
68.11599373817444,0.0,0.0,-0.305,95.0,0,0,0.0,0.0,20.0,0.0,-20.0,-20.0,-20.0,0.0
68.19498443603516,0.0,0.0,-0.305,95.0,0,0,0.0,0.0,20.0,0.0,-20.0,-20.0,-20.0,0.0
68.27398705482483,0.0,0.0,-0.305,95.0,0,0,0.0,0.0,20.0,0.0,-20.0,-20.0,-20.0,0.0
68.35098910331726,0.0,0.0,-0.305,95.0,0,0,0.0,0.0,20.0,0.0,-20.0,-20.0,-20.0,0.0
68.42859554290771,0.0,0.0,-0.305,95.0,0,0,0.0,0.0,20.0,0.0,-20.0,-20.0,-20.0,0.0
68.50869989395142,0.0,0.0,-0.305,95.0,0,0,0.0,0.0,20.0,0.0,-20.0,-20.0,-20.0,0.0
68.58568811416626,0.0,0.0,-0.305,95.0,0,0,0.0,0.0,20.0,0.0,-20.0,-20.0,-20.0,0.0
68.66469216346741,0.0,0.0,-0.305,95.0,0,0,0.0,0.0,20.0,0.0,-20.0,-20.0,-20.0,0.0
68.74168658256531,0.0,0.0,-0.305,95.0,0,0,0.0,0.0,20.0,0.0,-20.0,-20.0,-20.0,0.0
68.8206901550293,0.0,0.0,-0.305,95.0,0,0,0.0,0.0,20.0,0.0,-20.0,-20.0,-20.0,0.0
68.89968824386597,0.0,0.0,-0.305,95.0,0,0,0.0,0.0,20.0,0.0,-20.0,-20.0,-20.0,0.0
68.97768545150757,0.0,0.0,-0.305,95.0,0,0,0.0,0.0,20.0,0.0,-20.0,-20.0,-20.0,0.0
69.05168652534485,0.0,0.0,-0.305,95.0,0,0,0.0,0.0,20.0,0.0,-20.0,-20.0,-20.0,0.0
69.1522867679596,0.0,0.0,-0.305,95.0,0,0,0.0,0.0,20.0,0.0,-20.0,-20.0,-20.0,0.0
69.22827506065369,0.0,0.0,-0.305,95.0,0,0,0.0,0.0,20.0,0.0,-20.0,-20.0,-20.0,0.0
69.30627179145813,0.0,0.0,-0.305,95.0,0,0,0.0,0.0,20.0,0.0,-20.0,-20.0,-20.0,0.0
69.38227105140686,0.0,0.0,-0.305,95.0,0,0,0.0,0.0,20.0,0.0,-20.0,-20.0,-20.0,0.0
69.46028137207031,0.0,0.0,-0.305,95.0,0,0,0.0,0.0,20.0,0.0,-20.0,-20.0,-20.0,0.0
69.5382776260376,0.0,0.0,-0.305,95.0,0,0,0.0,0.0,20.0,0.0,-20.0,-20.0,-20.0,0.0
69.61627268791199,0.0,0.0,-0.305,95.0,0,0,0.0,0.0,20.0,0.0,-20.0,-20.0,-20.0,0.0
69.69528579711914,0.0,0.0,-0.305,95.0,0,0,0.0,0.0,20.0,0.0,-20.0,-20.0,-20.0,0.0
69.77227425575256,0.0,0.0,-0.305,95.0,0,0,0.0,0.0,20.0,0.0,-20.0,-20.0,-20.0,0.0
69.8512704372406,0.0,0.0,-0.305,95.0,0,0,0.0,0.0,20.0,0.0,-20.0,-20.0,-20.0,0.0
69.9282717704773,0.0,0.0,-0.305,95.0,0,0,0.0,0.0,20.0,0.0,-20.0,-20.0,-20.0,0.0
70.00827503204346,0.0,0.0,-0.305,95.0,0,0,0.0,0.0,20.0,0.0,-20.0,-20.0,-20.0,0.0
70.0862717628479,0.0,0.0,-0.305,95.0,0,0,0.0,0.0,20.0,0.0,-20.0,-20.0,-20.0,0.0
70.16528296470642,0.0,0.0,-0.305,95.0,0,0,0.0,0.0,20.0,0.0,-20.0,-20.0,-20.0,0.0
70.27927756309509,0.0,0.0,-0.305,95.0,0,0,0.0,0.0,20.0,0.0,-20.0,-20.0,-20.0,0.0
70.35427045822144,0.0,0.0,-0.305,95.0,0,0,0.0,0.0,20.0,0.0,-20.0,-20.0,-20.0,0.0
70.43528151512146,0.0,0.0,-0.305,95.0,0,0,0.0,0.0,20.0,0.0,-20.0,-20.0,-20.0,0.0
70.51327443122864,0.0,0.0,-0.305,95.0,0,0,0.0,0.0,20.0,0.0,-20.0,-20.0,-20.0,0.0
70.59127140045166,0.0,0.0,-0.305,95.0,0,0,0.0,0.0,20.0,0.0,-20.0,-20.0,-20.0,0.0
70.67128038406372,0.0,0.0,-0.305,95.0,0,0,0.0,0.0,20.0,0.0,-20.0,-20.0,-20.0,0.0
70.74782037734985,0.0,0.0,-0.305,95.0,0,0,0.0,0.0,20.0,0.0,-20.0,-20.0,-20.0,0.0
70.82683253288269,0.0,0.0,-0.305,95.0,0,0,0.0,0.0,20.0,0.0,-20.0,-20.0,-20.0,0.0
70.90388464927673,0.0,0.0,-0.305,95.0,0,0,0.0,0.0,20.0,0.0,-20.0,-20.0,-20.0,0.0
70.98188662528992,0.0,0.0,-0.305,95.0,0,0,0.0,0.0,20.0,0.0,-20.0,-20.0,-20.0,0.0
71.06088662147522,0.0,0.0,-0.305,95.0,0,0,0.0,0.0,20.0,0.0,-20.0,-20.0,-20.0,0.0
71.1418821811676,0.0,0.0,-0.305,95.0,0,0,0.0,0.0,20.0,0.0,-20.0,-20.0,-20.0,0.0
71.21887922286987,0.0,0.0,-0.305,95.0,0,0,0.0,0.0,20.0,0.0,-20.0,-20.0,-20.0,0.0
71.2978835105896,0.0,0.0,-0.305,95.0,0,0,0.0,0.0,20.0,0.0,-20.0,-20.0,-20.0,0.0
71.4018816947937,0.0,0.0,-0.305,95.0,0,0,0.0,0.0,20.0,0.0,-20.0,-20.0,-20.0,0.0
71.47988510131836,0.0,0.0,-0.305,95.0,0,0,0.0,0.0,20.0,0.0,-20.0,-20.0,-20.0,0.0
71.55988574028015,0.0,0.0,-0.305,95.0,0,0,0.0,0.0,20.0,0.0,-20.0,-20.0,-20.0,0.0
71.63688158988953,0.0,0.0,-0.305,95.0,0,0,0.0,0.0,20.0,0.0,-20.0,-20.0,-20.0,0.0
71.71488571166992,0.0,0.0,-0.305,95.0,0,0,0.0,0.0,20.0,0.0,-20.0,-20.0,-20.0,0.0
71.79291105270386,0.0,0.0,-0.305,95.0,0,0,0.0,0.0,20.0,0.0,-20.0,-20.0,-20.0,0.0
71.87088060379028,0.0,0.0,-0.305,95.0,0,0,0.0,0.0,20.0,0.0,-20.0,-20.0,-20.0,0.0
71.9508969783783,0.0,0.0,-0.305,95.0,0,0,0.0,0.0,20.0,0.0,-20.0,-20.0,-20.0,0.0
72.0318832397461,0.0,0.0,-0.305,95.0,0,0,0.0,0.0,20.0,0.0,-20.0,-20.0,-20.0,0.0
72.10888051986694,0.0,0.0,-0.305,95.0,0,0,0.0,0.0,20.0,0.0,-20.0,-20.0,-20.0,0.0
72.188880443573,0.0,0.0,-0.305,95.0,0,0,0.0,0.0,20.0,0.0,-20.0,-20.0,-20.0,0.0
72.26688241958618,0.0,0.0,-0.305,95.0,0,0,0.0,0.0,20.0,0.0,-20.0,-20.0,-20.0,0.0
72.34387803077698,0.0,0.0,-0.305,95.0,0,0,0.0,0.0,20.0,0.0,-20.0,-20.0,-20.0,0.0
72.43988490104675,0.0,0.0,-0.305,95.0,0,0,0.0,0.0,20.0,0.0,-20.0,-20.0,-20.0,0.0
72.52688312530518,0.0,0.0,-0.305,95.0,0,0,0.0,0.0,20.0,0.0,-20.0,-20.0,-20.0,0.0
72.60439801216125,0.0,0.0,-0.305,95.0,0,0,0.0,0.0,20.0,0.0,-20.0,-20.0,-20.0,0.0
72.6814079284668,0.0,0.0,-0.305,95.0,0,0,0.0,0.0,20.0,0.0,-20.0,-20.0,-20.0,0.0
72.76039671897888,0.0,0.0,-0.305,95.0,0,0,0.0,0.0,20.0,0.0,-20.0,-20.0,-20.0,0.0
72.83495569229126,0.0,0.0,-0.305,95.0,0,0,0.0,0.0,20.0,0.0,-20.0,-20.0,-20.0,0.0
72.91295456886292,0.0,0.0,-0.305,95.0,0,0,0.0,0.0,20.0,0.0,-20.0,-20.0,-20.0,0.0
72.99095273017883,0.0,0.0,-0.305,95.0,0,0,0.0,0.0,20.0,0.0,-20.0,-20.0,-20.0,0.0
73.06897830963135,0.0,0.0,-0.305,95.0,0,0,0.0,0.0,20.0,0.0,-20.0,-20.0,-20.0,0.0
73.14895462989807,0.0,0.0,-0.305,95.0,0,0,0.0,0.0,20.0,0.0,-20.0,-20.0,-20.0,0.0
73.22595191001892,0.0,0.0,-0.305,95.0,0,0,0.0,0.0,20.0,0.0,-20.0,-20.0,-20.0,0.0
73.30396151542664,0.0,0.0,-0.305,95.0,0,0,0.0,0.0,20.0,0.0,-20.0,-20.0,-20.0,0.0
73.38195729255676,0.0,0.0,-0.305,95.0,0,0,0.0,0.0,20.0,0.0,-20.0,-20.0,-20.0,0.0
73.459951877594,0.0,0.0,-0.305,95.0,0,0,0.0,0.0,20.0,0.0,-20.0,-20.0,-20.0,0.0
73.57295417785645,0.0,0.0,-0.305,95.0,0,0,0.0,0.0,20.0,0.0,-20.0,-20.0,-20.0,0.0
73.64895033836365,0.0,0.0,-0.305,95.0,0,0,0.0,0.0,20.0,0.0,-20.0,-20.0,-20.0,0.0
73.72595548629761,0.0,0.0,-0.305,95.0,0,0,0.0,0.0,20.0,0.0,-20.0,-20.0,-20.0,0.0
73.80696558952332,0.0,0.0,-0.305,95.0,0,0,0.0,0.0,20.0,0.0,-20.0,-20.0,-20.0,0.0
73.8829517364502,0.0,0.0,-0.305,95.0,0,0,0.0,0.0,20.0,0.0,-20.0,-20.0,-20.0,0.0
73.96195483207703,0.0,0.0,-0.305,95.0,0,0,0.0,0.0,20.0,0.0,-20.0,-20.0,-20.0,0.0
74.04095888137817,0.0,0.0,-0.305,95.0,0,0,0.0,0.0,20.0,0.0,-20.0,-20.0,-20.0,0.0
74.11995220184326,0.0,0.0,-0.305,95.0,0,0,0.0,0.0,20.0,0.0,-20.0,-20.0,-20.0,0.0
74.19997191429138,0.0,0.0,-0.305,95.0,0,0,0.0,0.0,20.0,0.0,-20.0,-20.0,-20.0,0.0
74.27802801132202,0.0,0.0,-0.305,95.0,0,0,0.0,0.0,20.0,0.0,-20.0,-20.0,-20.0,0.0
74.35603070259094,0.0,0.0,-0.305,95.0,0,0,0.0,0.0,20.0,0.0,-20.0,-20.0,-20.0,0.0
74.43601965904236,0.0,0.0,-0.305,95.0,0,0,0.0,0.0,20.0,0.0,-20.0,-20.0,-20.0,0.0
74.51611995697021,0.0,0.0,-0.305,95.0,0,0,0.0,0.0,20.0,0.0,-20.0,-20.0,-20.0,0.0
74.61619710922241,0.0,0.0,-0.305,95.0,0,0,0.0,0.0,20.0,0.0,-20.0,-20.0,-20.0,0.0
74.70819544792175,0.0,0.0,-0.305,95.0,0,0,0.0,0.0,20.0,0.0,-20.0,-20.0,-20.0,0.0
74.78619623184204,0.0,0.0,-0.305,95.0,0,0,0.0,0.0,20.0,0.0,-20.0,-20.0,-20.0,0.0
74.86521053314209,0.0,0.0,-0.305,95.0,0,0,0.0,0.0,20.0,0.0,-20.0,-20.0,-20.0,0.0
74.94120264053345,0.0,0.0,-0.305,95.0,0,0,0.0,0.0,20.0,0.0,-20.0,-20.0,-20.0,0.0
75.01821255683899,0.0,0.0,-0.305,95.0,0,0,0.0,0.0,20.0,0.0,-20.0,-20.0,-20.0,0.0
75.09774541854858,0.0,0.0,-0.305,95.0,0,0,0.0,0.0,20.0,0.0,-20.0,-20.0,-20.0,0.0
75.17772436141968,0.0,0.0,-0.305,95.0,0,0,0.0,0.0,20.0,0.0,-20.0,-20.0,-20.0,0.0
75.254727602005,0.0,0.0,-0.305,95.0,0,0,0.0,0.0,20.0,0.0,-20.0,-20.0,-20.0,0.0
75.33372211456299,0.0,0.0,-0.305,95.0,0,0,0.0,0.0,20.0,0.0,-20.0,-20.0,-20.0,0.0
75.41272139549255,0.0,0.0,-0.305,95.0,0,0,0.0,0.0,20.0,0.0,-20.0,-20.0,-20.0,0.0
75.49172830581665,0.0,0.0,-0.305,95.0,0,0,0.0,0.0,20.0,0.0,-20.0,-20.0,-20.0,0.0
75.56972742080688,0.0,0.0,-0.305,95.0,0,0,0.0,0.0,20.0,0.0,-20.0,-20.0,-20.0,0.0
75.65272116661072,0.0,0.0,-0.305,95.0,0,0,0.0,0.0,20.0,0.0,-20.0,-20.0,-20.0,0.0
75.7597427368164,0.0,0.0,-0.305,95.0,0,0,0.0,0.0,20.0,0.0,-20.0,-20.0,-20.0,0.0
75.83772659301758,0.0,0.0,-0.305,95.0,0,0,0.0,0.0,20.0,0.0,-20.0,-20.0,-20.0,0.0
75.91571855545044,0.0,0.0,-0.305,95.0,0,0,0.0,0.0,20.0,0.0,-20.0,-20.0,-20.0,0.0
75.99572014808655,0.0,0.0,-0.305,95.0,0,0,0.0,0.0,20.0,0.0,-20.0,-20.0,-20.0,0.0
76.07272148132324,0.0,0.0,-0.305,95.0,0,0,0.0,0.0,20.0,0.0,-20.0,-20.0,-20.0,0.0
76.1487181186676,0.0,0.0,-0.305,95.0,0,0,0.0,0.0,20.0,0.0,-20.0,-20.0,-20.0,0.0
76.22572636604309,0.0,0.0,-0.305,95.0,0,0,0.0,0.0,20.0,0.0,-20.0,-20.0,-20.0,0.0
76.30473232269287,0.0,0.0,-0.305,95.0,0,0,0.0,0.0,20.0,0.0,-20.0,-20.0,-20.0,0.0
76.38223648071289,0.0,0.0,-0.305,95.0,0,0,0.0,0.0,20.0,0.0,-20.0,-20.0,-20.0,0.0
76.45923781394958,0.0,0.0,-0.305,95.0,0,0,0.0,0.0,20.0,0.0,-20.0,-20.0,-20.0,0.0
76.53723669052124,0.0,0.0,-0.305,95.0,0,0,0.0,0.0,20.0,0.0,-20.0,-20.0,-20.0,0.0
76.61578464508057,0.0,0.0,-0.305,95.0,0,0,0.0,0.0,20.0,0.0,-20.0,-20.0,-20.0,0.0
76.69479203224182,0.0,0.0,-0.305,95.0,0,0,0.0,0.0,20.0,0.0,-20.0,-20.0,-20.0,0.0
76.77378273010254,0.0,0.0,-0.305,95.0,0,0,0.0,0.0,20.0,0.0,-20.0,-20.0,-20.0,0.0
76.87878084182739,0.0,0.0,-0.305,95.0,0,0,0.0,0.0,20.0,0.0,-20.0,-20.0,-20.0,0.0
76.95778226852417,0.0,0.0,-0.305,95.0,0,0,0.0,0.0,20.0,0.0,-20.0,-20.0,-20.0,0.0
77.03278112411499,0.0,0.0,-0.305,95.0,0,0,0.0,0.0,20.0,0.0,-20.0,-20.0,-20.0,0.0
77.10778069496155,0.0,0.0,-0.305,95.0,0,0,0.0,0.0,20.0,0.0,-20.0,-20.0,-20.0,0.0
77.18678188323975,0.0,0.0,-0.305,95.0,0,0,0.0,0.0,20.0,0.0,-20.0,-20.0,-20.0,0.0
77.26378417015076,0.0,0.0,-0.305,95.0,0,0,0.0,0.0,20.0,0.0,-20.0,-20.0,-20.0,0.0
77.34378004074097,0.0,0.0,-0.305,95.0,0,0,0.0,0.0,20.0,0.0,-20.0,-20.0,-20.0,0.0
77.4197850227356,0.0,0.0,-0.305,95.0,0,0,0.0,0.0,20.0,0.0,-20.0,-20.0,-20.0,0.0
77.49778127670288,0.0,0.0,-0.305,95.0,0,0,0.0,0.0,20.0,0.0,-20.0,-20.0,-20.0,0.0
77.57678556442261,0.0,0.0,-0.305,95.0,0,0,0.0,0.0,20.0,0.0,-20.0,-20.0,-20.0,0.0
77.65678191184998,0.0,0.0,-0.305,95.0,0,0,0.0,0.0,20.0,0.0,-20.0,-20.0,-20.0,0.0
77.73378467559814,0.0,0.0,-0.305,95.0,0,0,0.0,0.0,20.0,0.0,-20.0,-20.0,-20.0,0.0
77.81278395652771,0.0,0.0,-0.305,95.0,0,0,0.0,0.0,20.0,0.0,-20.0,-20.0,-20.0,0.0
77.91278028488159,0.0,0.0,-0.305,95.0,0,0,0.0,0.0,20.0,0.0,-20.0,-20.0,-20.0,0.0
78.00078415870667,0.0,0.0,-0.305,95.0,0,0,0.0,0.0,20.0,0.0,-20.0,-20.0,-20.0,0.0
78.07878065109253,0.0,0.0,-0.305,95.0,0,0,0.0,0.0,20.0,0.0,-20.0,-20.0,-20.0,0.0
78.15481185913086,0.0,0.0,-0.305,95.0,0,0,0.0,0.0,20.0,0.0,-20.0,-20.0,-20.0,0.0
78.23077940940857,0.0,0.0,-0.305,95.0,0,0,0.0,0.0,20.0,0.0,-20.0,-20.0,-20.0,0.0
78.30878853797913,0.0,0.0,-0.305,95.0,0,0,0.0,0.0,20.0,0.0,-20.0,-20.0,-20.0,0.0
78.38677930831909,0.0,0.0,-0.305,95.0,0,0,0.0,0.0,20.0,0.0,-20.0,-20.0,-20.0,0.0
78.46478748321533,0.0,0.0,-0.305,95.0,0,0,0.0,0.0,20.0,0.0,-20.0,-20.0,-20.0,0.0
78.54378199577332,0.0,0.0,-0.305,95.0,0,0,0.0,0.0,20.0,0.0,-20.0,-20.0,-20.0,0.0
78.62078166007996,0.0,0.0,-0.305,95.0,0,0,0.0,0.0,20.0,0.0,-20.0,-20.0,-20.0,0.0
78.6997902393341,0.0,0.0,-0.305,95.0,0,0,0.0,0.0,20.0,0.0,-20.0,-20.0,-20.0,0.0
78.77778244018555,0.0,0.0,-0.305,95.0,0,0,0.0,0.0,20.0,0.0,-20.0,-20.0,-20.0,0.0
78.8587863445282,0.0,0.0,-0.305,95.0,0,0,0.0,0.0,20.0,0.0,-20.0,-20.0,-20.0,0.0
78.93678426742554,0.0,0.0,-0.305,95.0,0,0,0.0,0.0,20.0,0.0,-20.0,-20.0,-20.0,0.0
79.05078530311584,0.0,0.0,-0.305,95.0,0,0,0.0,0.0,20.0,0.0,-20.0,-20.0,-20.0,0.0
79.12981033325195,0.0,0.0,-0.305,95.0,0,0,0.0,0.0,20.0,0.0,-20.0,-20.0,-20.0,0.0
79.20678091049194,0.0,0.0,-0.305,95.0,0,0,0.0,0.0,20.0,0.0,-20.0,-20.0,-20.0,0.0
79.28578281402588,0.0,0.0,-0.305,95.0,0,0,0.0,0.0,20.0,0.0,-20.0,-20.0,-20.0,0.0
79.36483526229858,0.0,0.0,-0.305,95.0,0,0,0.0,0.0,20.0,0.0,-20.0,-20.0,-20.0,0.0
79.44184136390686,0.0,0.0,-0.305,95.0,0,0,0.0,0.0,20.0,0.0,-20.0,-20.0,-20.0,0.0
79.5228362083435,0.0,0.0,-0.305,95.0,0,0,0.0,0.0,20.0,0.0,-20.0,-20.0,-20.0,0.0
79.60183238983154,0.0,0.0,-0.305,95.0,0,0,0.0,0.0,20.0,0.0,-20.0,-20.0,-20.0,0.0
79.67983365058899,0.0,0.0,-0.305,95.0,0,0,0.0,0.0,20.0,0.0,-20.0,-20.0,-20.0,0.0
79.75883960723877,0.0,0.0,-0.305,95.0,0,0,0.0,0.0,20.0,0.0,-20.0,-20.0,-20.0,0.0
79.83783316612244,0.0,0.0,-0.305,95.0,0,0,0.0,0.0,20.0,0.0,-20.0,-20.0,-20.0,0.0
79.91484427452087,0.0,0.0,-0.305,95.0,0,0,0.0,0.0,20.0,0.0,-20.0,-20.0,-20.0,0.0
79.99283480644226,0.0,0.0,-0.305,95.0,0,0,0.0,0.0,20.0,0.0,-20.0,-20.0,-20.0,0.0
80.06983494758606,0.0,0.0,-0.305,95.0,0,0,0.0,0.0,20.0,0.0,-20.0,-20.0,-20.0,0.0
80.17584180831909,0.0,0.0,-0.305,95.0,0,0,0.0,0.0,20.0,0.0,-20.0,-20.0,-20.0,0.0
80.253830909729,0.0,0.0,-0.305,95.0,0,0,0.0,0.0,20.0,0.0,-20.0,-20.0,-20.0,0.0
80.33083248138428,0.0,0.0,-0.305,95.0,0,0,0.0,0.0,20.0,0.0,-20.0,-20.0,-20.0,0.0
80.4088363647461,0.0,0.0,-0.305,95.0,0,0,0.0,0.0,20.0,0.0,-20.0,-20.0,-20.0,0.0
80.48484086990356,0.0,0.0,-0.305,95.0,0,0,0.0,0.0,20.0,0.0,-20.0,-20.0,-20.0,0.0
80.5598316192627,0.0,0.0,-0.305,95.0,0,0,0.0,0.0,20.0,0.0,-20.0,-20.0,-20.0,0.0
80.63683652877808,0.0,0.0,-0.305,95.0,0,0,0.0,0.0,20.0,0.0,-20.0,-20.0,-20.0,0.0
80.71483373641968,0.0,0.0,-0.305,95.0,0,0,0.0,0.0,20.0,0.0,-20.0,-20.0,-20.0,0.0
80.79085397720337,0.0,0.0,-0.305,95.0,0,0,0.0,0.0,20.0,0.0,-20.0,-20.0,-20.0,0.0
80.86985182762146,0.0,0.0,-0.305,95.0,0,0,0.0,0.0,20.0,0.0,-20.0,-20.0,-20.0,0.0
80.94483256340027,0.0,0.0,-0.305,95.0,0,0,0.0,0.0,20.0,0.0,-20.0,-20.0,-20.0,0.0
81.02383351325989,0.0,0.0,-0.305,95.0,0,0,0.0,0.0,20.0,0.0,-20.0,-20.0,-20.0,0.0
81.10284066200256,0.0,0.0,-0.305,95.0,0,0,0.0,0.0,20.0,0.0,-20.0,-20.0,-20.0,0.0
81.20383358001709,0.0,0.0,-0.305,95.0,0,0,0.0,0.0,20.0,0.0,-20.0,-20.0,-20.0,0.0
81.29493761062622,0.0,0.0,-0.305,95.0,0,0,0.0,0.0,20.0,0.0,-20.0,-20.0,-20.0,0.0
81.3704879283905,0.0,0.0,-0.305,95.0,0,0,0.0,0.0,20.0,0.0,-20.0,-20.0,-20.0,0.0
81.4485011100769,0.0,0.0,-0.305,95.0,0,0,0.0,0.0,20.0,0.0,-20.0,-20.0,-20.0,0.0
81.5244951248169,0.0,0.0,-0.305,95.0,0,0,0.0,0.0,20.0,0.0,-20.0,-20.0,-20.0,0.0
81.59948372840881,0.0,0.0,-0.305,95.0,0,0,0.0,0.0,20.0,0.0,-20.0,-20.0,-20.0,0.0
81.67648386955261,0.0,0.0,-0.305,95.0,0,0,0.0,0.0,20.0,0.0,-20.0,-20.0,-20.0,0.0
81.75348353385925,0.0,0.0,-0.305,95.0,0,0,0.0,0.0,20.0,0.0,-20.0,-20.0,-20.0,0.0
81.8314836025238,0.0,0.0,-0.305,95.0,0,0,0.0,0.0,20.0,0.0,-20.0,-20.0,-20.0,0.0
81.90848517417908,0.0,0.0,-0.305,95.0,0,0,0.0,0.0,20.0,0.0,-20.0,-20.0,-20.0,0.0
81.98748230934143,0.0,0.0,-0.305,95.0,0,0,0.0,0.0,20.0,0.0,-20.0,-20.0,-20.0,0.0
82.0644862651825,0.0,0.0,-0.305,95.0,0,0,0.0,0.0,20.0,0.0,-20.0,-20.0,-20.0,0.0
82.14048337936401,0.0,0.0,-0.305,95.0,0,0,0.0,0.0,20.0,0.0,-20.0,-20.0,-20.0,0.0
82.21948862075806,0.0,0.0,-0.305,95.0,0,0,0.0,0.0,20.0,0.0,-20.0,-20.0,-20.0,0.0
82.31801247596741,0.0,0.0,-0.305,95.0,0,0,0.0,0.0,20.0,0.0,-20.0,-20.0,-20.0,0.0
82.39501023292542,0.0,0.0,-0.305,95.0,0,0,0.0,0.0,20.0,0.0,-20.0,-20.0,-20.0,0.0
82.47201132774353,0.0,0.0,-0.305,95.0,0,0,0.0,0.0,20.0,0.0,-20.0,-20.0,-20.0,0.0
82.54901051521301,0.0,0.0,-0.305,95.0,0,0,0.0,0.0,20.0,0.0,-20.0,-20.0,-20.0,0.0
82.62801885604858,0.0,0.0,-0.305,95.0,0,0,0.0,0.0,20.0,0.0,-20.0,-20.0,-20.0,0.0
82.70701146125793,0.0,0.0,-0.305,95.0,0,0,0.0,0.0,20.0,0.0,-20.0,-20.0,-20.0,0.0
82.78501224517822,0.0,0.0,-0.305,95.0,0,0,0.0,0.0,20.0,0.0,-20.0,-20.0,-20.0,0.0
82.86401391029358,0.0,0.0,-0.305,95.0,0,0,0.0,0.0,20.0,0.0,-20.0,-20.0,-20.0,0.0
82.94101119041443,0.0,0.0,-0.305,95.0,0,0,0.0,0.0,20.0,0.0,-20.0,-20.0,-20.0,0.0
83.01701140403748,0.0,0.0,-0.305,95.0,0,0,0.0,0.0,20.0,0.0,-20.0,-20.0,-20.0,0.0
83.09400987625122,0.0,0.0,-0.305,95.0,0,0,0.0,0.0,20.0,0.0,-20.0,-20.0,-20.0,0.0
83.16901063919067,0.0,0.0,-0.305,95.0,0,0,0.0,0.0,20.0,0.0,-20.0,-20.0,-20.0,0.0
83.24600887298584,0.0,0.0,-0.305,95.0,0,0,0.0,0.0,20.0,0.0,-20.0,-20.0,-20.0,0.0
83.32401823997498,0.0,0.0,-0.305,95.0,0,0,0.0,0.0,20.0,0.0,-20.0,-20.0,-20.0,0.0
83.42300868034363,0.0,0.0,-0.305,95.0,0,0,0.0,0.0,20.0,0.0,-20.0,-20.0,-20.0,0.0
83.50001215934753,0.0,0.0,-0.305,95.0,0,0,0.0,0.0,20.0,0.0,-20.0,-20.0,-20.0,0.0
83.57905435562134,0.0,0.0,-0.305,95.0,0,0,0.0,0.0,20.0,0.0,-20.0,-20.0,-20.0,0.0
83.65705919265747,0.0,0.0,-0.305,95.0,0,0,0.0,0.0,20.0,0.0,-20.0,-20.0,-20.0,0.0
83.7350549697876,0.0,0.0,-0.305,95.0,0,0,0.0,0.0,20.0,0.0,-20.0,-20.0,-20.0,0.0
83.81405782699585,0.0,0.0,-0.305,95.0,0,0,0.0,0.0,20.0,0.0,-20.0,-20.0,-20.0,0.0
83.89305830001831,0.0,0.0,-0.305,95.0,0,0,0.0,0.0,20.0,0.0,-20.0,-20.0,-20.0,0.0
83.97207069396973,0.0,0.0,-0.305,95.0,0,0,0.0,0.0,20.0,0.0,-20.0,-20.0,-20.0,0.0
84.04857063293457,0.0,0.0,-0.305,95.0,0,0,0.0,0.0,20.0,0.0,-20.0,-20.0,-20.0,0.0
84.12768006324768,0.0,0.0,-0.305,95.0,0,0,0.0,0.0,20.0,0.0,-20.0,-20.0,-20.0,0.0
84.20468354225159,0.0,0.0,-0.305,95.0,0,0,0.0,0.0,20.0,0.0,-20.0,-20.0,-20.0,0.0
84.28167867660522,0.0,0.0,-0.305,95.0,0,0,0.0,0.0,20.0,0.0,-20.0,-20.0,-20.0,0.0
84.35967755317688,0.0,0.0,-0.305,95.0,0,0,0.0,0.0,20.0,0.0,-20.0,-20.0,-20.0,0.0
84.43868446350098,0.0,0.0,-0.305,95.0,0,0,0.0,0.0,20.0,0.0,-20.0,-20.0,-20.0,0.0
84.54932236671448,0.0,0.0,-0.305,95.0,0,0,0.0,0.0,20.0,0.0,-20.0,-20.0,-20.0,0.0
84.63032627105713,0.0,0.0,-0.305,95.0,0,0,0.0,0.0,20.0,0.0,-20.0,-20.0,-20.0,0.0
84.70831727981567,0.0,0.0,-0.305,95.0,0,0,0.0,0.0,20.0,0.0,-20.0,-20.0,-20.0,0.0
84.78733611106873,0.0,0.0,-0.305,95.0,0,0,0.0,0.0,20.0,0.0,-20.0,-20.0,-20.0,0.0
84.86533451080322,0.0,0.0,-0.305,95.0,0,0,0.0,0.0,20.0,0.0,-20.0,-20.0,-20.0,0.0
84.94383192062378,0.0,0.0,-0.305,95.0,0,0,0.0,0.0,20.0,0.0,-20.0,-20.0,-20.0,0.0
85.02183556556702,0.0,0.0,-0.305,95.0,0,0,0.0,0.0,20.0,0.0,-20.0,-20.0,-20.0,0.0
85.10191869735718,0.0,0.0,-0.305,95.0,0,0,0.0,0.0,20.0,0.0,-20.0,-20.0,-20.0,0.0
85.17799472808838,0.0,0.0,-0.305,95.0,0,0,0.0,0.0,20.0,0.0,-20.0,-20.0,-20.0,0.0
85.25599431991577,0.0,0.0,-0.305,95.0,0,0,0.0,0.0,20.0,0.0,-20.0,-20.0,-20.0,0.0
85.33500576019287,0.0,0.0,-0.305,95.0,0,0,0.0,0.0,20.0,0.0,-20.0,-20.0,-20.0,0.0
85.4135103225708,0.0,0.0,-0.305,95.0,0,0,0.0,0.0,20.0,0.0,-20.0,-20.0,-20.0,0.0
85.49152302742004,0.0,0.0,-0.305,95.0,0,0,0.0,0.0,20.0,0.0,-20.0,-20.0,-20.0,0.0
85.57150626182556,0.0,0.0,-0.305,95.0,0,0,0.0,0.0,20.0,0.0,-20.0,-20.0,-20.0,0.0
85.67702054977417,0.0,0.0,-0.305,95.0,0,0,0.0,0.0,20.0,0.0,-20.0,-20.0,-20.0,0.0
85.75802803039551,0.0,0.0,-0.305,95.0,0,0,0.0,0.0,20.0,0.0,-20.0,-20.0,-20.0,0.0
85.83656978607178,0.0,0.0,-0.305,95.0,0,0,0.0,0.0,20.0,0.0,-20.0,-20.0,-20.0,0.0
85.9141047000885,0.0,0.0,-0.305,95.0,0,0,0.0,0.0,20.0,0.0,-20.0,-20.0,-20.0,0.0
85.99311518669128,0.0,0.0,-0.305,95.0,0,0,0.0,0.0,20.0,0.0,-20.0,-20.0,-20.0,0.0
86.07210659980774,0.0,0.0,-0.305,95.0,0,0,0.0,0.0,20.0,0.0,-20.0,-20.0,-20.0,0.0
86.15112280845642,0.0,0.0,-0.305,95.0,0,0,0.0,0.0,20.0,0.0,-20.0,-20.0,-20.0,0.0
86.23018717765808,0.0,0.0,-0.305,95.0,0,0,0.0,0.0,20.0,0.0,-20.0,-20.0,-20.0,0.0
86.30670666694641,0.0,0.0,-0.305,95.0,0,0,0.0,0.0,20.0,0.0,-20.0,-20.0,-20.0,0.0
86.38471055030823,0.0,0.0,-0.305,95.0,0,0,0.0,0.0,20.0,0.0,-20.0,-20.0,-20.0,0.0
86.4617075920105,0.0,0.0,-0.305,95.0,0,0,0.0,0.0,20.0,0.0,-20.0,-20.0,-20.0,0.0
86.53872323036194,0.0,0.0,-0.305,95.0,0,0,0.0,0.0,20.0,0.0,-20.0,-20.0,-20.0,0.0
86.61770915985107,0.0,0.0,-0.305,95.0,0,0,0.0,0.0,20.0,0.0,-20.0,-20.0,-20.0,0.0
86.71871900558472,0.0,0.0,-0.305,95.0,0,0,0.0,0.0,20.0,0.0,-20.0,-20.0,-20.0,0.0
86.80870819091797,0.0,0.0,-0.305,95.0,0,0,0.0,0.0,20.0,0.0,-20.0,-20.0,-20.0,0.0
86.88871383666992,0.0,0.0,-0.305,95.0,0,0,0.0,0.0,20.0,0.0,-20.0,-20.0,-20.0,0.0
86.96571683883667,0.0,0.0,-0.305,95.0,0,0,0.0,0.0,20.0,0.0,-20.0,-20.0,-20.0,0.0
87.04171323776245,0.0,0.0,-0.305,95.0,0,0,0.0,0.0,20.0,0.0,-20.0,-20.0,-20.0,0.0
87.12271046638489,0.0,0.0,-0.305,95.0,0,0,0.0,0.0,20.0,0.0,-20.0,-20.0,-20.0,0.0
87.19771671295166,0.0,0.0,-0.305,95.0,0,0,0.0,0.0,20.0,0.0,-20.0,-20.0,-20.0,0.0
87.27470874786377,0.0,0.0,-0.305,95.0,0,0,0.0,0.0,20.0,0.0,-20.0,-20.0,-20.0,0.0
87.35471057891846,0.0,0.0,-0.305,95.0,0,0,0.0,0.0,20.0,0.0,-20.0,-20.0,-20.0,0.0
87.4327118396759,0.0,0.0,-0.305,95.0,0,0,0.0,0.0,20.0,0.0,-20.0,-20.0,-20.0,0.0
87.51070785522461,0.0,0.0,-0.305,95.0,0,0,0.0,0.0,20.0,0.0,-20.0,-20.0,-20.0,0.0
87.58772993087769,0.0,0.0,-0.305,95.0,0,0,0.0,0.0,20.0,0.0,-20.0,-20.0,-20.0,0.0
87.66570949554443,0.0,0.0,-0.305,95.0,0,0,0.0,0.0,20.0,0.0,-20.0,-20.0,-20.0,0.0
87.74573040008545,0.0,0.0,-0.305,95.0,0,0,0.0,0.0,20.0,0.0,-20.0,-20.0,-20.0,0.0
87.85770988464355,0.0,0.0,-0.305,95.0,0,0,0.0,0.0,20.0,0.0,-20.0,-20.0,-20.0,0.0
87.93770980834961,0.0,0.0,-0.305,95.0,0,0,0.0,0.0,20.0,0.0,-20.0,-20.0,-20.0,0.0
88.01671075820923,0.0,0.0,-0.305,95.0,0,0,0.0,0.0,20.0,0.0,-20.0,-20.0,-20.0,0.0
88.0957100391388,0.0,0.0,-0.305,95.0,0,0,0.0,0.0,20.0,0.0,-20.0,-20.0,-20.0,0.0
88.17270851135254,0.0,0.0,-0.305,95.0,0,0,0.0,0.0,20.0,0.0,-20.0,-20.0,-20.0,0.0
88.25271105766296,0.0,0.0,-0.305,95.0,0,0,0.0,0.0,20.0,0.0,-20.0,-20.0,-20.0,0.0
88.3307101726532,0.0,0.0,-0.305,95.0,0,0,0.0,0.0,20.0,0.0,-20.0,-20.0,-20.0,0.0
88.40770745277405,0.0,0.0,-0.305,95.0,0,0,0.0,0.0,20.0,0.0,-20.0,-20.0,-20.0,0.0
88.4877097606659,0.0,0.0,-0.305,95.0,0,0,0.0,0.0,20.0,0.0,-20.0,-20.0,-20.0,0.0
88.5662488937378,0.0,0.0,-0.305,95.0,0,0,0.0,0.0,20.0,0.0,-20.0,-20.0,-20.0,0.0
88.6452567577362,0.0,0.0,-0.305,95.0,0,0,0.0,0.0,20.0,0.0,-20.0,-20.0,-20.0,0.0
88.7233030796051,0.0,0.0,-0.305,95.0,0,0,0.0,0.0,20.0,0.0,-20.0,-20.0,-20.0,0.0
88.80130791664124,0.0,0.0,-0.305,95.0,0,0,0.0,0.0,20.0,0.0,-20.0,-20.0,-20.0,0.0
88.87930417060852,0.0,0.0,-0.305,95.0,0,0,0.0,0.0,20.0,0.0,-20.0,-20.0,-20.0,0.0
88.98583054542542,0.0,0.0,-0.305,95.0,0,0,0.0,0.0,20.0,0.0,-20.0,-20.0,-20.0,0.0
89.06383204460144,0.0,0.0,-0.305,95.0,0,0,0.0,0.0,20.0,0.0,-20.0,-20.0,-20.0,0.0
89.14338088035583,0.0,0.0,-0.305,95.0,0,0,0.0,0.0,20.0,0.0,-20.0,-20.0,-20.0,0.0
89.21894001960754,0.0,0.0,-0.305,95.0,0,0,0.0,0.0,20.0,0.0,-20.0,-20.0,-20.0,0.0
89.29592990875244,0.0,0.0,-0.305,95.0,0,0,0.0,0.0,20.0,0.0,-20.0,-20.0,-20.0,0.0
89.37192964553833,0.0,0.0,-0.305,95.0,0,0,0.0,0.0,20.0,0.0,-20.0,-20.0,-20.0,0.0
89.44799447059631,0.0,0.0,-0.305,95.0,0,0,0.0,0.0,20.0,0.0,-20.0,-20.0,-20.0,0.0
89.52598929405212,0.0,0.0,-0.305,95.0,0,0,0.0,0.0,20.0,0.0,-20.0,-20.0,-20.0,0.0
89.60499048233032,0.0,0.0,-0.305,95.0,0,0,0.0,0.0,20.0,0.0,-20.0,-20.0,-20.0,0.0
89.68299341201782,0.0,0.0,-0.305,95.0,0,0,0.0,0.0,20.0,0.0,-20.0,-20.0,-20.0,0.0
89.76199507713318,0.0,0.0,-0.305,95.0,0,0,0.0,0.0,20.0,0.0,-20.0,-20.0,-20.0,0.0
89.83798933029175,0.0,0.0,-0.305,95.0,0,0,0.0,0.0,20.0,0.0,-20.0,-20.0,-20.0,0.0
89.91599678993225,0.0,0.0,-0.305,95.0,0,0,0.0,0.0,20.0,0.0,-20.0,-20.0,-20.0,0.0
90.01298809051514,0.0,0.0,-0.305,95.0,0,0,0.0,0.0,20.0,0.0,-20.0,-20.0,-20.0,0.0
90.09998726844788,0.0,0.0,-0.305,95.0,0,0,0.0,0.0,20.0,0.0,-20.0,-20.0,-20.0,0.0
90.17398500442505,0.0,0.0,-0.305,95.0,0,0,0.0,0.0,20.0,0.0,-20.0,-20.0,-20.0,0.0
90.2539873123169,0.0,0.0,-0.305,95.0,0,0,0.0,0.0,20.0,0.0,-20.0,-20.0,-20.0,0.0
90.33298516273499,0.0,0.0,-0.305,95.0,0,0,0.0,0.0,20.0,0.0,-20.0,-20.0,-20.0,0.0
90.41099739074707,0.0,0.0,-0.305,95.0,0,0,0.0,0.0,20.0,0.0,-20.0,-20.0,-20.0,0.0
90.48799705505371,0.0,0.0,-0.305,95.0,0,0,0.0,0.0,20.0,0.0,-20.0,-20.0,-20.0,0.0
90.5659909248352,0.0,0.0,-0.305,95.0,0,0,0.0,0.0,20.0,0.0,-20.0,-20.0,-20.0,0.0
90.64401626586914,0.0,0.0,-0.305,95.0,0,0,0.0,0.0,20.0,0.0,-20.0,-20.0,-20.0,0.0
90.722989320755,0.0,0.0,-0.305,95.0,0,0,0.0,0.0,20.0,0.0,-20.0,-20.0,-20.0,0.0
90.80098843574524,0.0,0.0,-0.305,95.0,0,0,0.0,0.0,20.0,0.0,-20.0,-20.0,-20.0,0.0
90.87899041175842,0.0,0.0,-0.305,95.0,0,0,0.0,0.0,20.0,0.0,-20.0,-20.0,-20.0,0.0
90.95798707008362,0.0,0.0,-0.305,95.0,0,0,0.0,0.0,20.0,0.0,-20.0,-20.0,-20.0,0.0
91.03698778152466,0.0,0.0,-0.305,95.0,0,0,0.0,0.0,20.0,0.0,-20.0,-20.0,-20.0,0.0
91.14899587631226,0.0,0.0,-0.305,95.0,0,0,0.0,0.0,20.0,0.0,-20.0,-20.0,-20.0,0.0
91.22698760032654,0.0,0.0,-0.305,95.0,0,0,0.0,0.0,20.0,0.0,-20.0,-20.0,-20.0,0.0
91.30600237846375,0.0,0.0,-0.305,95.0,0,0,0.0,0.0,20.0,0.0,-20.0,-20.0,-20.0,0.0
91.38498854637146,0.0,0.0,-0.305,95.0,0,0,0.0,0.0,20.0,0.0,-20.0,-20.0,-20.0,0.0
91.46399736404419,0.0,0.0,-0.305,95.0,0,0,0.0,0.0,20.0,0.0,-20.0,-20.0,-20.0,0.0
91.54099369049072,0.0,0.0,-0.305,95.0,0,0,0.0,0.0,20.0,0.0,-20.0,-20.0,-20.0,0.0
91.61999297142029,0.0,0.0,-0.305,95.0,0,0,0.0,0.0,20.0,0.0,-20.0,-20.0,-20.0,0.0
91.6989860534668,0.0,0.0,-0.305,95.0,0,0,0.0,0.0,20.0,0.0,-20.0,-20.0,-20.0,0.0
91.77798676490784,0.0,0.0,-0.305,95.0,0,0,0.0,0.0,20.0,0.0,-20.0,-20.0,-20.0,0.0
91.85798573493958,0.0,0.0,-0.305,95.0,0,0,0.0,0.0,20.0,0.0,-20.0,-20.0,-20.0,0.0
91.93498682975769,0.0,0.0,-0.305,95.0,0,0,0.0,0.0,20.0,0.0,-20.0,-20.0,-20.0,0.0
92.01298999786377,0.0,0.0,-0.305,95.0,0,0,0.0,0.0,20.0,0.0,-20.0,-20.0,-20.0,0.0
92.09199142456055,0.0,0.0,-0.305,95.0,0,0,0.0,0.0,20.0,0.0,-20.0,-20.0,-20.0,0.0
92.16998648643494,0.0,0.0,-0.305,95.0,0,0,0.0,0.0,20.0,0.0,-20.0,-20.0,-20.0,0.0
92.27799153327942,0.0,0.0,-0.305,95.0,0,0,0.0,0.0,20.0,0.0,-20.0,-20.0,-20.0,0.0
92.35399508476257,0.0,0.0,-0.305,95.0,0,0,0.0,0.0,20.0,0.0,-20.0,-20.0,-20.0,0.0
92.43198919296265,0.0,0.0,-0.305,95.0,0,0,0.0,0.0,20.0,0.0,-20.0,-20.0,-20.0,0.0
92.51100730895996,0.0,0.0,-0.305,95.0,0,0,0.0,0.0,20.0,0.0,-20.0,-20.0,-20.0,0.0
92.58998656272888,0.0,0.0,-0.305,95.0,0,0,0.0,0.0,20.0,0.0,-20.0,-20.0,-20.0,0.0
92.66699171066284,0.0,0.0,-0.305,95.0,0,0,0.0,0.0,20.0,0.0,-20.0,-20.0,-20.0,0.0
92.74699807167053,0.0,0.0,-0.305,95.0,0,0,0.0,0.0,20.0,0.0,-20.0,-20.0,-20.0,0.0
92.82399225234985,0.0,0.0,-0.305,95.0,0,0,0.0,0.0,20.0,0.0,-20.0,-20.0,-20.0,0.0
92.90400242805481,0.0,0.0,-0.305,95.0,0,0,0.0,0.0,20.0,0.0,-20.0,-20.0,-20.0,0.0
92.9819884300232,0.0,0.0,-0.305,95.0,0,0,0.0,0.0,20.0,0.0,-20.0,-20.0,-20.0,0.0
93.059987783432,0.0,0.0,-0.305,95.0,0,0,0.0,0.0,20.0,0.0,-20.0,-20.0,-20.0,0.0
93.1390118598938,0.0,0.0,-0.305,95.0,0,0,0.0,0.0,20.0,0.0,-20.0,-20.0,-20.0,0.0
93.21798777580261,0.0,0.0,-0.305,95.0,0,0,0.0,0.0,20.0,0.0,-20.0,-20.0,-20.0,0.0
93.3149905204773,0.0,0.0,-0.305,95.0,0,0,0.0,0.0,20.0,0.0,-20.0,-20.0,-20.0,0.0
93.40498900413513,0.0,0.0,-0.305,95.0,0,0,0.0,0.0,20.0,0.0,-20.0,-20.0,-20.0,0.0
93.48298907279968,0.0,0.0,-0.305,95.0,0,0,0.0,0.0,20.0,0.0,-20.0,-20.0,-20.0,0.0
93.55798768997192,0.0,0.0,-0.305,95.0,0,0,0.0,0.0,20.0,0.0,-20.0,-20.0,-20.0,0.0
93.6379907131195,0.0,0.0,-0.305,95.0,0,0,0.0,0.0,20.0,0.0,-20.0,-20.0,-20.0,0.0
93.71598744392395,0.0,0.0,-0.305,95.0,0,0,0.0,0.0,20.0,0.0,-20.0,-20.0,-20.0,0.0
93.7949891090393,0.0,0.0,-0.305,95.0,0,0,0.0,0.0,20.0,0.0,-20.0,-20.0,-20.0,0.0
93.87751245498657,0.0,0.0,-0.305,95.0,0,0,0.0,0.0,20.0,0.0,-20.0,-20.0,-20.0,0.0
93.95650577545166,0.0,0.0,-0.305,95.0,0,0,0.0,0.0,20.0,0.0,-20.0,-20.0,-20.0,0.0
94.0335123538971,0.0,0.0,-0.305,95.0,0,0,0.0,0.0,20.0,0.0,-20.0,-20.0,-20.0,0.0
94.11150550842285,0.0,0.0,-0.305,95.0,0,0,0.0,0.0,20.0,0.0,-20.0,-20.0,-20.0,0.0
94.1895079612732,0.0,0.0,-0.305,95.0,0,0,0.0,0.0,20.0,0.0,-20.0,-20.0,-20.0,0.0
94.26850724220276,0.0,0.0,-0.305,95.0,0,0,0.0,0.0,20.0,0.0,-20.0,-20.0,-20.0,0.0
94.34605526924133,0.0,0.0,-0.305,95.0,0,0,0.0,0.0,20.0,0.0,-20.0,-20.0,-20.0,0.0
94.45406222343445,0.0,0.0,-0.305,95.0,0,0,0.0,0.0,20.0,0.0,-20.0,-20.0,-20.0,0.0
94.53205513954163,0.0,0.0,-0.305,95.0,0,0,0.0,0.0,20.0,0.0,-20.0,-20.0,-20.0,0.0
94.6100549697876,0.0,0.0,-0.305,95.0,0,0,0.0,0.0,20.0,0.0,-20.0,-20.0,-20.0,0.0
94.68705749511719,0.0,0.0,-0.305,95.0,0,0,0.0,0.0,20.0,0.0,-20.0,-20.0,-20.0,0.0
94.76658320426941,0.0,0.0,-0.305,95.0,0,0,0.0,0.0,20.0,0.0,-20.0,-20.0,-20.0,0.0
94.84657621383667,0.0,0.0,-0.305,95.0,0,0,0.0,0.0,20.0,0.0,-20.0,-20.0,-20.0,0.0
94.92357993125916,0.0,0.0,-0.305,95.0,0,0,0.0,0.0,20.0,0.0,-20.0,-20.0,-20.0,0.0
95.0035810470581,0.0,0.0,-0.305,95.0,0,0,0.0,0.0,20.0,0.0,-20.0,-20.0,-20.0,0.0
95.0805995464325,0.0,0.0,-0.305,95.0,0,0,0.0,0.0,20.0,0.0,-20.0,-20.0,-20.0,0.0
95.15858817100525,0.0,0.0,-0.305,95.0,0,0,0.0,0.0,20.0,0.0,-20.0,-20.0,-20.0,0.0
95.23757910728455,0.0,0.0,-0.305,95.0,0,0,0.0,0.0,20.0,0.0,-20.0,-20.0,-20.0,0.0