Current Date: Thu 08 Sep 2022 22:06:19
Object Position (x,y,z)(m): 0,0,-0.305
Target Position (x,y,z)(m): 0.15,0.15,-0.31
Time,x (m),y (m),z (m),grasp angle (deg),force,Buffer Length,Move to Pre Grasp,Move to grasp,grasp,lift after grasp,move to pre release,move to release,release,lift after release
0.16896533966064453,0.0,0.0,0.0,66.35211181640625,0,0,20.0,0.0,0.0,-20.0,0.0,-20.0,-20.0,0.0
0.26796507835388184,0.0,0.0,-0.0008424999999999727,66.35211181640625,0,1,20.0,0.0,0.0,-20.0,0.0,-20.0,-20.0,0.0
0.36396121978759766,0.0,0.0,-0.002607500000000016,66.35211181640625,0,2,20.0,0.0,0.0,-20.0,0.0,-20.0,-20.0,0.0
0.46396803855895996,0.0,0.0,-0.005269999999999982,66.35211181640625,0,3,20.0,0.0,0.0,-20.0,0.0,-20.0,-20.0,0.0
0.5619690418243408,0.0,0.0,-0.008470000000000028,66.35211181640625,0,4,20.0,0.0,0.0,-20.0,0.0,-20.0,-20.0,0.0
0.6599602699279785,0.0,0.0,-0.010642499999999984,66.35211181640625,0,5,20.0,0.0,0.0,-20.0,0.0,-20.0,-20.0,0.0
0.7569611072540283,0.0,0.0,-0.011892499999999985,66.35211181640625,0,6,20.0,0.0,0.0,-20.0,0.0,-20.0,-20.0,0.0
0.8539621829986572,0.0,0.0,-0.01229000000000002,66.35211181640625,0,6,20.0,0.0,0.0,-20.0,0.0,-20.0,-20.0,0.0
0.9509637355804443,0.0,0.0,-0.013199999999999988,66.35211181640625,0,7,20.0,0.0,0.0,-20.0,0.0,-20.0,-20.0,0.0
1.0329759120941162,0.0,0.0,-0.015047500000000014,66.35211181640625,0,8,20.0,0.0,0.0,-20.0,0.0,-20.0,-20.0,0.0
1.1809651851654053,0.0,0.0,-0.018220000000000028,66.35211181640625,0,9,20.0,0.0,0.0,-20.0,0.0,-20.0,-20.0,0.0
1.2605195045471191,0.0,0.0,-0.022714999999999975,66.35211181640625,0,10,20.0,0.0,0.0,-20.0,0.0,-20.0,-20.0,0.0
1.360518455505371,0.0,0.0,-0.025214999999999974,66.35211181640625,0,9,20.0,0.0,0.0,-20.0,0.0,-20.0,-20.0,0.0
1.434518814086914,0.0,0.0,-0.028694999999999995,66.35211181640625,0,10,20.0,0.0,0.0,-20.0,0.0,-20.0,-20.0,0.0
1.5155222415924072,0.0,0.0,-0.031505,66.35211181640625,0,10,20.0,0.0,0.0,-20.0,0.0,-20.0,-20.0,0.0
1.58951735496521,0.0,0.0,-0.034129999999999994,66.35211181640625,0,10,20.0,0.0,0.0,-20.0,0.0,-20.0,-20.0,0.0
1.689518928527832,0.0,0.0,-0.03669999999999999,66.35211181640625,0,9,20.0,0.0,0.0,-20.0,0.0,-20.0,-20.0,0.0
1.7605173587799072,0.0,0.0,-0.040185000000000005,66.35211181640625,0,10,20.0,0.0,0.0,-20.0,0.0,-20.0,-20.0,0.0
1.8345229625701904,0.0,0.0,-0.04266500000000002,66.35211181640625,0,10,20.0,0.0,0.0,-20.0,0.0,-20.0,-20.0,0.0
1.9065172672271729,0.0,0.0,-0.045255,66.35211181640625,0,10,20.0,0.0,0.0,-20.0,0.0,-20.0,-20.0,0.0
2.004528760910034,0.0,0.0,-0.047745,66.35211181640625,0,9,20.0,0.0,0.0,-20.0,0.0,-20.0,-20.0,0.0
2.0795249938964844,0.0,0.0,-0.05118000000000001,66.35211181640625,0,10,20.0,0.0,0.0,-20.0,0.0,-20.0,-20.0,0.0
2.1515252590179443,0.0,0.0,-0.053774999999999976,66.35211181640625,0,10,20.0,0.0,0.0,-20.0,0.0,-20.0,-20.0,0.0
2.224515438079834,0.0,0.0,-0.05630000000000001,66.35211181640625,0,10,20.0,0.0,0.0,-20.0,0.0,-20.0,-20.0,0.0
2.354518413543701,0.0,0.0,-0.059090000000000004,66.35211181640625,0,9,20.0,0.0,0.0,-20.0,0.0,-20.0,-20.0,0.0
2.4365391731262207,0.0,0.0,-0.063585,66.35211181640625,0,10,20.0,0.0,0.0,-20.0,0.0,-20.0,-20.0,0.0
2.510530710220337,0.0,0.0,-0.06622,66.35211181640625,0,10,20.0,0.0,0.0,-20.0,0.0,-20.0,-20.0,0.0
2.606516122817993,0.0,0.0,-0.06878999999999999,66.35211181640625,0,9,20.0,0.0,0.0,-20.0,0.0,-20.0,-20.0,0.0
2.697523355484009,0.0,0.0,-0.07216,66.35211181640625,0,10,20.0,0.0,0.0,-20.0,0.0,-20.0,-20.0,0.0
2.770533561706543,0.0,0.0,-0.075315,66.35211181640625,0,10,20.0,0.0,0.0,-20.0,0.0,-20.0,-20.0,0.0
2.8675172328948975,0.0,0.0,-0.07786000000000001,66.35211181640625,0,9,20.0,0.0,0.0,-20.0,0.0,-20.0,-20.0,0.0
2.9385182857513428,0.0,0.0,-0.08121,66.35211181640625,0,10,20.0,0.0,0.0,-20.0,0.0,-20.0,-20.0,0.0
3.014521360397339,0.0,0.0,-0.08372999999999998,66.35211181640625,0,10,20.0,0.0,0.0,-20.0,0.0,-20.0,-20.0,0.0
3.1135177612304688,0.0,0.0,-0.08633500000000001,66.35211181640625,0,9,20.0,0.0,0.0,-20.0,0.0,-20.0,-20.0,0.0
3.1865179538726807,0.0,0.0,-0.08979,66.35211181640625,0,10,20.0,0.0,0.0,-20.0,0.0,-20.0,-20.0,0.0
3.2585160732269287,0.0,0.0,-0.09232,66.35211181640625,0,10,20.0,0.0,0.0,-20.0,0.0,-20.0,-20.0,0.0
3.3545169830322266,0.0,0.0,-0.09483000000000001,66.35211181640625,0,9,20.0,0.0,0.0,-20.0,0.0,-20.0,-20.0,0.0
3.4385201930999756,0.0,0.0,-0.09822499999999999,66.35211181640625,0,10,20.0,0.0,0.0,-20.0,0.0,-20.0,-20.0,0.0
3.5325217247009277,0.0,0.0,-0.10141,66.35211181640625,0,10,20.0,0.0,0.0,-20.0,0.0,-20.0,-20.0,0.0
3.6275200843811035,0.0,0.0,-0.10441999999999999,66.35211181640625,0,9,20.0,0.0,0.0,-20.0,0.0,-20.0,-20.0,0.0
3.700528383255005,0.0,0.0,-0.10770500000000001,66.35211181640625,0,10,20.0,0.0,0.0,-20.0,0.0,-20.0,-20.0,0.0
3.7735161781311035,0.0,0.0,-0.11026499999999999,66.35211181640625,0,10,20.0,0.0,0.0,-20.0,0.0,-20.0,-20.0,0.0
3.872523784637451,0.0,0.0,-0.11281000000000001,66.35211181640625,0,9,20.0,0.0,0.0,-20.0,0.0,-20.0,-20.0,0.0
3.9445183277130127,0.0,0.0,-0.116225,66.35211181640625,0,10,20.0,0.0,0.0,-20.0,0.0,-20.0,-20.0,0.0
4.015522480010986,0.0,0.0,-0.11873500000000001,66.35211181640625,0,10,20.0,0.0,0.0,-20.0,0.0,-20.0,-20.0,0.0
4.087517023086548,0.0,0.0,-0.121225,66.35211181640625,0,10,20.0,0.0,0.0,-20.0,0.0,-20.0,-20.0,0.0
4.159515857696533,0.0,0.0,-0.12375499999999999,66.35211181640625,0,10,20.0,0.0,0.0,-20.0,0.0,-20.0,-20.0,0.0
4.256516218185425,0.0,0.0,-0.12627000000000002,66.35211181640625,0,9,20.0,0.0,0.0,-20.0,0.0,-20.0,-20.0,0.0
4.328519821166992,0.0,0.0,-0.129615,66.35211181640625,0,10,20.0,0.0,0.0,-20.0,0.0,-20.0,-20.0,0.0
4.401535511016846,0.0,0.0,-0.132165,66.35211181640625,0,10,20.0,0.0,0.0,-20.0,0.0,-20.0,-20.0,0.0
4.472514390945435,0.0,0.0,-0.134685,66.35211181640625,0,10,20.0,0.0,0.0,-20.0,0.0,-20.0,-20.0,0.0
4.541517019271851,0.0,0.0,-0.13716,66.35211181640625,0,10,20.0,0.0,0.0,-20.0,0.0,-20.0,-20.0,0.0
4.622516870498657,0.0,0.0,-0.139565,66.35211181640625,0,10,20.0,0.0,0.0,-20.0,0.0,-20.0,-20.0,0.0
4.715524911880493,0.0,0.0,-0.142745,66.35211181640625,0,10,20.0,0.0,0.0,-20.0,0.0,-20.0,-20.0,0.0
4.788524627685547,0.0,0.0,-0.145745,66.35211181640625,0,10,20.0,0.0,0.0,-20.0,0.0,-20.0,-20.0,0.0
4.859514474868774,0.0,0.0,-0.14817,66.35211181640625,0,10,20.0,0.0,0.0,-20.0,0.0,-20.0,-20.0,0.0
4.9300291538238525,0.0,0.0,-0.150625,66.35211181640625,0,10,20.0,0.0,0.0,-20.0,0.0,-20.0,-20.0,0.0
5.011031866073608,0.0,0.0,-0.15309,66.35211181640625,0,9,20.0,0.0,0.0,-20.0,0.0,-20.0,-20.0,0.0
5.080031156539917,0.0,0.0,-0.155935,66.35211181640625,0,10,20.0,0.0,0.0,-20.0,0.0,-20.0,-20.0,0.0
5.152047157287598,0.0,0.0,-0.15833000000000003,66.35211181640625,0,10,20.0,0.0,0.0,-20.0,0.0,-20.0,-20.0,0.0
5.225028991699219,0.0,0.0,-0.160825,66.35211181640625,0,10,20.0,0.0,0.0,-20.0,0.0,-20.0,-20.0,0.0
5.2960333824157715,0.0,0.0,-0.16336,66.35211181640625,0,10,20.0,0.0,0.0,-20.0,0.0,-20.0,-20.0,0.0
5.368028879165649,0.0,0.0,-0.165825,66.35211181640625,0,10,20.0,0.0,0.0,-20.0,0.0,-20.0,-20.0,0.0
5.441033601760864,0.0,0.0,-0.16833,66.35211181640625,0,10,20.0,0.0,0.0,-20.0,0.0,-20.0,-20.0,0.0
5.512029647827148,0.0,0.0,-0.17091,66.35211181640625,0,10,20.0,0.0,0.0,-20.0,0.0,-20.0,-20.0,0.0
5.58203387260437,0.0,0.0,-0.173345,66.35211181640625,0,10,20.0,0.0,0.0,-20.0,0.0,-20.0,-20.0,0.0
5.679029703140259,0.0,0.0,-0.175815,66.35211181640625,0,9,20.0,0.0,0.0,-20.0,0.0,-20.0,-20.0,0.0
5.749028921127319,0.0,0.0,-0.17921,66.35211181640625,0,10,20.0,0.0,0.0,-20.0,0.0,-20.0,-20.0,0.0
5.844029903411865,0.0,0.0,-0.182005,66.35211181640625,0,10,20.0,0.0,0.0,-20.0,0.0,-20.0,-20.0,0.0
5.927029132843018,0.0,0.0,-0.185285,66.35211181640625,0,10,20.0,0.0,0.0,-20.0,0.0,-20.0,-20.0,0.0
5.997028827667236,0.0,0.0,-0.18783,66.35211181640625,0,10,20.0,0.0,0.0,-20.0,0.0,-20.0,-20.0,0.0
6.067031145095825,0.0,0.0,-0.19025,66.35211181640625,0,10,20.0,0.0,0.0,-20.0,0.0,-20.0,-20.0,0.0
6.1400299072265625,0.0,0.0,-0.19273,66.35211181640625,0,10,20.0,0.0,0.0,-20.0,0.0,-20.0,-20.0,0.0
6.240029573440552,0.0,0.0,-0.195265,66.35211181640625,0,9,20.0,0.0,0.0,-20.0,0.0,-20.0,-20.0,0.0
6.310036659240723,0.0,0.0,-0.19872499999999998,66.35211181640625,0,10,20.0,0.0,0.0,-20.0,0.0,-20.0,-20.0,0.0
6.384031295776367,0.0,0.0,-0.2012,66.35211181640625,0,10,20.0,0.0,0.0,-20.0,0.0,-20.0,-20.0,0.0
6.454027414321899,0.0,0.0,-0.203785,66.35211181640625,0,10,20.0,0.0,0.0,-20.0,0.0,-20.0,-20.0,0.0
6.528045177459717,0.0,0.0,-0.206245,66.35211181640625,0,10,20.0,0.0,0.0,-20.0,0.0,-20.0,-20.0,0.0
6.625028133392334,0.0,0.0,-0.208815,66.35211181640625,0,9,20.0,0.0,0.0,-20.0,0.0,-20.0,-20.0,0.0
6.697039365768433,0.0,0.0,-0.212195,66.35211181640625,0,10,20.0,0.0,0.0,-20.0,0.0,-20.0,-20.0,0.0
6.770034313201904,0.0,0.0,-0.214725,66.35211181640625,0,10,20.0,0.0,0.0,-20.0,0.0,-20.0,-20.0,0.0
6.840593338012695,0.0,0.0,-0.21725,66.35211181640625,0,10,20.0,0.0,0.0,-20.0,0.0,-20.0,-20.0,0.0
6.935593128204346,0.0,0.0,-0.21971,66.35211181640625,0,9,20.0,0.0,0.0,-20.0,0.0,-20.0,-20.0,0.0
7.0335938930511475,0.0,0.0,-0.22358499999999998,66.35211181640625,0,10,20.0,0.0,0.0,-20.0,0.0,-20.0,-20.0,0.0
7.1165947914123535,0.0,0.0,-0.22684,66.35211181640625,0,10,20.0,0.0,0.0,-20.0,0.0,-20.0,-20.0,0.0
7.215605020523071,0.0,0.0,-0.22935,66.35211181640625,0,9,20.0,0.0,0.0,-20.0,0.0,-20.0,-20.0,0.0
7.285594463348389,0.0,0.0,-0.23281,66.35211181640625,0,10,0.0,20.0,0.0,0.0,-20.0,-20.0,-20.0,0.0
7.357596158981323,0.0,0.0,-0.235255,66.35211181640625,0,10,0.0,20.0,0.0,0.0,-20.0,-20.0,-20.0,0.0
7.4546098709106445,0.0,0.0,-0.23778,66.35211181640625,0,9,0.0,20.0,0.0,0.0,-20.0,-20.0,-20.0,0.0
7.52611517906189,0.0,0.0,-0.24115,66.35211181640625,0,10,0.0,20.0,0.0,0.0,-20.0,-20.0,-20.0,0.0
7.59611964225769,0.0,0.0,-0.24362999999999999,66.35211181640625,0,10,0.0,20.0,0.0,0.0,-20.0,-20.0,-20.0,0.0
7.694115161895752,0.0,0.0,-0.24609,66.35211181640625,0,9,0.0,20.0,0.0,0.0,-20.0,-20.0,-20.0,0.0
7.767117977142334,0.0,0.0,-0.249465,66.35211181640625,0,10,0.0,20.0,0.0,0.0,-20.0,-20.0,-20.0,0.0
7.838115692138672,0.0,0.0,-0.252035,66.35211181640625,0,10,0.0,20.0,0.0,0.0,-20.0,-20.0,-20.0,0.0
7.935122013092041,0.0,0.0,-0.254505,66.35211181640625,0,9,0.0,20.0,0.0,0.0,-20.0,-20.0,-20.0,0.0
8.006133556365967,0.0,0.0,-0.25789,66.35211181640625,0,10,0.0,20.0,0.0,0.0,-20.0,-20.0,-20.0,0.0
8.07917070388794,0.0,0.0,-0.26037,66.35211181640625,0,10,0.0,20.0,0.0,0.0,-20.0,-20.0,-20.0,0.0
8.199185371398926,0.0,0.0,-0.262895,66.35211181640625,0,9,0.0,20.0,0.0,0.0,-20.0,-20.0,-20.0,0.0
8.284191846847534,0.0,0.0,-0.267505,66.35211181640625,0,10,0.0,20.0,0.0,0.0,-20.0,-20.0,-20.0,0.0
8.353186845779419,0.0,0.0,-0.27005,66.35211181640625,0,10,0.0,20.0,0.0,0.0,-20.0,-20.0,-20.0,0.0
8.424186944961548,0.0,0.0,-0.27246,66.35211181640625,0,10,0.0,20.0,0.0,0.0,-20.0,-20.0,-20.0,0.0
8.497185468673706,0.0,0.0,-0.27492500000000003,66.35211181640625,0,10,0.0,20.0,0.0,0.0,-20.0,-20.0,-20.0,0.0
8.592182397842407,0.0,0.0,-0.27748500000000004,66.35211181640625,0,9,0.0,20.0,0.0,0.0,-20.0,-20.0,-20.0,0.0
8.658185482025146,0.0,0.0,-0.280755,66.35211181640625,0,10,0.0,20.0,0.0,0.0,-20.0,-20.0,-20.0,0.0
8.731191873550415,0.0,0.0,-0.28307,66.35211181640625,0,10,0.0,20.0,0.0,0.0,-20.0,-20.0,-20.0,0.0
8.829188346862793,0.0,0.0,-0.285645,66.35211181640625,0,9,0.0,20.0,0.0,0.0,-20.0,-20.0,-20.0,0.0
8.89920711517334,0.0,0.0,-0.289005,66.35211181640625,0,10,0.0,20.0,0.0,0.0,-20.0,-20.0,-20.0,0.0
8.99218201637268,0.0,0.0,-0.29147500000000004,66.35211181640625,0,9,0.0,20.0,0.0,0.0,-20.0,-20.0,-20.0,0.0
9.153192281723022,0.0,0.0,-0.29463,88.89618825912476,0,9,0.0,4.261264,15.738736,0.0,-20.0,-20.0,-20.0,0.0
9.321182489395142,0.0,0.0,-0.298745,95.0,0,5,0.0,0.0,20.0,0.0,-20.0,-20.0,-20.0,0.0
9.417188882827759,0.0,0.0,-0.300985,95.0,0,3,0.0,0.0,20.0,0.0,-20.0,-20.0,-20.0,0.0
9.496200561523438,0.0,0.0,-0.30161,95.0,0,1,0.0,0.0,20.0,0.0,-20.0,-20.0,-20.0,0.0
9.571184396743774,0.0,0.0,-0.30183,95.0,0,1,0.0,0.0,20.0,0.0,-20.0,-20.0,-20.0,0.0
9.649188995361328,0.0,0.0,-0.301965,95.0,0,1,0.0,0.0,20.0,0.0,-20.0,-20.0,-20.0,0.0
9.725184679031372,0.0,0.0,-0.3020825,95.0,0,1,0.0,0.0,20.0,0.0,-20.0,-20.0,-20.0,0.0
9.80518651008606,0.0,0.0,-0.302205,95.0,0,1,0.0,0.0,20.0,0.0,-20.0,-20.0,-20.0,0.0
9.884189128875732,0.0,0.0,-0.30232,95.0,0,0,0.0,0.0,20.0,0.0,-20.0,-20.0,-20.0,0.0
9.963193893432617,0.0,0.0,-0.3024275,95.0,20,1,0.0,0.0,20.0,0.0,-20.0,-20.0,-20.0,0.0
10.043201446533203,0.0,0.0,-0.30252999999999997,95.0,20,0,-20.0,-20.0,0.0,20.0,0.0,0.0,0.0,-20.0
10.122258424758911,0.0,0.0,-0.3023575,95.0,20,1,-20.0,-20.0,0.0,20.0,0.0,0.0,0.0,-20.0
10.21825623512268,0.0,0.0,-0.3015775,95.0,20,2,-20.0,-20.0,0.0,20.0,0.0,0.0,0.0,-20.0
10.299250364303589,0.0,0.0,-0.29991,95.0,20,3,-20.0,-20.0,0.0,20.0,0.0,0.0,0.0,-20.0
10.378253936767578,0.0,0.0,-0.2989475,95.0,20,4,-20.0,-20.0,0.0,20.0,0.0,0.0,0.0,-20.0
10.505250453948975,0.0,0.0,-0.2985725,95.0,20,4,-20.0,-20.0,0.0,20.0,0.0,0.0,0.0,-20.0
10.599303007125854,0.0,0.0,-0.297525,95.0,20,5,-20.0,-20.0,0.0,20.0,0.0,0.0,0.0,-20.0
10.694303035736084,0.0,0.0,-0.2956775,95.0,20,6,-20.0,-20.0,0.0,20.0,0.0,0.0,0.0,-20.0
10.790306329727173,0.0,0.0,-0.292925,95.0,20,6,-20.0,0.0,-20.0,20.0,0.0,0.0,0.0,-20.0
10.872312307357788,0.0,0.0,-0.2899,95.0,20,6,-20.0,0.0,-20.0,20.0,0.0,0.0,0.0,-20.0
10.969303131103516,0.0,0.0,-0.28705,95.0,20,6,-20.0,0.0,-20.0,20.0,0.0,0.0,0.0,-20.0
11.066304922103882,0.0,0.0,-0.283715,95.0,20,6,-20.0,0.0,-20.0,20.0,0.0,0.0,0.0,-20.0
11.162312269210815,0.0,0.0,-0.28032,95.0,20,6,-20.0,0.0,-20.0,20.0,0.0,0.0,0.0,-20.0
11.257307052612305,0.0,0.0,-0.276945,95.0,20,6,-20.0,0.0,-20.0,20.0,0.0,0.0,0.0,-20.0
11.355313777923584,0.0,0.0,-0.27367,95.0,20,6,-20.0,0.0,-20.0,20.0,0.0,0.0,0.0,-20.0
11.449305534362793,0.0,0.0,-0.27063,95.0,20,6,-20.0,0.0,-20.0,20.0,0.0,0.0,0.0,-20.0
11.605305194854736,0.0,0.0,-0.2673925,95.0,20,6,-20.0,0.0,-20.0,20.0,0.0,0.0,0.0,-20.0
11.704302787780762,0.0,0.0,-0.26384500000000005,95.0,20,5,-20.0,0.0,-20.0,20.0,0.0,0.0,0.0,-20.0
11.801304578781128,0.0,0.0,-0.261405,95.0,20,5,-20.0,0.0,-20.0,20.0,0.0,0.0,0.0,-20.0
11.897304058074951,0.0,0.0,-0.25895,95.0,20,5,-20.0,0.0,-20.0,20.0,0.0,0.0,0.0,-20.0
11.994309186935425,0.0,0.0,-0.25658,95.0,20,5,-20.0,0.0,-20.0,20.0,0.0,0.0,0.0,-20.0
12.090306758880615,0.0,0.0,-0.2542675,95.0,20,5,-20.0,0.0,-20.0,20.0,0.0,0.0,0.0,-20.0
12.16930365562439,0.0,0.0,-0.25217,95.0,20,5,-20.0,0.0,-20.0,20.0,0.0,0.0,0.0,-20.0
12.268309831619263,0.0,0.0,-0.2504725,95.0,20,5,-20.0,0.0,-20.0,20.0,0.0,0.0,0.0,-20.0
12.361417055130005,0.0,0.0,-0.24841500000000002,95.0,20,5,-20.0,0.0,-20.0,20.0,0.0,0.0,0.0,-20.0
12.458953857421875,0.0,0.0,-0.246505,95.0,20,5,-20.0,0.0,-20.0,20.0,0.0,0.0,0.0,-20.0
12.552951574325562,0.0,0.0,-0.2445925,95.0,20,4,-20.0,0.0,-20.0,20.0,0.0,0.0,0.0,-20.0
12.68748426437378,0.0,0.0,-0.2427475,95.0,20,4,-20.0,0.0,-20.0,20.0,0.0,0.0,0.0,-20.0
12.787487268447876,0.0,0.0,-0.24002500000000002,95.0,20,3,-20.0,0.0,-20.0,20.0,0.0,0.0,0.0,-20.0
12.884485960006714,0.0,0.0,-0.2383425,95.0,20,3,-20.0,0.0,-20.0,20.0,0.0,0.0,0.0,-20.0
12.980484962463379,0.0,0.0,-0.2366,95.0,20,3,-20.0,0.0,-20.0,20.0,0.0,0.0,0.0,-20.0
13.076484680175781,0.0,0.0,-0.23493250000000002,95.0,20,3,-20.0,0.0,-20.0,20.0,0.0,0.0,0.0,-20.0
13.172483682632446,0.0,0.0,-0.23331749999999998,95.0,20,2,-20.0,0.0,-20.0,20.0,0.0,0.0,0.0,-20.0
13.267484188079834,0.0,0.0,-0.231705,95.0,20,2,-20.0,0.0,-20.0,20.0,0.0,0.0,0.0,-20.0
13.345508098602295,0.0,0.0,-0.230595,95.0,20,2,-20.0,0.0,-20.0,20.0,0.0,0.0,0.0,-20.0
13.42348861694336,0.0,0.0,-0.230315,95.0,20,2,-20.0,0.0,-20.0,20.0,0.0,0.0,0.0,-20.0
13.501495122909546,0.0,0.0,-0.229775,95.0,20,3,0.0,-20.0,-20.0,0.0,20.0,0.0,0.0,-20.0
13.58348536491394,0.0,0.0,-0.22864749999999998,95.0,20,3,0.0,-20.0,-20.0,0.0,20.0,0.0,0.0,-20.0
13.661486387252808,0.0,0.0,-0.22770999999999997,95.0,20,3,0.0,-20.0,-20.0,0.0,20.0,0.0,0.0,-20.0
13.740494728088379,5.0000000000011366e-05,1.2499999999988632e-05,-0.22745749999999998,95.0,20,3,0.0,-20.0,-20.0,0.0,20.0,0.0,0.0,-20.0
13.8634934425354,0.0014499999999999886,0.0005,-0.22822750000000003,95.0,20,4,0.0,-20.0,-20.0,0.0,20.0,0.0,0.0,-20.0
13.942484855651855,0.004712500000000006,0.0016125000000000113,-0.2300275,95.0,20,5,0.0,-20.0,-20.0,0.0,20.0,0.0,0.0,-20.0
14.037486791610718,0.007949999999999988,0.002737500000000011,-0.2318125,95.0,20,5,0.0,-20.0,-20.0,0.0,20.0,0.0,0.0,-20.0
14.116483688354492,0.0119375,0.004137499999999988,-0.23400749999999998,95.0,20,5,0.0,-20.0,-20.0,0.0,20.0,0.0,0.0,-20.0
14.211500883102417,0.015175000000000011,0.0053125,-0.23579000000000003,95.0,20,6,0.0,-20.0,-20.0,0.0,20.0,0.0,0.0,-20.0
14.290485143661499,0.019137499999999988,0.006762499999999989,-0.237965,95.0,20,6,0.0,-20.0,-20.0,0.0,20.0,0.0,0.0,-20.0
14.367486238479614,0.022375,0.007962500000000006,-0.239745,95.0,20,7,0.0,-20.0,-20.0,0.0,20.0,0.0,0.0,-20.0
14.463040590286255,0.0255625,0.0091875,-0.24150749999999999,95.0,20,7,0.0,-20.0,-20.0,0.0,20.0,0.0,0.0,-20.0
14.55704140663147,0.0295625,0.010724999999999995,-0.2437075,95.0,20,7,0.0,-20.0,-20.0,0.0,20.0,0.0,0.0,-20.0
14.65404462814331,0.03338749999999999,0.01223750000000001,-0.24581,95.0,20,7,0.0,-20.0,-20.0,0.0,20.0,0.0,0.0,-20.0
14.748549938201904,0.03738749999999999,0.013862500000000012,-0.248025,95.0,20,7,0.0,-20.0,-20.0,0.0,20.0,0.0,0.0,-20.0
14.845559120178223,0.04125,0.015449999999999988,-0.2501425,95.0,20,8,0.0,-20.0,-20.0,0.0,20.0,0.0,0.0,-20.0
14.974081754684448,0.045675000000000014,0.01732499999999999,-0.252575,95.0,20,8,0.0,-20.0,-20.0,0.0,20.0,0.0,0.0,-20.0
15.071078062057495,0.05057499999999999,0.019462500000000004,-0.25527500000000003,95.0,20,7,0.0,-20.0,-20.0,0.0,20.0,0.0,0.0,-20.0
15.167074918746948,0.054399999999999976,0.0211875,-0.257375,95.0,20,7,0.0,-20.0,-20.0,0.0,20.0,0.0,0.0,-20.0
15.264076471328735,0.05826249999999999,0.022949999999999988,-0.2595025,95.0,20,7,0.0,-20.0,-20.0,0.0,20.0,0.0,0.0,-20.0
15.361075162887573,0.062212499999999976,0.024837500000000005,-0.26167250000000003,95.0,20,7,0.0,-20.0,-20.0,0.0,20.0,0.0,0.0,-20.0
15.456074714660645,0.06605000000000001,0.026712500000000007,-0.26379,95.0,20,7,0.0,-20.0,-20.0,0.0,20.0,0.0,0.0,-20.0
15.552074670791626,0.06985000000000002,0.028625,-0.26588,95.0,20,7,0.0,-20.0,-20.0,0.0,20.0,0.0,0.0,-20.0
15.648072719573975,0.07371249999999997,0.030637499999999988,-0.2680075,95.0,20,7,0.0,-20.0,-20.0,0.0,20.0,0.0,0.0,-20.0
15.744075775146484,0.07746249999999998,0.032650000000000005,-0.2700675,95.0,20,7,0.0,-20.0,-20.0,0.0,20.0,0.0,0.0,-20.0
15.840129375457764,0.08125,0.03475,-0.27216250000000003,95.0,20,6,0.0,-20.0,-20.0,0.0,20.0,0.0,0.0,-20.0
15.935128211975098,0.08502499999999998,0.03694999999999999,-0.2742425,95.0,20,6,0.0,-20.0,-20.0,0.0,20.0,0.0,0.0,-20.0
16.059128999710083,0.08866250000000002,0.039125,-0.2762425,95.0,20,6,0.0,-20.0,-20.0,0.0,20.0,0.0,0.0,-20.0
16.16712784767151,0.09348750000000002,0.04214999999999998,-0.2788875,95.0,20,5,0.0,-20.0,-20.0,0.0,20.0,0.0,0.0,-20.0
16.264128923416138,0.09648750000000002,0.04411250000000001,-0.28054,95.0,20,4,0.0,-20.0,-20.0,0.0,20.0,0.0,0.0,-20.0
16.342142343521118,0.09947500000000002,0.046149999999999976,-0.282195,95.0,20,4,0.0,-20.0,-20.0,0.0,20.0,0.0,0.0,-20.0
16.437669277191162,0.10185000000000002,0.047824999999999986,-0.28349,95.0,20,4,0.0,-20.0,-20.0,0.0,20.0,0.0,0.0,-20.0
16.53467059135437,0.10453750000000002,0.049787500000000026,-0.28498,95.0,20,3,0.0,-20.0,-20.0,0.0,20.0,0.0,0.0,-20.0
16.630209922790527,0.10732499999999999,0.05191250000000002,-0.2865175,95.0,20,3,0.0,-20.0,-20.0,0.0,20.0,0.0,0.0,-20.0
16.708208560943604,0.1099375,0.05397500000000002,-0.287945,95.0,20,2,0.0,-20.0,-20.0,0.0,20.0,0.0,0.0,-20.0
16.805203676223755,0.1120625,0.055725000000000025,-0.2891125,95.0,20,2,0.0,-20.0,-20.0,0.0,20.0,0.0,0.0,-20.0
16.898199558258057,0.1138125,0.057225000000000026,-0.290085,95.0,20,2,0.0,-20.0,-20.0,0.0,20.0,0.0,0.0,-20.0
16.97820544242859,0.11439999999999997,0.05773750000000001,-0.29040249999999995,95.0,20,2,0.0,-20.0,-20.0,0.0,20.0,0.0,0.0,-20.0
17.074206590652466,0.11588749999999999,0.0590625,-0.29122250000000005,95.0,20,2,0.0,-20.0,-20.0,0.0,20.0,0.0,0.0,-20.0
17.189200401306152,0.11823750000000001,0.06122500000000002,-0.29252,95.0,20,1,0.0,-20.0,-20.0,0.0,20.0,0.0,0.0,-20.0
17.286206483840942,0.1195,0.0624375,-0.29321499999999995,95.0,20,1,0.0,-20.0,-20.0,0.0,20.0,0.0,0.0,-20.0
17.364203929901123,0.1205,0.06341250000000002,-0.29375999999999997,95.0,20,2,0.0,-20.0,-20.0,0.0,20.0,0.0,0.0,-20.0
17.46120309829712,0.1209375,0.06385000000000002,-0.294,95.0,20,2,0.0,-20.0,-20.0,0.0,20.0,0.0,0.0,-20.0
17.53820013999939,0.12266250000000002,0.06561250000000002,-0.2949475,95.0,20,2,0.0,-20.0,-20.0,0.0,20.0,0.0,0.0,-20.0
17.6177659034729,0.123875,0.06689999999999997,-0.29562,95.0,20,2,0.0,-20.0,-20.0,0.0,20.0,0.0,0.0,-20.0
17.713749885559082,0.12432499999999999,0.06738749999999999,-0.2958675,95.0,20,2,0.0,-20.0,-20.0,0.0,20.0,0.0,0.0,-20.0
17.792759656906128,0.1260125,0.06925,-0.2967975,95.0,20,2,0.0,-20.0,-20.0,0.0,20.0,0.0,0.0,-20.0
17.88875126838684,0.127,0.07039999999999998,-0.2973375,95.0,20,2,0.0,-20.0,-20.0,0.0,20.0,0.0,0.0,-20.0
17.967750072479248,0.12772500000000003,0.07126249999999999,-0.2977375,95.0,20,2,0.0,-20.0,-20.0,0.0,20.0,0.0,0.0,-20.0
18.047764539718628,0.1281625,0.07178750000000002,-0.29798250000000004,95.0,20,2,0.0,-20.0,-20.0,0.0,20.0,0.0,0.0,-20.0
18.12575626373291,0.1294125,0.0733125,-0.298665,95.0,20,2,0.0,-20.0,-20.0,0.0,20.0,0.0,0.0,-20.0
18.218748569488525,0.1304375,0.074625,-0.29923,95.0,20,2,0.0,-20.0,-20.0,0.0,20.0,0.0,0.0,-20.0
18.325749158859253,0.13111250000000002,0.07552499999999998,-0.2995975,95.0,20,2,0.0,-20.0,-20.0,0.0,20.0,0.0,0.0,-20.0
18.41674780845642,0.1318,0.07646249999999997,-0.2999875,95.0,20,2,0.0,-20.0,-20.0,0.0,20.0,0.0,0.0,-20.0
18.511753797531128,0.13236250000000002,0.07723750000000001,-0.3002975,95.0,20,2,0.0,-20.0,-20.0,0.0,20.0,0.0,0.0,-20.0
18.606746196746826,0.13342500000000002,0.07873750000000002,-0.300875,95.0,20,2,0.0,-20.0,-20.0,0.0,20.0,0.0,0.0,-20.0
18.68775773048401,0.13405,0.07966250000000002,-0.30122750000000004,95.0,20,2,0.0,-20.0,-20.0,0.0,20.0,0.0,0.0,-20.0
18.783751249313354,0.134575,0.08045,-0.30151249999999996,95.0,20,2,0.0,-20.0,-20.0,0.0,20.0,0.0,0.0,-20.0
18.859764575958252,0.1351875,0.08141250000000003,-0.30184750000000005,95.0,20,2,0.0,-20.0,-20.0,0.0,20.0,0.0,0.0,-20.0
18.939758777618408,0.13561250000000002,0.082075,-0.3020775,95.0,20,2,0.0,-20.0,-20.0,0.0,20.0,0.0,0.0,-20.0
19.0142982006073,0.1364625,0.0834375,-0.30254000000000003,95.0,20,2,-20.0,-20.0,-20.0,0.0,0.0,20.0,0.0,0.0
19.09235692024231,0.13703750000000003,0.08441250000000003,-0.30286,95.0,20,2,-20.0,-20.0,-20.0,0.0,0.0,20.0,0.0,0.0
19.17035484313965,0.13751249999999998,0.08521249999999998,-0.303125,95.0,20,2,-20.0,-20.0,-20.0,0.0,0.0,20.0,0.0,0.0
19.265355348587036,0.1379625,0.08603750000000002,-0.303375,95.0,20,2,-20.0,-20.0,-20.0,0.0,0.0,20.0,0.0,0.0
19.38136124610901,0.1385,0.08702499999999998,-0.3036725,95.0,20,2,-20.0,-20.0,-20.0,0.0,0.0,20.0,0.0,0.0
19.48435378074646,0.13917500000000002,0.08828750000000002,-0.30404000000000003,95.0,20,1,-20.0,-20.0,-20.0,0.0,0.0,20.0,0.0,0.0
19.562398195266724,0.1397125,0.08933749999999997,-0.3043375,95.0,20,1,-20.0,-20.0,-20.0,0.0,0.0,20.0,0.0,0.0
19.657397747039795,0.14014999999999997,0.09021249999999997,-0.30457249999999997,95.0,20,1,-20.0,-20.0,-20.0,0.0,0.0,20.0,0.0,0.0
19.73539686203003,0.1406125,0.091175,-0.30483,95.0,20,1,-20.0,-20.0,-20.0,0.0,0.0,20.0,0.0,0.0
19.813403844833374,0.14092500000000002,0.09186250000000001,-0.30500499999999997,95.0,20,1,-20.0,-20.0,-20.0,0.0,0.0,20.0,0.0,0.0
19.90740418434143,0.1413,0.09267500000000001,-0.30521,95.0,20,1,-20.0,-20.0,-20.0,0.0,0.0,20.0,0.0,0.0
19.986398220062256,0.1417,0.09360000000000002,-0.3054325,95.0,20,1,-20.0,-20.0,-20.0,0.0,0.0,20.0,0.0,0.0
20.06740379333496,0.14198750000000002,0.09426249999999999,-0.30559,95.0,20,1,-20.0,-20.0,-20.0,0.0,0.0,20.0,0.0,0.0
20.147398948669434,0.1423125,0.09505000000000001,-0.30577499999999996,95.0,20,1,-20.0,-20.0,-20.0,0.0,0.0,20.0,0.0,0.0
20.225396633148193,0.1426375,0.09585000000000002,-0.3059475,95.0,20,1,-20.0,-20.0,-20.0,0.0,0.0,20.0,0.0,0.0
20.305413007736206,0.14292500000000002,0.09655000000000001,-0.30610750000000003,95.0,20,1,-20.0,-20.0,-20.0,0.0,0.0,20.0,0.0,0.0
20.385398864746094,0.14323750000000002,0.0973625,-0.3062775,95.0,20,1,-20.0,-20.0,-20.0,0.0,0.0,20.0,0.0,0.0
20.503403186798096,0.1435,0.09805000000000001,-0.3064225,95.0,20,1,-20.0,-20.0,-20.0,0.0,0.0,20.0,0.0,0.0
20.58139991760254,0.1437875,0.09885000000000002,-0.30657999999999996,95.0,20,0,-20.0,-20.0,-20.0,0.0,0.0,20.0,0.0,0.0
20.657400608062744,0.1440125,0.09947500000000002,-0.306705,95.0,20,1,-20.0,-20.0,-20.0,0.0,0.0,20.0,0.0,0.0
20.739399433135986,0.14425,0.10014999999999998,-0.3068325,95.0,20,1,-20.0,-20.0,-20.0,0.0,0.0,20.0,0.0,0.0
20.818410873413086,0.14448750000000002,0.10089999999999998,-0.306965,95.0,20,1,-20.0,-20.0,-20.0,0.0,0.0,20.0,0.0,0.0
20.895399570465088,0.14471249999999997,0.10155000000000002,-0.30709,95.0,20,1,-20.0,-20.0,-20.0,0.0,0.0,20.0,0.0,0.0
20.972407817840576,0.14489999999999997,0.10219999999999999,-0.3072,95.0,20,1,-20.0,-20.0,-20.0,0.0,0.0,20.0,0.0,0.0
21.050407886505127,0.145125,0.102875,-0.3073125,95.0,20,1,-20.0,-20.0,-20.0,0.0,0.0,20.0,0.0,0.0
21.129425287246704,0.1453125,0.1035125,-0.3074225,95.0,20,1,-20.0,-20.0,-20.0,0.0,0.0,20.0,0.0,0.0
21.22840428352356,0.1455125,0.10416250000000002,-0.307525,95.0,20,1,-20.0,-20.0,-20.0,0.0,0.0,20.0,0.0,0.0
21.305400133132935,0.1457,0.10482499999999999,-0.30763,95.0,20,0,-20.0,-20.0,-20.0,0.0,0.0,20.0,0.0,0.0
21.383400917053223,0.1458625,0.10539999999999998,-0.307725,95.0,20,1,-20.0,-20.0,-20.0,0.0,0.0,20.0,0.0,0.0
21.45939803123474,0.146025,0.10601249999999998,-0.307815,95.0,20,1,-20.0,-20.0,-20.0,0.0,0.0,20.0,0.0,0.0
21.559410333633423,0.146175,0.10658749999999997,-0.30789249999999996,95.0,20,1,-20.0,-20.0,-20.0,0.0,0.0,20.0,0.0,0.0
21.668403148651123,0.14635000000000004,0.10725,-0.30799,95.0,20,0,-20.0,-20.0,-20.0,0.0,0.0,20.0,0.0,0.0
21.743398427963257,0.14648750000000002,0.10782499999999999,-0.30807,95.0,20,0,-20.0,-20.0,-20.0,0.0,0.0,20.0,0.0,0.0
21.82040572166443,0.1466125,0.10836250000000001,-0.3081425,95.0,20,1,-20.0,-20.0,-20.0,0.0,0.0,20.0,0.0,0.0
21.898925065994263,0.1467625,0.10894999999999999,-0.3082175,95.0,20,1,-20.0,-20.0,-20.0,0.0,0.0,20.0,0.0,0.0
21.974925756454468,0.14689999999999998,0.10951249999999998,-0.30828750000000005,95.0,20,1,-20.0,-20.0,-20.0,0.0,0.0,20.0,0.0,0.0
22.055924892425537,0.147025,0.11007499999999999,-0.3083575,95.0,20,1,-20.0,-20.0,-20.0,0.0,0.0,20.0,0.0,0.0
22.131925106048584,0.14713749999999998,0.11063749999999999,-0.30843,95.0,20,0,-20.0,-20.0,-20.0,0.0,0.0,20.0,0.0,0.0
22.209935665130615,0.14725,0.11116250000000003,-0.3084875,95.0,20,1,-20.0,-20.0,-20.0,0.0,0.0,20.0,0.0,0.0
22.28792452812195,0.1473625,0.11171249999999998,-0.30855,95.0,20,0,-20.0,-20.0,-20.0,0.0,0.0,20.0,0.0,0.0
22.36592388153076,0.14747500000000002,0.11223750000000002,-0.30861,95.0,20,0,-20.0,-20.0,-20.0,0.0,0.0,20.0,0.0,0.0
22.444923400878906,0.14757499999999998,0.11276249999999999,-0.30866000000000005,95.0,20,0,-20.0,-20.0,-20.0,0.0,0.0,20.0,0.0,0.0
22.525456428527832,0.147675,0.11327499999999997,-0.30872000000000005,95.0,20,0,-20.0,-20.0,-20.0,0.0,0.0,20.0,0.0,0.0
22.59997797012329,0.1477625,0.11377499999999997,-0.30877,95.0,20,0,-20.0,-20.0,-20.0,0.0,0.0,20.0,0.0,0.0
22.712980031967163,0.14785,0.11426249999999999,-0.30882,95.0,20,0,-20.0,-20.0,-20.0,0.0,0.0,20.0,0.0,0.0
22.789077281951904,0.1479375,0.11475,-0.30886,95.0,20,0,-20.0,-20.0,-20.0,0.0,0.0,20.0,0.0,0.0
22.865599632263184,0.148025,0.1152375,-0.30891,95.0,20,0,-20.0,-20.0,-20.0,0.0,0.0,20.0,0.0,0.0
22.941599130630493,0.1481,0.11571249999999998,-0.30895,95.0,20,0,-20.0,-20.0,-20.0,0.0,0.0,20.0,0.0,0.0
23.019612550735474,0.148175,0.11617500000000001,-0.309,95.0,20,0,-20.0,-20.0,-20.0,0.0,0.0,20.0,0.0,0.0
23.097602605819702,0.14825,0.11664999999999998,-0.30904000000000004,95.0,20,0,-20.0,-20.0,-20.0,0.0,0.0,20.0,0.0,0.0
23.17859959602356,0.14832499999999998,0.11710000000000002,-0.30907,95.0,20,0,-20.0,-20.0,-20.0,0.0,0.0,20.0,0.0,0.0
23.25659728050232,0.14838749999999998,0.11755000000000002,-0.30911,95.0,20,0,-20.0,-20.0,-20.0,0.0,0.0,20.0,0.0,0.0
23.33559560775757,0.14845,0.118,-0.30915,95.0,20,0,-20.0,-20.0,-20.0,0.0,0.0,20.0,0.0,0.0
23.41468095779419,0.1485125,0.1184375,-0.30918,95.0,20,0,-20.0,-20.0,-20.0,0.0,0.0,20.0,0.0,0.0
23.491211891174316,0.14857499999999998,0.118875,-0.30921,95.0,20,0,-20.0,-20.0,-20.0,0.0,0.0,20.0,0.0,0.0
23.57021474838257,0.148625,0.11930000000000002,-0.30924,95.0,20,0,-20.0,-20.0,-20.0,0.0,0.0,20.0,0.0,0.0
23.651215314865112,0.148675,0.11972500000000003,-0.30928,95.0,20,0,-20.0,-20.0,-20.0,0.0,0.0,20.0,0.0,0.0
23.753730297088623,0.14873750000000002,0.120125,-0.3093,95.0,20,0,-20.0,-20.0,-20.0,0.0,0.0,20.0,0.0,0.0
23.83274483680725,0.14878750000000002,0.12053750000000002,-0.30933,95.0,20,0,-20.0,-20.0,-20.0,0.0,0.0,20.0,0.0,0.0
23.911736965179443,0.14883749999999998,0.1209375,-0.30936,95.0,20,0,-20.0,-20.0,-20.0,0.0,0.0,20.0,0.0,0.0
23.98825478553772,0.148875,0.12133749999999997,-0.30938,95.0,20,0,-20.0,-20.0,-20.0,0.0,0.0,20.0,0.0,0.0
24.068257570266724,0.148925,0.12172500000000003,-0.30941,95.0,20,0,-20.0,-20.0,-20.0,0.0,0.0,20.0,0.0,0.0
24.14525556564331,0.14897500000000002,0.122125,-0.30943,95.0,20,0,-20.0,-20.0,-20.0,0.0,0.0,20.0,0.0,0.0
24.224252939224243,0.1490125,0.1225,-0.30945999999999996,95.0,20,0,-20.0,-20.0,-20.0,0.0,0.0,20.0,0.0,0.0
24.3022620677948,0.14905000000000002,0.122875,-0.30948000000000003,95.0,20,0,-20.0,-20.0,-20.0,0.0,0.0,20.0,0.0,0.0
24.379782676696777,0.14908749999999998,0.12325,-0.3095,95.0,20,0,-20.0,-20.0,-20.0,0.0,0.0,20.0,0.0,0.0
24.453778982162476,0.149125,0.123625,-0.30951999999999996,95.0,20,0,-20.0,-20.0,-20.0,0.0,0.0,20.0,0.0,0.0
24.533781051635742,0.14916250000000003,0.12397500000000003,-0.30954000000000004,95.0,20,0,-20.0,-20.0,-20.0,0.0,0.0,20.0,0.0,0.0
24.612778663635254,0.1491875,0.12433749999999998,-0.30956,95.0,20,0,-20.0,-20.0,-20.0,0.0,0.0,20.0,0.0,0.0
24.69078040122986,0.14922500000000002,0.1246875,-0.30957,95.0,20,0,-20.0,-20.0,-20.0,0.0,0.0,20.0,0.0,0.0
24.78477954864502,0.1492625,0.12502499999999997,-0.30959,95.0,20,0,-20.0,-20.0,-20.0,0.0,0.0,20.0,0.0,0.0
24.895780086517334,0.14928750000000002,0.125375,-0.30961,95.0,20,0,-20.0,-20.0,-20.0,0.0,0.0,20.0,0.0,0.0
24.97340154647827,0.1493125,0.12571249999999998,-0.30962,95.0,20,0,-20.0,-20.0,-20.0,0.0,0.0,20.0,0.0,0.0
25.05140471458435,0.14933749999999998,0.12605000000000002,-0.30963999999999997,95.0,20,0,-20.0,-20.0,-20.0,0.0,0.0,20.0,0.0,0.0
25.129403591156006,0.149375,0.126375,-0.30965,95.0,20,0,-20.0,-20.0,-20.0,0.0,0.0,20.0,0.0,0.0
25.223399877548218,0.14938749999999998,0.12669999999999998,-0.30967,95.0,20,0,-20.0,-20.0,-20.0,0.0,0.0,20.0,0.0,0.0
25.301401376724243,0.149425,0.12702499999999997,-0.30968,95.0,20,0,-20.0,-20.0,-20.0,0.0,0.0,20.0,0.0,0.0
25.38042116165161,0.1494375,0.127325,-0.30969,95.0,20,0,-20.0,-20.0,-20.0,0.0,0.0,20.0,0.0,0.0
25.457411289215088,0.14946249999999997,0.1276375,-0.3097,95.0,20,0,-20.0,-20.0,-20.0,0.0,0.0,20.0,0.0,0.0
25.537943363189697,0.14948750000000002,0.12794999999999998,-0.30972000000000005,95.0,20,0,-20.0,-20.0,-20.0,0.0,0.0,20.0,0.0,0.0
25.618946075439453,0.1495125,0.12825,-0.30973,95.0,20,0,-20.0,-20.0,-20.0,0.0,0.0,20.0,0.0,0.0
25.697947025299072,0.14952499999999996,0.12855,-0.30974,95.0,20,0,-20.0,-20.0,-20.0,0.0,0.0,20.0,0.0,0.0
25.77494239807129,0.14953750000000002,0.12883749999999997,-0.30975,95.0,20,0,-20.0,-20.0,-20.0,0.0,0.0,20.0,0.0,0.0
25.867944955825806,0.1495625,0.129125,-0.30976,95.0,20,0,-20.0,-20.0,-20.0,0.0,0.0,20.0,0.0,0.0
25.9829421043396,0.14957499999999999,0.129425,-0.30977,95.0,20,0,-20.0,-20.0,-20.0,0.0,0.0,20.0,0.0,0.0
26.061942100524902,0.1496,0.12969999999999998,-0.30978,95.0,20,0,-20.0,-20.0,-20.0,0.0,0.0,20.0,0.0,0.0
26.13693928718567,0.1496125,0.12997500000000003,-0.30979,95.0,20,0,-20.0,-20.0,-20.0,0.0,0.0,20.0,0.0,0.0
26.214943170547485,0.149625,0.13025,-0.3098,95.0,20,0,-20.0,-20.0,-20.0,0.0,0.0,20.0,0.0,0.0
26.2949481010437,0.14963749999999998,0.13052499999999997,-0.3098,95.0,20,0,-20.0,-20.0,-20.0,0.0,0.0,20.0,0.0,0.0
26.37295389175415,0.14966250000000003,0.13078750000000003,-0.30981000000000003,95.0,20,0,-20.0,-20.0,-20.0,0.0,0.0,20.0,0.0,0.0
26.451947927474976,0.149675,0.13105,-0.30982,95.0,20,0,-20.0,-20.0,-20.0,0.0,0.0,20.0,0.0,0.0
26.526943683624268,0.149675,0.1313125,-0.30983,95.0,20,0,-20.0,-20.0,-20.0,0.0,0.0,20.0,0.0,0.0
26.603940963745117,0.1497,0.131575,-0.30983,95.0,20,0,-20.0,-20.0,-20.0,0.0,0.0,20.0,0.0,0.0
26.682939529418945,0.14971249999999997,0.131825,-0.30983999999999995,95.0,20,0,-20.0,-20.0,-20.0,0.0,0.0,20.0,0.0,0.0
26.779499053955078,0.14972500000000002,0.132075,-0.30985,95.0,20,0,-20.0,-20.0,-20.0,0.0,0.0,20.0,0.0,0.0
26.854493618011475,0.14972500000000002,0.132325,-0.30985,95.0,20,0,-20.0,-20.0,-20.0,0.0,0.0,20.0,0.0,0.0
26.931507110595703,0.14973750000000002,0.1325625,-0.30986,95.0,20,0,-20.0,-20.0,-20.0,0.0,0.0,20.0,0.0,0.0
27.0324969291687,0.14975,0.1328,-0.30986,95.0,20,0,-20.0,-20.0,-20.0,0.0,0.0,20.0,0.0,0.0
27.111499309539795,0.1497625,0.13302499999999998,-0.30987,95.0,20,0,-20.0,-20.0,-20.0,0.0,0.0,20.0,0.0,0.0
27.205499172210693,0.14977499999999996,0.13327499999999998,-0.30987,95.0,20,0,-20.0,-20.0,-20.0,0.0,0.0,20.0,0.0,0.0
27.28349542617798,0.14977499999999996,0.1334875,-0.30988,95.0,20,0,-20.0,-20.0,-20.0,0.0,0.0,20.0,0.0,0.0
27.36050295829773,0.14978750000000002,0.133725,-0.30988,95.0,20,0,-20.0,-20.0,-20.0,0.0,0.0,20.0,0.0,0.0
27.437501430511475,0.14980000000000002,0.1339375,-0.30989,95.0,20,0,-20.0,-20.0,-20.0,0.0,0.0,20.0,0.0,0.0
27.51503276824951,0.1498125,0.13416250000000002,-0.30989,95.0,20,0,-20.0,-20.0,-20.0,0.0,0.0,20.0,0.0,0.0
27.594035863876343,0.1498125,0.134375,-0.30989999999999995,95.0,20,0,-20.0,-20.0,-20.0,0.0,0.0,20.0,0.0,0.0
27.670035362243652,0.14982499999999999,0.13458749999999997,-0.30989999999999995,95.0,20,0,-20.0,-20.0,-20.0,0.0,0.0,20.0,0.0,0.0
27.74403476715088,0.14982499999999999,0.1348125,-0.30991,95.0,20,0,-20.0,-20.0,-20.0,0.0,0.0,20.0,0.0,0.0
27.822033882141113,0.14983749999999998,0.13501249999999998,-0.30991,95.0,20,0,-20.0,-20.0,-20.0,0.0,0.0,20.0,0.0,0.0
27.900033235549927,0.14983749999999998,0.135225,-0.30991,95.0,20,0,-20.0,-20.0,-20.0,0.0,0.0,20.0,0.0,0.0
27.976037979125977,0.14985,0.13542500000000002,-0.30992000000000003,95.0,20,0,-20.0,-20.0,-20.0,0.0,0.0,20.0,0.0,0.0
28.0550320148468,0.1498625,0.135625,-0.30992000000000003,95.0,20,0,-20.0,-20.0,-20.0,0.0,0.0,20.0,0.0,0.0
28.160037755966187,0.1498625,0.135825,-0.30992000000000003,95.0,20,0,-20.0,-20.0,-20.0,0.0,0.0,20.0,0.0,0.0
28.239034175872803,0.149875,0.13601249999999998,-0.30993,95.0,20,0,-20.0,-20.0,-20.0,0.0,0.0,20.0,0.0,0.0
28.31903338432312,0.149875,0.1362,-0.30993,95.0,0,0,-20.0,-20.0,-20.0,0.0,0.0,20.0,0.0,0.0
28.4610435962677,0.149875,0.1363875,-0.30993,66.35211181640625,0,0,0.0,0.0,0.0,-20.0,-20.0,0.0,-20.0,20.0
28.55604386329651,0.149875,0.13642500000000002,-0.3092,66.35211181640625,0,1,0.0,0.0,0.0,-20.0,-20.0,0.0,-20.0,20.0
28.652042627334595,0.149875,0.1365,-0.3076275,66.35211181640625,0,2,0.0,0.0,0.0,-20.0,-20.0,0.0,-20.0,20.0
28.732038021087646,0.149875,0.1365625,-0.30632,66.35211181640625,0,3,0.0,0.0,0.0,-20.0,-20.0,0.0,-20.0,20.0
28.811043739318848,0.149875,0.136575,-0.3059225,66.35211181640625,0,3,0.0,0.0,0.0,-20.0,-20.0,0.0,-20.0,20.0
28.890039443969727,0.149875,0.13660000000000003,-0.305495,66.35211181640625,0,4,0.0,0.0,0.0,-20.0,-20.0,0.0,-20.0,20.0
28.98803424835205,0.149875,0.13664999999999997,-0.30444,66.35211181640625,0,5,0.0,0.0,0.0,-20.0,-20.0,0.0,-20.0,20.0
29.084038734436035,0.14988749999999998,0.13675,-0.302285,66.35211181640625,0,6,0.0,0.0,0.0,-20.0,-20.0,0.0,-20.0,20.0
29.21803069114685,0.14988749999999998,0.1368875,-0.299345,66.35211181640625,0,6,0.0,0.0,0.0,-20.0,-20.0,0.0,-20.0,20.0
29.331047534942627,0.14989999999999998,0.1371375,-0.29473,66.35211181640625,20,5,0.0,0.0,0.0,-20.0,-20.0,0.0,-20.0,20.0
29.490057468414307,0.14989999999999998,0.13728750000000003,-0.291715,95.0,20,6,-20.0,-20.0,-20.0,0.0,0.0,20.0,0.0,0.0
29.588035345077515,0.14989999999999998,0.13755,-0.286795,95.0,20,5,-20.0,-20.0,-20.0,0.0,0.0,20.0,0.0,0.0
29.684032201766968,0.14991250000000003,0.1377125,-0.28395,95.0,20,5,-20.0,-20.0,-20.0,0.0,0.0,20.0,0.0,0.0
29.781041622161865,0.14991250000000003,0.137875,-0.281165,95.0,20,5,-20.0,-20.0,-20.0,0.0,0.0,20.0,0.0,0.0
29.87503147125244,0.14991250000000003,0.13801249999999998,-0.278685,95.0,0,5,-20.0,-20.0,-20.0,0.0,0.0,20.0,0.0,0.0
30.034037828445435,0.149925,0.13810000000000003,-0.2771325,66.35211181640625,0,6,0.0,0.0,0.0,-20.0,-20.0,0.0,-20.0,20.0
30.127033948898315,0.149925,0.13817500000000002,-0.276645,66.35211181640625,0,6,0.0,0.0,0.0,-20.0,-20.0,0.0,-20.0,20.0
30.223573207855225,0.149925,0.1383,-0.277675,66.35211181640625,0,7,0.0,0.0,0.0,-20.0,-20.0,0.0,-20.0,20.0
30.320571899414062,0.149925,0.13855,-0.279655,66.35211181640625,0,6,0.0,0.0,0.0,-20.0,-20.0,0.0,-20.0,20.0
30.424585342407227,0.149925,0.13878750000000004,-0.2815725,66.35211181640625,0,5,0.0,0.0,0.0,-20.0,-20.0,0.0,-20.0,20.0
30.52057456970215,0.149925,0.13892500000000002,-0.28254,66.35211181640625,0,6,0.0,0.0,0.0,-20.0,-20.0,0.0,-20.0,20.0
30.613573789596558,0.149925,0.13895,-0.28236,66.35211181640625,0,6,0.0,0.0,0.0,-20.0,-20.0,0.0,-20.0,20.0
30.71060037612915,0.149925,0.13901249999999998,-0.2812325,66.35211181640625,0,7,0.0,0.0,0.0,-20.0,-20.0,0.0,-20.0,20.0
30.807569980621338,0.1499375,0.139125,-0.2791475,66.35211181640625,0,7,0.0,0.0,0.0,-20.0,-20.0,0.0,-20.0,20.0
30.902571201324463,0.1499375,0.13928750000000004,-0.276115,66.35211181640625,0,7,0.0,0.0,0.0,-20.0,-20.0,0.0,-20.0,20.0
30.99857258796692,0.1499375,0.1394625,-0.272805,66.35211181640625,0,7,0.0,0.0,0.0,-20.0,-20.0,0.0,-20.0,20.0
31.092114210128784,0.14995,0.13964999999999997,-0.26953499999999997,66.35211181640625,0,7,0.0,0.0,0.0,-20.0,-20.0,0.0,-20.0,20.0
31.191117763519287,0.14995,0.13985000000000003,-0.26643,66.35211181640625,0,6,0.0,0.0,0.0,-20.0,-20.0,0.0,-20.0,20.0
31.28711247444153,0.14995,0.1400375,-0.263185,66.35211181640625,0,6,0.0,0.0,0.0,-20.0,-20.0,0.0,-20.0,20.0
31.384114027023315,0.14995,0.1402,-0.260675,66.35211181640625,0,6,0.0,0.0,0.0,-20.0,-20.0,0.0,-20.0,20.0
31.51711368560791,0.14996249999999997,0.14035000000000003,-0.2583875,66.35211181640625,0,6,0.0,0.0,0.0,-20.0,-20.0,0.0,-20.0,20.0
31.63211750984192,0.14996249999999997,0.14060000000000003,-0.254805,66.35211181640625,0,5,0.0,0.0,0.0,-20.0,-20.0,0.0,-20.0,20.0
31.726110458374023,0.14996249999999997,0.14073750000000002,-0.2528425,66.35211181640625,0,5,0.0,0.0,0.0,-20.0,-20.0,0.0,-20.0,20.0
31.823128938674927,0.14996249999999997,0.140875,-0.25095,66.35211181640625,0,4,0.0,0.0,0.0,-20.0,-20.0,0.0,-20.0,20.0
31.91867160797119,0.14996249999999997,0.14102499999999998,-0.24901749999999997,66.35211181640625,0,4,0.0,0.0,0.0,-20.0,-20.0,0.0,-20.0,20.0
32.01365900039673,0.14997500000000002,0.14117500000000002,-0.24716500000000002,66.35211181640625,0,4,0.0,0.0,0.0,-20.0,-20.0,0.0,-20.0,20.0
32.09065771102905,0.14997500000000002,0.14133749999999998,-0.24533750000000001,66.35211181640625,0,4,0.0,0.0,0.0,-20.0,-20.0,0.0,-20.0,20.0
32.16865921020508,0.14997500000000002,0.14145,-0.24391,66.35211181640625,0,4,0.0,0.0,0.0,-20.0,-20.0,0.0,-20.0,20.0
32.26566767692566,0.14997500000000002,0.1415625,-0.2425125,66.35211181640625,0,4,0.0,0.0,0.0,-20.0,-20.0,0.0,-20.0,20.0
32.35866022109985,0.14997500000000002,0.14172500000000002,-0.2408075,66.35211181640625,0,3,0.0,0.0,0.0,-20.0,-20.0,0.0,-20.0,20.0
32.454219579696655,0.14997500000000002,0.1418625,-0.23920999999999998,66.35211181640625,0,3,20.0,0.0,0.0,-20.0,0.0,-20.0,-20.0,0.0
32.55019998550415,0.14997500000000002,0.14202499999999998,-0.23757499999999998,66.35211181640625,0,3,20.0,0.0,0.0,-20.0,0.0,-20.0,-20.0,0.0
32.689199686050415,0.1496875,0.14207499999999998,-0.23572750000000003,66.35211181640625,0,2,20.0,0.0,0.0,-20.0,0.0,-20.0,-20.0,0.0
32.78819537162781,0.14788749999999998,0.14148750000000002,-0.23288999999999999,66.35211181640625,0,3,20.0,0.0,0.0,-20.0,0.0,-20.0,-20.0,0.0
32.88571238517761,0.1459375,0.1408625,-0.22982999999999998,66.35211181640625,0,4,20.0,0.0,0.0,-20.0,0.0,-20.0,-20.0,0.0
32.982720136642456,0.1438125,0.14017500000000002,-0.226465,66.35211181640625,0,4,20.0,0.0,0.0,-20.0,0.0,-20.0,-20.0,0.0
33.078715801239014,0.1416375,0.1394375,-0.22304500000000002,66.35211181640625,0,5,20.0,0.0,0.0,-20.0,0.0,-20.0,-20.0,0.0
33.174723625183105,0.13955,0.1387375,-0.21975,66.35211181640625,0,6,20.0,0.0,0.0,-20.0,0.0,-20.0,-20.0,0.0
33.2707154750824,0.13739999999999997,0.13801249999999998,-0.216365,66.35211181640625,0,6,20.0,0.0,0.0,-20.0,0.0,-20.0,-20.0,0.0
33.36671566963196,0.1353,0.1373,-0.213055,66.35211181640625,0,7,20.0,0.0,0.0,-20.0,0.0,-20.0,-20.0,0.0
33.46471643447876,0.13316250000000002,0.1365625,-0.20969,66.35211181640625,0,8,20.0,0.0,0.0,-20.0,0.0,-20.0,-20.0,0.0
33.55971670150757,0.1309875,0.1358,-0.20628,66.35211181640625,0,8,20.0,0.0,0.0,-20.0,0.0,-20.0,-20.0,0.0
33.65672326087952,0.1289,0.1350625,-0.203,66.35211181640625,0,9,20.0,0.0,0.0,-20.0,0.0,-20.0,-20.0,0.0
33.78926181793213,0.12672500000000003,0.13428750000000003,-0.19957999999999998,66.35211181640625,0,9,20.0,0.0,0.0,-20.0,0.0,-20.0,-20.0,0.0
33.87626791000366,0.1235625,0.13315,-0.19458499999999998,66.35211181640625,0,10,20.0,0.0,0.0,-20.0,0.0,-20.0,-20.0,0.0
33.97326397895813,0.12189999999999998,0.13253750000000003,-0.191955,66.35211181640625,0,9,20.0,0.0,0.0,-20.0,0.0,-20.0,-20.0,0.0
34.046262979507446,0.11972500000000003,0.1317375,-0.18854,66.35211181640625,0,10,20.0,0.0,0.0,-20.0,0.0,-20.0,-20.0,0.0
34.11826276779175,0.118125,0.13115,-0.186025,66.35211181640625,0,10,20.0,0.0,0.0,-20.0,0.0,-20.0,-20.0,0.0
34.21628928184509,0.11652499999999998,0.13055,-0.18350999999999998,66.35211181640625,0,9,20.0,0.0,0.0,-20.0,0.0,-20.0,-20.0,0.0
34.28926634788513,0.114375,0.12971249999999998,-0.180105,66.35211181640625,0,10,20.0,0.0,0.0,-20.0,0.0,-20.0,-20.0,0.0
34.36126375198364,0.11275,0.12910000000000002,-0.17755,66.35211181640625,0,10,20.0,0.0,0.0,-20.0,0.0,-20.0,-20.0,0.0
34.459264278411865,0.11116250000000003,0.12847500000000003,-0.17505,66.35211181640625,0,9,20.0,0.0,0.0,-20.0,0.0,-20.0,-20.0,0.0
34.53126120567322,0.10898750000000001,0.127625,-0.17164500000000002,66.35211181640625,0,10,20.0,0.0,0.0,-20.0,0.0,-20.0,-20.0,0.0
34.627264976501465,0.10739999999999998,0.127,-0.16913499999999998,66.35211181640625,0,9,20.0,0.0,0.0,-20.0,0.0,-20.0,-20.0,0.0
34.70027828216553,0.10525,0.12613749999999999,-0.16575,66.35211181640625,0,10,20.0,0.0,0.0,-20.0,0.0,-20.0,-20.0,0.0
34.79726266860962,0.1036375,0.1254875,-0.163215,66.35211181640625,0,9,20.0,0.0,0.0,-20.0,0.0,-20.0,-20.0,0.0
34.86827254295349,0.10151249999999999,0.12460000000000002,-0.15986,66.35211181640625,0,10,20.0,0.0,0.0,-20.0,0.0,-20.0,-20.0,0.0
34.955830097198486,0.0998125,0.12388749999999998,-0.157185,66.35211181640625,0,10,20.0,0.0,0.0,-20.0,0.0,-20.0,-20.0,0.0
35.06537580490112,0.0976875,0.12298750000000001,-0.153825,66.35211181640625,0,9,20.0,0.0,0.0,-20.0,0.0,-20.0,-20.0,0.0
35.1623740196228,0.095575,0.12208749999999997,-0.15049500000000002,66.35211181640625,0,9,20.0,0.0,0.0,-20.0,0.0,-20.0,-20.0,0.0
35.233376026153564,0.09341250000000002,0.1211375,-0.147115,66.35211181640625,0,10,20.0,0.0,0.0,-20.0,0.0,-20.0,-20.0,0.0
35.332377672195435,0.09183749999999997,0.12044999999999999,-0.144625,66.35211181640625,0,9,20.0,0.0,0.0,-20.0,0.0,-20.0,-20.0,0.0
35.40540432929993,0.089675,0.11947500000000003,-0.14121,66.35211181640625,0,10,20.0,0.0,0.0,-20.0,0.0,-20.0,-20.0,0.0
35.50437355041504,0.08803750000000002,0.11873750000000001,-0.138625,66.35211181640625,0,9,20.0,0.0,0.0,-20.0,0.0,-20.0,-20.0,0.0
35.57837510108948,0.085875,0.11775,-0.13522499999999998,66.35211181640625,0,10,20.0,0.0,0.0,-20.0,0.0,-20.0,-20.0,0.0
35.67637324333191,0.08421249999999998,0.11697500000000002,-0.13262000000000002,66.35211181640625,0,9,20.0,0.0,0.0,-20.0,0.0,-20.0,-20.0,0.0
35.74737334251404,0.0820625,0.1159375,-0.12922,66.35211181640625,0,10,20.0,0.0,0.0,-20.0,0.0,-20.0,-20.0,0.0
35.82038688659668,0.08048750000000002,0.1151875,-0.126755,66.35211181640625,0,10,20.0,0.0,0.0,-20.0,0.0,-20.0,-20.0,0.0
35.892375230789185,0.078875,0.11439999999999997,-0.12419999999999999,66.35211181640625,0,10,20.0,0.0,0.0,-20.0,0.0,-20.0,-20.0,0.0
35.98937225341797,0.07727499999999998,0.1136125,-0.121685,66.35211181640625,0,9,20.0,0.0,0.0,-20.0,0.0,-20.0,-20.0,0.0
36.071375131607056,0.075125,0.1125,-0.11829499999999998,66.35211181640625,0,10,20.0,0.0,0.0,-20.0,0.0,-20.0,-20.0,0.0
36.16737675666809,0.0730125,0.11142500000000001,-0.11498500000000002,66.35211181640625,0,10,20.0,0.0,0.0,-20.0,0.0,-20.0,-20.0,0.0
36.2403724193573,0.0710625,0.11042500000000001,-0.11191,66.35211181640625,0,10,20.0,0.0,0.0,-20.0,0.0,-20.0,-20.0,0.0
36.31237316131592,0.0695625,0.10964999999999998,-0.10955500000000001,66.35211181640625,0,10,20.0,0.0,0.0,-20.0,0.0,-20.0,-20.0,0.0
36.409371852874756,0.0679875,0.10878750000000002,-0.10706,66.35211181640625,0,9,20.0,0.0,0.0,-20.0,0.0,-20.0,-20.0,0.0
36.48437976837158,0.06580000000000001,0.10757499999999999,-0.10363,66.35211181640625,0,10,20.0,0.0,0.0,-20.0,0.0,-20.0,-20.0,0.0
36.556389808654785,0.06417500000000001,0.106675,-0.10107,66.35211181640625,0,10,20.0,0.0,0.0,-20.0,0.0,-20.0,-20.0,0.0
36.62738037109375,0.0625625,0.10577499999999998,-0.098535,66.35211181640625,0,10,20.0,0.0,0.0,-20.0,0.0,-20.0,-20.0,0.0
36.72537159919739,0.060987500000000014,0.1048875,-0.096055,66.35211181640625,0,9,20.0,0.0,0.0,-20.0,0.0,-20.0,-20.0,0.0
36.799373626708984,0.05883749999999998,0.10361250000000001,-0.092655,66.35211181640625,0,10,20.0,0.0,0.0,-20.0,0.0,-20.0,-20.0,0.0
36.8743736743927,0.0571875,0.102625,-0.09006499999999999,66.35211181640625,0,10,20.0,0.0,0.0,-20.0,0.0,-20.0,-20.0,0.0
36.972391843795776,0.05555000000000001,0.101625,-0.087475,66.35211181640625,0,9,20.0,0.0,0.0,-20.0,0.0,-20.0,-20.0,0.0
37.044373512268066,0.053362500000000014,0.10025,-0.08403999999999999,66.35211181640625,0,10,20.0,0.0,0.0,-20.0,0.0,-20.0,-20.0,0.0
37.14238524436951,0.051774999999999974,0.09925,-0.08153999999999999,66.35211181640625,0,9,20.0,0.0,0.0,-20.0,0.0,-20.0,-20.0,0.0
37.2133731842041,0.049625,0.09780000000000001,-0.078145,66.35211181640625,0,10,20.0,0.0,0.0,-20.0,0.0,-20.0,-20.0,0.0
37.306371450424194,0.047850000000000024,0.09660000000000002,-0.075345,66.35211181640625,0,10,20.0,0.0,0.0,-20.0,0.0,-20.0,-20.0,0.0
37.419379234313965,0.04569999999999999,0.09513749999999999,-0.07194999999999999,66.35211181640625,0,9,20.0,0.0,0.0,-20.0,0.0,-20.0,-20.0,0.0
37.51637268066406,0.04351249999999999,0.0935625,-0.068505,66.35211181640625,0,9,20.0,0.0,0.0,-20.0,0.0,-20.0,-20.0,0.0
37.588375091552734,0.04136250000000001,0.09197500000000003,-0.065115,66.35211181640625,0,10,20.0,0.0,0.0,-20.0,0.0,-20.0,-20.0,0.0
37.68537211418152,0.03973750000000001,0.09073750000000001,-0.06256999999999999,66.35211181640625,0,9,20.0,0.0,0.0,-20.0,0.0,-20.0,-20.0,0.0
37.755385875701904,0.03760000000000002,0.08907499999999999,-0.05922499999999999,66.35211181640625,0,10,20.0,0.0,0.0,-20.0,0.0,-20.0,-20.0,0.0
37.853378772735596,0.03603750000000002,0.08780000000000002,-0.05676499999999999,66.35211181640625,0,9,20.0,0.0,0.0,-20.0,0.0,-20.0,-20.0,0.0
37.95137286186218,0.03388749999999999,0.08597500000000002,-0.05336500000000001,66.35211181640625,0,9,20.0,0.0,0.0,-20.0,0.0,-20.0,-20.0,0.0
38.023377656936646,0.03173750000000001,0.08405000000000001,-0.04997000000000003,66.35211181640625,0,10,20.0,0.0,0.0,-20.0,0.0,-20.0,-20.0,0.0
38.094377517700195,0.030137499999999987,0.082625,-0.04745499999999998,66.35211181640625,0,10,20.0,0.0,0.0,-20.0,0.0,-20.0,-20.0,0.0
38.189899921417236,0.0285625,0.08113749999999999,-0.04498000000000002,66.35211181640625,0,9,20.0,0.0,0.0,-20.0,0.0,-20.0,-20.0,0.0
38.26289629936218,0.0264375,0.07898750000000002,-0.041625,66.35211181640625,0,10,20.0,0.0,0.0,-20.0,0.0,-20.0,-20.0,0.0
38.334946393966675,0.02482499999999999,0.07736250000000001,-0.03908999999999997,66.35211181640625,0,10,20.0,0.0,0.0,-20.0,0.0,-20.0,-20.0,0.0
38.460951805114746,0.02323750000000001,0.075675,-0.03658999999999998,66.35211181640625,0,9,20.0,0.0,0.0,-20.0,0.0,-20.0,-20.0,0.0
38.56902718544006,0.02019999999999999,0.07221249999999997,-0.031810000000000005,66.35211181640625,0,9,20.0,0.0,0.0,-20.0,0.0,-20.0,-20.0,0.0
38.64101529121399,0.018400000000000007,0.06994999999999998,-0.028982500000000015,66.35211181640625,0,10,20.0,0.0,0.0,-20.0,0.0,-20.0,-20.0,0.0
38.738019943237305,0.01738749999999999,0.06863749999999999,-0.027382499999999994,66.35211181640625,0,9,20.0,0.0,0.0,-20.0,0.0,-20.0,-20.0,0.0
38.836015701293945,0.016300000000000012,0.06714999999999997,-0.025660000000000027,66.35211181640625,0,9,20.0,0.0,0.0,-20.0,0.0,-20.0,-20.0,0.0
38.90801525115967,0.014987500000000011,0.06526249999999999,-0.023600000000000024,66.35211181640625,0,10,20.0,0.0,0.0,-20.0,0.0,-20.0,-20.0,0.0
39.005016565322876,0.014050000000000012,0.063875,-0.022125,66.35211181640625,0,8,20.0,0.0,0.0,-20.0,0.0,-20.0,-20.0,0.0
39.10256314277649,0.012900000000000005,0.06205000000000001,-0.020302500000000008,66.35211181640625,0,8,20.0,0.0,0.0,-20.0,0.0,-20.0,-20.0,0.0
39.19856357574463,0.0118125,0.06022500000000002,-0.018592499999999974,66.35211181640625,0,8,20.0,0.0,0.0,-20.0,0.0,-20.0,-20.0,0.0
39.296080589294434,0.011,0.05877499999999998,-0.017310000000000002,66.35211181640625,0,8,20.0,0.0,0.0,-20.0,0.0,-20.0,-20.0,0.0
39.39108204841614,0.010099999999999994,0.05711250000000001,-0.015892499999999983,66.35211181640625,0,8,20.0,0.0,0.0,-20.0,0.0,-20.0,-20.0,0.0
39.48608660697937,0.009237500000000011,0.055412500000000024,-0.014535000000000025,66.35211181640625,0,9,20.0,0.0,0.0,-20.0,0.0,-20.0,-20.0,0.0
39.62708497047424,0.008349999999999995,0.05357499999999999,-0.013157500000000027,66.35211181640625,0,8,20.0,0.0,0.0,-20.0,0.0,-20.0,-20.0,0.0
39.72508144378662,0.007050000000000011,0.05058749999999998,-0.011105000000000018,66.35211181640625,0,7,0.0,20.0,0.0,0.0,-20.0,-20.0,-20.0,0.0
39.82009553909302,0.006300000000000011,0.0486875,-0.009910000000000025,66.35211181640625,0,5,0.0,20.0,0.0,0.0,-20.0,-20.0,-20.0,0.0
39.91608452796936,0.005712500000000006,0.04711250000000001,-0.008985000000000014,66.35211181640625,0,3,0.0,20.0,0.0,0.0,-20.0,-20.0,-20.0,0.0
39.996089220047,0.005137499999999988,0.04547500000000002,-0.008100000000000022,66.35211181640625,0,2,0.0,20.0,0.0,0.0,-20.0,-20.0,-20.0,0.0
40.07709050178528,0.004862500000000012,0.044625,-0.007662500000000023,66.35211181640625,0,2,0.0,20.0,0.0,0.0,-20.0,-20.0,-20.0,0.0
40.15608072280884,0.0046875,0.0440625,-0.007372500000000002,66.35211181640625,0,2,0.0,20.0,0.0,0.0,-20.0,-20.0,-20.0,0.0
40.23408651351929,0.004512499999999989,0.04352499999999998,-0.007112500000000011,66.35211181640625,0,2,0.0,20.0,0.0,0.0,-20.0,-20.0,-20.0,0.0
40.32809591293335,0.0043499999999999945,0.043,-0.0068575000000000155,66.35211181640625,0,2,0.0,20.0,0.0,0.0,-20.0,-20.0,-20.0,0.0
40.407896995544434,0.004162499999999994,0.04233749999999998,-0.0065500000000000115,66.35211181640625,0,2,0.0,20.0,0.0,0.0,-20.0,-20.0,-20.0,0.0
40.48588705062866,0.004,0.041787500000000026,-0.0063025000000000095,66.35211181640625,0,2,0.0,20.0,0.0,0.0,-20.0,-20.0,-20.0,0.0
40.58188819885254,0.0038499999999999945,0.04123750000000001,-0.006060000000000002,66.35211181640625,0,2,0.0,20.0,0.0,0.0,-20.0,-20.0,-20.0,0.0
40.69797086715698,0.0036624999999999943,0.0405625,-0.0057674999999999844,66.35211181640625,0,2,0.0,20.0,0.0,0.0,-20.0,-20.0,-20.0,0.0
40.80394244194031,0.0034375,0.03967500000000001,-0.005402499999999975,66.35211181640625,0,1,0.0,20.0,0.0,0.0,-20.0,-20.0,-20.0,0.0
40.8829391002655,0.003237500000000011,0.0389375,-0.005112500000000011,66.35211181640625,0,1,0.0,20.0,0.0,0.0,-20.0,-20.0,-20.0,0.0
40.96193790435791,0.003137499999999989,0.038487500000000015,-0.004947499999999991,66.35211181640625,0,1,0.0,20.0,0.0,0.0,-20.0,-20.0,-20.0,0.0
41.056936264038086,0.0030124999999999887,0.03797500000000002,-0.004747500000000003,66.35211181640625,0,1,0.0,20.0,0.0,0.0,-20.0,-20.0,-20.0,0.0
41.1369514465332,0.0028625000000000113,0.03732499999999999,-0.004509999999999991,66.35211181640625,0,1,0.0,20.0,0.0,0.0,-20.0,-20.0,-20.0,0.0
41.233938694000244,0.0027750000000000058,0.036899999999999974,-0.004360000000000014,66.35211181640625,0,1,0.0,20.0,0.0,0.0,-20.0,-20.0,-20.0,0.0
41.31093883514404,0.002637499999999989,0.03630000000000001,-0.004154999999999973,66.35211181640625,0,1,0.0,20.0,0.0,0.0,-20.0,-20.0,-20.0,0.0
41.390939235687256,0.0025500000000000115,0.03588749999999999,-0.004012499999999988,66.35211181640625,0,1,0.0,20.0,0.0,0.0,-20.0,-20.0,-20.0,0.0
41.48493528366089,0.0024375,0.03536250000000001,-0.0038500000000000227,66.35211181640625,0,1,0.0,20.0,0.0,0.0,-20.0,-20.0,-20.0,0.0
41.56294918060303,0.0023249999999999885,0.03482499999999999,-0.003670000000000016,66.35211181640625,0,0,0.0,20.0,0.0,0.0,-20.0,-20.0,-20.0,0.0
41.65893745422363,0.00225,0.034375,-0.0035425000000000183,66.35211181640625,0,1,0.0,20.0,0.0,0.0,-20.0,-20.0,-20.0,0.0
41.753939151763916,0.0021500000000000056,0.033875,-0.0033799999999999954,66.35211181640625,0,0,0.0,20.0,0.0,0.0,-20.0,-20.0,-20.0,0.0
41.863948822021484,0.0020625,0.033400000000000006,-0.00325,66.35211181640625,0,0,0.0,20.0,0.0,0.0,-20.0,-20.0,-20.0,0.0
41.94293403625488,0.001974999999999994,0.032949999999999986,-0.0031200000000000047,66.35211181640625,0,0,0.0,20.0,0.0,0.0,-20.0,-20.0,-20.0,0.0
42.023951292037964,0.0019000000000000056,0.0325375,-0.003,66.35211181640625,0,1,0.0,20.0,0.0,0.0,-20.0,-20.0,-20.0,0.0
42.12093687057495,0.0018249999999999885,0.03205000000000001,-0.0028700000000000045,66.35211181640625,0,0,0.0,20.0,0.0,0.0,-20.0,-20.0,-20.0,0.0
42.19894528388977,0.00175,0.03161250000000001,-0.0027599999999999908,66.35211181640625,0,0,0.0,20.0,0.0,0.0,-20.0,-20.0,-20.0,0.0
42.277936935424805,0.0016750000000000113,0.0311875,-0.002652499999999975,66.35211181640625,0,1,0.0,20.0,0.0,0.0,-20.0,-20.0,-20.0,0.0
42.357935667037964,0.001625,0.030762499999999988,-0.0025425000000000183,66.35211181640625,0,1,0.0,20.0,0.0,0.0,-20.0,-20.0,-20.0,0.0
42.43693804740906,0.0015500000000000114,0.030324999999999987,-0.0024399999999999977,66.35211181640625,0,0,0.0,20.0,0.0,0.0,-20.0,-20.0,-20.0,0.0
42.51594257354736,0.0014875000000000114,0.029912499999999995,-0.002339999999999975,66.35211181640625,0,0,0.0,20.0,0.0,0.0,-20.0,-20.0,-20.0,0.0
42.593937158584595,0.0014250000000000113,0.0295,-0.00225,66.35211181640625,0,0,0.0,20.0,0.0,0.0,-20.0,-20.0,-20.0,0.0
42.67493677139282,0.001375,0.029099999999999994,-0.002160000000000025,66.35211181640625,0,0,0.0,20.0,0.0,0.0,-20.0,-20.0,-20.0,0.0
42.753934383392334,0.0013249999999999887,0.02869999999999999,-0.0020699999999999933,66.35211181640625,0,0,0.0,20.0,0.0,0.0,-20.0,-20.0,-20.0,0.0
42.848939657211304,0.0012624999999999887,0.0283125,-0.001990000000000009,66.35211181640625,0,0,0.0,20.0,0.0,0.0,-20.0,-20.0,-20.0,0.0
42.94293761253357,0.0012125000000000057,0.027925000000000012,-0.001910000000000025,66.35211181640625,0,0,0.0,20.0,0.0,0.0,-20.0,-20.0,-20.0,0.0
43.02093482017517,0.0011750000000000113,0.027537499999999996,-0.001829999999999984,66.35211181640625,0,0,0.0,20.0,0.0,0.0,-20.0,-20.0,-20.0,0.0
43.097936391830444,0.001125,0.027162499999999996,-0.001759999999999991,66.35211181640625,0,0,0.0,20.0,0.0,0.0,-20.0,-20.0,-20.0,0.0
43.17793822288513,0.0010749999999999887,0.026787499999999995,-0.0016899999999999977,66.35211181640625,0,0,0.0,20.0,0.0,0.0,-20.0,-20.0,-20.0,0.0
43.256964921951294,0.0010250000000000057,0.02642500000000001,-0.0016200000000000045,66.35211181640625,0,0,0.0,20.0,0.0,0.0,-20.0,-20.0,-20.0,0.0
43.33794975280762,0.0009875000000000114,0.0260625,-0.0015600000000000024,66.35211181640625,0,0,0.0,20.0,0.0,0.0,-20.0,-20.0,-20.0,0.0
43.43493604660034,0.0009499999999999886,0.02569999999999999,-0.0015,66.35211181640625,0,0,0.0,20.0,0.0,0.0,-20.0,-20.0,-20.0,0.0
43.512941122055054,0.0009124999999999943,0.025349999999999994,-0.0014399999999999977,66.35211181640625,0,0,0.0,20.0,0.0,0.0,-20.0,-20.0,-20.0,0.0
43.59293866157532,0.000875,0.025,-0.0013799999999999954,66.35211181640625,0,0,0.0,20.0,0.0,0.0,-20.0,-20.0,-20.0,0.0
43.67094135284424,0.0008375000000000057,0.024662499999999993,-0.0013199999999999933,66.35211181640625,0,0,0.0,20.0,0.0,0.0,-20.0,-20.0,-20.0,0.0
43.74893665313721,0.0008125,0.02432499999999999,-0.0012699999999999819,66.35211181640625,0,0,0.0,20.0,0.0,0.0,-20.0,-20.0,-20.0,0.0
43.8449387550354,0.0007750000000000057,0.023987500000000012,-0.0012200000000000273,66.35211181640625,0,0,0.0,20.0,0.0,0.0,-20.0,-20.0,-20.0,0.0
43.922958850860596,0.0007375000000000114,0.023662499999999996,-0.0011700000000000159,66.35211181640625,0,0,0.0,20.0,0.0,0.0,-20.0,-20.0,-20.0,0.0
44.03094172477722,0.0007125000000000057,0.023337500000000004,-0.0011200000000000045,66.35211181640625,0,0,0.0,20.0,0.0,0.0,-20.0,-20.0,-20.0,0.0
44.12493634223938,0.0006875,0.023025000000000007,-0.0010799999999999842,66.35211181640625,0,0,0.0,20.0,0.0,0.0,-20.0,-20.0,-20.0,0.0
44.204941272735596,0.0006624999999999944,0.022699999999999988,-0.0010400000000000205,66.35211181640625,0,0,0.0,20.0,0.0,0.0,-20.0,-20.0,-20.0,0.0
44.28593993186951,0.000625,0.022387499999999987,-0.000990000000000009,66.35211181640625,0,0,0.0,20.0,0.0,0.0,-20.0,-20.0,-20.0,0.0
44.37893772125244,0.0006125000000000114,0.022074999999999987,-0.0009499999999999886,66.35211181640625,0,0,0.0,20.0,0.0,0.0,-20.0,-20.0,-20.0,0.0
44.45694088935852,0.0005749999999999886,0.021775000000000006,-0.000920000000000016,66.35211181640625,0,0,0.0,20.0,0.0,0.0,-20.0,-20.0,-20.0,0.0
44.55196166038513,0.0005625,0.021474999999999994,-0.0008799999999999955,66.35211181640625,0,0,0.0,20.0,0.0,0.0,-20.0,-20.0,-20.0,0.0
44.63193941116333,0.0005374999999999944,0.0211875,-0.000839999999999975,66.35211181640625,0,0,0.0,20.0,0.0,0.0,-20.0,-20.0,-20.0,0.0
44.72593283653259,0.0005250000000000057,0.020900000000000005,-0.0008100000000000022,66.35211181640625,0,0,0.0,20.0,0.0,0.0,-20.0,-20.0,-20.0,0.0
44.80695033073425,0.00048750000000001136,0.020612500000000013,-0.0007799999999999727,66.35211181640625,0,0,0.0,20.0,0.0,0.0,-20.0,-20.0,-20.0,0.0
44.90194296836853,0.0004749999999999943,0.02032499999999999,-0.00075,66.35211181640625,0,0,0.0,20.0,0.0,0.0,-20.0,-20.0,-20.0,0.0
44.98093557357788,0.00046250000000000566,0.020050000000000012,-0.0007200000000000273,66.35211181640625,0,0,0.0,20.0,0.0,0.0,-20.0,-20.0,-20.0,0.0
45.09894418716431,0.0004375,0.019775000000000004,-0.0006899999999999977,66.35211181640625,0,0,0.0,20.0,0.0,0.0,-20.0,-20.0,-20.0,0.0
45.17695593833923,0.00042500000000001136,0.019512499999999988,-0.000660000000000025,66.35211181640625,0,0,0.0,20.0,0.0,0.0,-20.0,-20.0,-20.0,0.0
45.25693917274475,0.0004000000000000057,0.01923750000000001,-0.0006299999999999955,66.35211181640625,0,0,0.0,20.0,0.0,0.0,-20.0,-20.0,-20.0,0.0
45.34993600845337,0.00038749999999998866,0.018974999999999995,-0.0006100000000000136,66.35211181640625,0,0,0.0,20.0,0.0,0.0,-20.0,-20.0,-20.0,0.0
45.42993688583374,0.000375,0.018724999999999995,-0.0005799999999999841,66.35211181640625,0,0,0.0,20.0,0.0,0.0,-20.0,-20.0,-20.0,0.0
45.50793719291687,0.00036250000000001136,0.018462500000000007,-0.0005600000000000022,66.35211181640625,0,0,0.0,20.0,0.0,0.0,-20.0,-20.0,-20.0,0.0
45.60193371772766,0.0003375000000000057,0.018212500000000006,-0.0005400000000000205,66.35211181640625,0,0,0.0,20.0,0.0,0.0,-20.0,-20.0,-20.0,0.0
45.67894220352173,0.00032499999999998866,0.017962500000000006,-0.0005199999999999818,66.35211181640625,0,0,0.0,20.0,0.0,0.0,-20.0,-20.0,-20.0,0.0
45.77594065666199,0.00032499999999998866,0.017712500000000006,-0.0005,66.35211181640625,0,0,0.0,20.0,0.0,0.0,-20.0,-20.0,-20.0,0.0
45.8539342880249,0.00030000000000001136,0.017474999999999994,-0.00048000000000001817,66.35211181640625,0,0,0.0,20.0,0.0,0.0,-20.0,-20.0,-20.0,0.0
45.93293905258179,0.0002874999999999943,0.017224999999999994,-0.0004599999999999795,66.35211181640625,0,0,0.0,20.0,0.0,0.0,-20.0,-20.0,-20.0,0.0
46.02793502807617,0.0002750000000000057,0.016987500000000013,-0.00043999999999999774,66.35211181640625,0,0,0.0,20.0,0.0,0.0,-20.0,-20.0,-20.0,0.0
46.114938497543335,0.0002750000000000057,0.01676249999999999,-0.0004200000000000159,66.35211181640625,0,0,0.0,20.0,0.0,0.0,-20.0,-20.0,-20.0,0.0
46.208943128585815,0.00026249999999998865,0.016525000000000005,-0.00041000000000002504,66.35211181640625,0,0,0.0,20.0,0.0,0.0,-20.0,-20.0,-20.0,0.0
46.28693437576294,0.00025,0.016300000000000012,-0.00038999999999998633,66.35211181640625,0,0,0.0,20.0,0.0,0.0,-20.0,-20.0,-20.0,0.0
46.36694383621216,0.00023750000000001136,0.01607499999999999,-0.00037000000000000455,66.35211181640625,0,0,0.0,20.0,0.0,0.0,-20.0,-20.0,-20.0,0.0
46.460932970047,0.00022499999999999433,0.015862500000000012,-0.00036000000000001363,66.35211181640625,0,0,0.0,20.0,0.0,0.0,-20.0,-20.0,-20.0,0.0
46.53893542289734,0.00022499999999999433,0.015637499999999988,-0.000339999999999975,66.35211181640625,0,0,0.0,20.0,0.0,0.0,-20.0,-20.0,-20.0,0.0
46.63493990898132,0.00021250000000000568,0.015425000000000012,-0.00032999999999998406,66.35211181640625,0,0,0.0,20.0,0.0,0.0,-20.0,-20.0,-20.0,0.0
46.711934089660645,0.00019999999999998863,0.015224999999999994,-0.0003199999999999932,66.35211181640625,0,0,0.0,20.0,0.0,0.0,-20.0,-20.0,-20.0,0.0
46.79193663597107,0.0001875,0.01501249999999999,-0.00030000000000001136,66.35211181640625,0,0,0.0,20.0,0.0,0.0,-20.0,-20.0,-20.0,0.0
46.88693690299988,0.0001875,0.014800000000000011,-0.00029000000000002044,66.35211181640625,0,0,0.0,20.0,0.0,0.0,-20.0,-20.0,-20.0,0.0
46.9679491519928,0.00017500000000001136,0.014599999999999995,-0.0002799999999999727,66.35211181640625,0,0,0.0,20.0,0.0,0.0,-20.0,-20.0,-20.0,0.0
47.04794096946716,0.00017500000000001136,0.014400000000000007,-0.0002699999999999818,66.35211181640625,0,0,0.0,20.0,0.0,0.0,-20.0,-20.0,-20.0,0.0
47.127955198287964,0.00016249999999999433,0.014199999999999989,-0.0002599999999999909,66.35211181640625,0,0,0.0,20.0,0.0,0.0,-20.0,-20.0,-20.0,0.0
47.227943897247314,0.00016249999999999433,0.014012499999999989,-0.00025,66.35211181640625,0,0,0.0,20.0,0.0,0.0,-20.0,-20.0,-20.0,0.0
47.33093452453613,0.00015000000000000568,0.013824999999999988,-0.00024000000000000909,66.35211181640625,0,0,0.0,20.0,0.0,0.0,-20.0,-20.0,-20.0,0.0
47.41093826293945,0.00015000000000000568,0.013625,-0.0002300000000000182,66.35211181640625,0,0,0.0,20.0,0.0,0.0,-20.0,-20.0,-20.0,0.0
47.506935834884644,0.00013749999999998862,0.0134375,-0.00022000000000002728,66.35211181640625,0,0,0.0,20.0,0.0,0.0,-20.0,-20.0,-20.0,0.0
47.58493709564209,0.000125,0.013262499999999988,-0.00020999999999997954,66.35211181640625,0,0,0.0,20.0,0.0,0.0,-20.0,-20.0,-20.0,0.0
47.66295003890991,0.000125,0.01307499999999999,-0.00019999999999998863,66.35211181640625,0,0,0.0,20.0,0.0,0.0,-20.0,-20.0,-20.0,0.0
47.75593638420105,0.000125,0.012900000000000005,-0.00018999999999999773,66.35211181640625,0,0,0.0,20.0,0.0,0.0,-20.0,-20.0,-20.0,0.0
47.834943771362305,0.000125,0.012724999999999995,-0.00018999999999999773,66.35211181640625,0,0,0.0,20.0,0.0,0.0,-20.0,-20.0,-20.0,0.0
47.930936098098755,0.00011250000000001137,0.01255000000000001,-0.00018000000000000681,66.35211181640625,0,0,0.0,20.0,0.0,0.0,-20.0,-20.0,-20.0,0.0
48.00994563102722,0.00011250000000001137,0.012375,-0.00017000000000001592,66.35211181640625,0,0,0.0,20.0,0.0,0.0,-20.0,-20.0,-20.0,0.0
48.090954303741455,9.999999999999431e-05,0.012199999999999989,-0.00017000000000001592,66.35211181640625,0,0,0.0,20.0,0.0,0.0,-20.0,-20.0,-20.0,0.0
48.18593621253967,9.999999999999431e-05,0.012037499999999994,-0.000160000000000025,66.35211181640625,0,0,0.0,20.0,0.0,0.0,-20.0,-20.0,-20.0,0.0
48.26393508911133,9.999999999999431e-05,0.011875,-0.00014999999999997727,66.35211181640625,0,0,0.0,20.0,0.0,0.0,-20.0,-20.0,-20.0,0.0
48.37049126625061,8.750000000000568e-05,0.011712500000000006,-0.00014999999999997727,66.35211181640625,0,0,0.0,20.0,0.0,0.0,-20.0,-20.0,-20.0,0.0
48.44949412345886,8.750000000000568e-05,0.011550000000000012,-0.00013999999999998635,66.35211181640625,0,0,0.0,20.0,0.0,0.0,-20.0,-20.0,-20.0,0.0
48.54448962211609,8.750000000000568e-05,0.011387499999999988,-0.00012999999999999546,66.35211181640625,0,0,0.0,20.0,0.0,0.0,-20.0,-20.0,-20.0,0.0
48.64048743247986,7.499999999998864e-05,0.011237500000000011,-0.00012999999999999546,66.35211181640625,0,0,0.0,20.0,0.0,0.0,-20.0,-20.0,-20.0,0.0
48.720494985580444,7.499999999998864e-05,0.01107499999999999,-0.00012000000000000454,66.35211181640625,0,0,0.0,20.0,0.0,0.0,-20.0,-20.0,-20.0,0.0
48.81349420547485,7.499999999998864e-05,0.010925000000000011,-0.00012000000000000454,66.35211181640625,0,0,0.0,20.0,0.0,0.0,-20.0,-20.0,-20.0,0.0
48.88848614692688,7.499999999998864e-05,0.010775000000000005,-0.00011000000000001364,66.35211181640625,0,0,0.0,20.0,0.0,0.0,-20.0,-20.0,-20.0,0.0
48.96749210357666,7.499999999998864e-05,0.010625,-0.00011000000000001364,66.35211181640625,0,0,0.0,20.0,0.0,0.0,-20.0,-20.0,-20.0,0.0
49.059486627578735,7.499999999998864e-05,0.01048750000000001,-0.00011000000000001364,66.35211181640625,0,0,0.0,20.0,0.0,0.0,-20.0,-20.0,-20.0,0.0
49.138487577438354,6.25e-05,0.010337500000000006,-0.00010000000000002273,66.35211181640625,0,0,0.0,20.0,0.0,0.0,-20.0,-20.0,-20.0,0.0
49.23351454734802,6.25e-05,0.010199999999999989,-0.00010000000000002273,66.35211181640625,0,0,0.0,20.0,0.0,0.0,-20.0,-20.0,-20.0,0.0
49.32801008224487,6.25e-05,0.0100625,-8.999999999997499e-05,66.35211181640625,0,0,0.0,20.0,0.0,0.0,-20.0,-20.0,-20.0,0.0
49.44001245498657,6.25e-05,0.009925000000000012,-8.999999999997499e-05,66.35211181640625,0,0,0.0,20.0,0.0,0.0,-20.0,-20.0,-20.0,0.0
49.51801109313965,5.0000000000011366e-05,0.009787499999999994,-8.999999999997499e-05,66.35211181640625,0,0,0.0,20.0,0.0,0.0,-20.0,-20.0,-20.0,0.0
49.59701132774353,5.0000000000011366e-05,0.009650000000000006,-7.999999999998408e-05,66.35211181640625,0,0,0.0,20.0,0.0,0.0,-20.0,-20.0,-20.0,0.0
49.69302010536194,5.0000000000011366e-05,0.009525000000000006,-7.999999999998408e-05,66.35211181640625,0,0,0.0,20.0,0.0,0.0,-20.0,-20.0,-20.0,0.0
49.8360230922699,5.0000000000011366e-05,0.009387499999999988,-7.999999999998408e-05,70.74318885803223,0,0,0.0,16.93445,3.0655499,0.0,-20.0,-20.0,-20.0,0.0
49.99501037597656,5.0000000000011366e-05,0.00926249999999999,-6.999999999999318e-05,75.27793884277344,0,0,0.0,13.768597,6.2314034,0.0,-20.0,-20.0,-20.0,0.0
50.15301442146301,3.749999999999432e-05,0.00913749999999999,-6.999999999999318e-05,80.0374231338501,0,0,0.0,10.44585,9.55415,0.0,-20.0,-20.0,-20.0,0.0
50.296013593673706,3.749999999999432e-05,0.00901249999999999,-6.999999999999318e-05,84.3088493347168,0,0,0.0,7.463831,12.536169,0.0,-20.0,-20.0,-20.0,0.0
50.43653202056885,3.749999999999432e-05,0.00888749999999999,-6.000000000000227e-05,88.86554431915283,0,0,0.0,4.2826576,15.717342,0.0,-20.0,-20.0,-20.0,0.0
50.612542152404785,3.749999999999432e-05,0.008775000000000005,-6.000000000000227e-05,92.72307109832764,0,0,0.0,1.589596,18.410404,0.0,-20.0,-20.0,-20.0,0.0
50.76653790473938,3.749999999999432e-05,0.008650000000000005,-6.000000000000227e-05,95.0,0,0,0.0,0.0,20.0,0.0,-20.0,-20.0,-20.0,0.0
50.84153342247009,3.749999999999432e-05,0.008525000000000007,-6.000000000000227e-05,95.0,0,0,0.0,0.0,20.0,0.0,-20.0,-20.0,-20.0,0.0
50.91853141784668,2.5000000000005683e-05,0.008412499999999995,-5.0000000000011366e-05,95.0,0,0,0.0,0.0,20.0,0.0,-20.0,-20.0,-20.0,0.0
50.99653363227844,2.5000000000005683e-05,0.008287499999999995,-5.0000000000011366e-05,95.0,0,0,0.0,0.0,20.0,0.0,-20.0,-20.0,-20.0,0.0
51.07553505897522,2.5000000000005683e-05,0.008175000000000012,-5.0000000000011366e-05,95.0,0,0,0.0,0.0,20.0,0.0,-20.0,-20.0,-20.0,0.0
51.152536153793335,2.5000000000005683e-05,0.008074999999999988,-5.0000000000011366e-05,95.0,0,0,0.0,0.0,20.0,0.0,-20.0,-20.0,-20.0,0.0
51.23253798484802,2.5000000000005683e-05,0.007962500000000006,-5.0000000000011366e-05,95.0,0,0,0.0,0.0,20.0,0.0,-20.0,-20.0,-20.0,0.0
51.31153702735901,2.5000000000005683e-05,0.007849999999999994,-4.000000000002046e-05,95.0,0,0,0.0,0.0,20.0,0.0,-20.0,-20.0,-20.0,0.0
51.39253759384155,2.5000000000005683e-05,0.007737500000000012,-4.000000000002046e-05,95.0,0,0,0.0,0.0,20.0,0.0,-20.0,-20.0,-20.0,0.0
51.47253465652466,2.5000000000005683e-05,0.007637499999999989,-4.000000000002046e-05,95.0,0,0,0.0,0.0,20.0,0.0,-20.0,-20.0,-20.0,0.0
51.55053353309631,2.5000000000005683e-05,0.007525000000000006,-4.000000000002046e-05,95.0,0,0,0.0,0.0,20.0,0.0,-20.0,-20.0,-20.0,0.0
51.629536390304565,2.5000000000005683e-05,0.0074250000000000115,-4.000000000002046e-05,95.0,0,0,0.0,0.0,20.0,0.0,-20.0,-20.0,-20.0,0.0
51.746532678604126,2.5000000000005683e-05,0.007324999999999989,-4.000000000002046e-05,95.0,0,0,0.0,0.0,20.0,0.0,-20.0,-20.0,-20.0,0.0
51.82753658294678,2.5000000000005683e-05,0.0072249999999999944,-2.9999999999972716e-05,95.0,0,0,0.0,0.0,20.0,0.0,-20.0,-20.0,-20.0,0.0
51.92553663253784,2.5000000000005683e-05,0.007125,-2.9999999999972716e-05,95.0,0,0,0.0,0.0,20.0,0.0,-20.0,-20.0,-20.0,0.0
52.01853537559509,2.5000000000005683e-05,0.007025000000000006,-2.9999999999972716e-05,95.0,0,0,0.0,0.0,20.0,0.0,-20.0,-20.0,-20.0,0.0
52.098532915115356,2.5000000000005683e-05,0.006925000000000011,-2.9999999999972716e-05,95.0,0,0,0.0,0.0,20.0,0.0,-20.0,-20.0,-20.0,0.0
52.193533182144165,2.5000000000005683e-05,0.006837500000000006,-2.9999999999972716e-05,95.0,0,0,0.0,0.0,20.0,0.0,-20.0,-20.0,-20.0,0.0
52.271541357040405,2.5000000000005683e-05,0.006737500000000012,-2.9999999999972716e-05,95.0,0,0,0.0,0.0,20.0,0.0,-20.0,-20.0,-20.0,0.0
52.36553406715393,2.5000000000005683e-05,0.006650000000000006,-2.9999999999972716e-05,95.0,0,0,0.0,0.0,20.0,0.0,-20.0,-20.0,-20.0,0.0
52.4415328502655,2.5000000000005683e-05,0.0065625,-2.9999999999972716e-05,95.0,0,0,0.0,0.0,20.0,0.0,-20.0,-20.0,-20.0,0.0
52.52053236961365,2.5000000000005683e-05,0.006474999999999995,-2.9999999999972716e-05,95.0,0,0,0.0,0.0,20.0,0.0,-20.0,-20.0,-20.0,0.0
52.60053849220276,2.5000000000005683e-05,0.006375,-1.999999999998181e-05,95.0,0,0,0.0,0.0,20.0,0.0,-20.0,-20.0,-20.0,0.0
52.677533864974976,1.2499999999988632e-05,0.006300000000000011,-1.999999999998181e-05,95.0,0,0,0.0,0.0,20.0,0.0,-20.0,-20.0,-20.0,0.0
52.75553250312805,1.2499999999988632e-05,0.006212500000000005,-1.999999999998181e-05,95.0,0,0,0.0,0.0,20.0,0.0,-20.0,-20.0,-20.0,0.0
52.86353158950806,1.2499999999988632e-05,0.006125,-1.999999999998181e-05,95.0,0,0,0.0,0.0,20.0,0.0,-20.0,-20.0,-20.0,0.0
52.941532611846924,1.2499999999988632e-05,0.006037499999999994,-1.999999999998181e-05,95.0,0,0,0.0,0.0,20.0,0.0,-20.0,-20.0,-20.0,0.0
53.02153921127319,1.2499999999988632e-05,0.005962500000000006,-1.999999999998181e-05,95.0,0,0,0.0,0.0,20.0,0.0,-20.0,-20.0,-20.0,0.0
53.10054302215576,1.2499999999988632e-05,0.005875,-1.999999999998181e-05,95.0,0,0,0.0,0.0,20.0,0.0,-20.0,-20.0,-20.0,0.0
53.179534912109375,1.2499999999988632e-05,0.005800000000000012,-1.999999999998181e-05,95.0,0,0,0.0,0.0,20.0,0.0,-20.0,-20.0,-20.0,0.0
53.2745316028595,1.2499999999988632e-05,0.005724999999999994,-1.999999999998181e-05,95.0,0,0,0.0,0.0,20.0,0.0,-20.0,-20.0,-20.0,0.0
53.35153770446777,1.2499999999988632e-05,0.005637499999999989,-1.999999999998181e-05,95.0,0,0,0.0,0.0,20.0,0.0,-20.0,-20.0,-20.0,0.0