Current Date: Thu 08 Sep 2022 23:46:45
Object Position (x,y,z)(m): 0,0,-0.305
Target Position (x,y,z)(m): 0.15,0.15,-0.31
Time,x (m),y (m),z (m),grasp angle (deg),force,Buffer Length,Move to Pre Grasp,Move to grasp,grasp,lift after grasp,move to pre release,move to release,release,lift after release
0.15896821022033691,0.0,0.0,0.0,66.35211181640625,0,0,20.0,0.0,0.0,-20.0,0.0,-20.0,-20.0,0.0
0.2519683837890625,0.0,0.0,-0.0008675000000000068,66.35211181640625,0,1,20.0,0.0,0.0,-20.0,0.0,-20.0,-20.0,0.0
0.33196496963500977,0.0,0.0,-0.0025425000000000183,66.35211181640625,0,2,20.0,0.0,0.0,-20.0,0.0,-20.0,-20.0,0.0
0.42996883392333984,0.0,0.0,-0.004644999999999982,66.35211181640625,0,3,20.0,0.0,0.0,-20.0,0.0,-20.0,-20.0,0.0
0.5525023937225342,0.0,0.0,-0.00783499999999998,66.35211181640625,0,4,20.0,0.0,0.0,-20.0,0.0,-20.0,-20.0,0.0
0.6415057182312012,0.0,0.0,-0.010827499999999986,66.35211181640625,0,5,20.0,0.0,0.0,-20.0,0.0,-20.0,-20.0,0.0
0.7205021381378174,0.0,0.0,-0.011855000000000018,66.35211181640625,0,6,20.0,0.0,0.0,-20.0,0.0,-20.0,-20.0,0.0
0.7985014915466309,0.0,0.0,-0.012217499999999973,66.35211181640625,0,6,20.0,0.0,0.0,-20.0,0.0,-20.0,-20.0,0.0
0.8805181980133057,0.0,0.0,-0.01267750000000001,66.35211181640625,0,7,20.0,0.0,0.0,-20.0,0.0,-20.0,-20.0,0.0
0.9615216255187988,0.0,0.0,-0.013824999999999988,66.35211181640625,0,8,20.0,0.0,0.0,-20.0,0.0,-20.0,-20.0,0.0
1.0425074100494385,0.0,0.0,-0.015605000000000018,66.35211181640625,0,9,20.0,0.0,0.0,-20.0,0.0,-20.0,-20.0,0.0
1.1155037879943848,0.0,0.0,-0.018060000000000003,66.35211181640625,0,10,20.0,0.0,0.0,-20.0,0.0,-20.0,-20.0,0.0
1.187502384185791,0.0,0.0,-0.02060500000000002,66.35211181640625,0,10,20.0,0.0,0.0,-20.0,0.0,-20.0,-20.0,0.0
1.2595086097717285,0.0,0.0,-0.023105000000000018,66.35211181640625,0,10,20.0,0.0,0.0,-20.0,0.0,-20.0,-20.0,0.0
1.3540418148040771,0.0,0.0,-0.025620000000000004,66.35211181640625,0,9,20.0,0.0,0.0,-20.0,0.0,-20.0,-20.0,0.0
1.4220285415649414,0.0,0.0,-0.02892500000000001,66.35211181640625,0,10,20.0,0.0,0.0,-20.0,0.0,-20.0,-20.0,0.0
1.4950284957885742,0.0,0.0,-0.031279999999999974,66.35211181640625,0,10,20.0,0.0,0.0,-20.0,0.0,-20.0,-20.0,0.0
1.566025972366333,0.0,0.0,-0.03384500000000003,66.35211181640625,0,10,20.0,0.0,0.0,-20.0,0.0,-20.0,-20.0,0.0
1.6710281372070312,0.0,0.0,-0.03631,66.35211181640625,0,9,20.0,0.0,0.0,-20.0,0.0,-20.0,-20.0,0.0
1.7660396099090576,0.0,0.0,-0.04051999999999998,66.35211181640625,0,10,20.0,0.0,0.0,-20.0,0.0,-20.0,-20.0,0.0
1.8400273323059082,0.0,0.0,-0.04352499999999998,66.35211181640625,0,10,20.0,0.0,0.0,-20.0,0.0,-20.0,-20.0,0.0
1.9120283126831055,0.0,0.0,-0.045894999999999984,66.35211181640625,0,10,20.0,0.0,0.0,-20.0,0.0,-20.0,-20.0,0.0
2.0070343017578125,0.0,0.0,-0.048375,66.35211181640625,0,9,20.0,0.0,0.0,-20.0,0.0,-20.0,-20.0,0.0
2.075030565261841,0.0,0.0,-0.051670000000000015,66.35211181640625,0,10,20.0,0.0,0.0,-20.0,0.0,-20.0,-20.0,0.0
2.144033432006836,0.0,0.0,-0.054064999999999995,66.35211181640625,0,10,20.0,0.0,0.0,-20.0,0.0,-20.0,-20.0,0.0
2.240034580230713,0.0,0.0,-0.05649000000000001,66.35211181640625,0,9,20.0,0.0,0.0,-20.0,0.0,-20.0,-20.0,0.0
2.3070263862609863,0.0,0.0,-0.059830000000000015,66.35211181640625,0,10,20.0,0.0,0.0,-20.0,0.0,-20.0,-20.0,0.0
2.3770291805267334,0.0,0.0,-0.062155,66.35211181640625,0,10,20.0,0.0,0.0,-20.0,0.0,-20.0,-20.0,0.0
2.4490318298339844,0.0,0.0,-0.06459999999999999,66.35211181640625,0,10,20.0,0.0,0.0,-20.0,0.0,-20.0,-20.0,0.0
2.5300276279449463,0.0,0.0,-0.06709999999999999,66.35211181640625,0,9,20.0,0.0,0.0,-20.0,0.0,-20.0,-20.0,0.0
2.6030304431915283,0.0,0.0,-0.06989500000000001,66.35211181640625,0,10,20.0,0.0,0.0,-20.0,0.0,-20.0,-20.0,0.0
2.6750330924987793,0.0,0.0,-0.07244999999999999,66.35211181640625,0,10,20.0,0.0,0.0,-20.0,0.0,-20.0,-20.0,0.0
2.7430272102355957,0.0,0.0,-0.07493999999999999,66.35211181640625,0,10,20.0,0.0,0.0,-20.0,0.0,-20.0,-20.0,0.0
2.864028215408325,0.0,0.0,-0.07730500000000001,66.35211181640625,0,9,20.0,0.0,0.0,-20.0,0.0,-20.0,-20.0,0.0
2.948030471801758,0.0,0.0,-0.08203999999999999,66.35211181640625,0,10,20.0,0.0,0.0,-20.0,0.0,-20.0,-20.0,0.0
3.0190277099609375,0.0,0.0,-0.084475,66.35211181640625,0,10,20.0,0.0,0.0,-20.0,0.0,-20.0,-20.0,0.0
3.1150288581848145,0.0,0.0,-0.08695500000000002,66.35211181640625,0,9,20.0,0.0,0.0,-20.0,0.0,-20.0,-20.0,0.0
3.1870267391204834,0.0,0.0,-0.09031,66.35211181640625,0,10,20.0,0.0,0.0,-20.0,0.0,-20.0,-20.0,0.0
3.258043050765991,0.0,0.0,-0.09282,66.35211181640625,0,10,20.0,0.0,0.0,-20.0,0.0,-20.0,-20.0,0.0
3.3560333251953125,0.0,0.0,-0.095285,66.35211181640625,0,9,20.0,0.0,0.0,-20.0,0.0,-20.0,-20.0,0.0
3.4280290603637695,0.0,0.0,-0.09870500000000001,66.35211181640625,0,10,20.0,0.0,0.0,-20.0,0.0,-20.0,-20.0,0.0
3.5010433197021484,0.0,0.0,-0.10121000000000001,66.35211181640625,0,10,20.0,0.0,0.0,-20.0,0.0,-20.0,-20.0,0.0
3.5810365676879883,0.0,0.0,-0.10373500000000001,66.35211181640625,0,9,20.0,0.0,0.0,-20.0,0.0,-20.0,-20.0,0.0
3.654026746749878,0.0,0.0,-0.10655500000000001,66.35211181640625,0,10,20.0,0.0,0.0,-20.0,0.0,-20.0,-20.0,0.0
3.727034568786621,0.0,0.0,-0.109065,66.35211181640625,0,10,20.0,0.0,0.0,-20.0,0.0,-20.0,-20.0,0.0
3.824554681777954,0.0,0.0,-0.111625,66.35211181640625,0,9,20.0,0.0,0.0,-20.0,0.0,-20.0,-20.0,0.0
3.897555351257324,0.0,0.0,-0.11503000000000001,66.35211181640625,0,10,20.0,0.0,0.0,-20.0,0.0,-20.0,-20.0,0.0
3.9785516262054443,0.0,0.0,-0.117565,66.35211181640625,0,10,20.0,0.0,0.0,-20.0,0.0,-20.0,-20.0,0.0
4.07155179977417,0.0,0.0,-0.12079499999999999,66.35211181640625,0,10,20.0,0.0,0.0,-20.0,0.0,-20.0,-20.0,0.0
4.143559694290161,0.0,0.0,-0.12378,66.35211181640625,0,10,20.0,0.0,0.0,-20.0,0.0,-20.0,-20.0,0.0
4.216551303863525,0.0,0.0,-0.126115,66.35211181640625,0,10,20.0,0.0,0.0,-20.0,0.0,-20.0,-20.0,0.0
4.28656268119812,0.0,0.0,-0.128655,66.35211181640625,0,10,20.0,0.0,0.0,-20.0,0.0,-20.0,-20.0,0.0
4.359071731567383,0.0,0.0,-0.131125,66.35211181640625,0,10,20.0,0.0,0.0,-20.0,0.0,-20.0,-20.0,0.0
4.430614471435547,0.0,0.0,-0.133625,66.35211181640625,0,10,20.0,0.0,0.0,-20.0,0.0,-20.0,-20.0,0.0
4.500613451004028,0.0,0.0,-0.13612,66.35211181640625,0,10,20.0,0.0,0.0,-20.0,0.0,-20.0,-20.0,0.0
4.5731306076049805,0.0,0.0,-0.1386,66.35211181640625,0,10,20.0,0.0,0.0,-20.0,0.0,-20.0,-20.0,0.0
4.670133113861084,0.0,0.0,-0.1411,66.35211181640625,0,9,20.0,0.0,0.0,-20.0,0.0,-20.0,-20.0,0.0
4.742141485214233,0.0,0.0,-0.14448,66.35211181640625,0,10,20.0,0.0,0.0,-20.0,0.0,-20.0,-20.0,0.0
4.8121302127838135,0.0,0.0,-0.146985,66.35211181640625,0,10,20.0,0.0,0.0,-20.0,0.0,-20.0,-20.0,0.0
4.884132146835327,0.0,0.0,-0.14944,66.35211181640625,0,10,20.0,0.0,0.0,-20.0,0.0,-20.0,-20.0,0.0
4.955140829086304,0.0,0.0,-0.15191,66.35211181640625,0,10,20.0,0.0,0.0,-20.0,0.0,-20.0,-20.0,0.0
5.026129722595215,0.0,0.0,-0.1544,66.35211181640625,0,10,20.0,0.0,0.0,-20.0,0.0,-20.0,-20.0,0.0
5.095130920410156,0.0,0.0,-0.156885,66.35211181640625,0,10,20.0,0.0,0.0,-20.0,0.0,-20.0,-20.0,0.0
5.176145553588867,0.0,0.0,-0.15931,66.35211181640625,0,10,20.0,0.0,0.0,-20.0,0.0,-20.0,-20.0,0.0
5.270134925842285,0.0,0.0,-0.162525,66.35211181640625,0,10,20.0,0.0,0.0,-20.0,0.0,-20.0,-20.0,0.0
5.350136756896973,0.0,0.0,-0.1655,66.35211181640625,0,9,20.0,0.0,0.0,-20.0,0.0,-20.0,-20.0,0.0
5.422132730484009,0.0,0.0,-0.16818,66.35211181640625,0,10,20.0,0.0,0.0,-20.0,0.0,-20.0,-20.0,0.0
5.490129232406616,0.0,0.0,-0.170685,66.35211181640625,0,10,20.0,0.0,0.0,-20.0,0.0,-20.0,-20.0,0.0
5.561150312423706,0.0,0.0,-0.173025,66.35211181640625,0,10,20.0,0.0,0.0,-20.0,0.0,-20.0,-20.0,0.0
5.6321375370025635,0.0,0.0,-0.17555,66.35211181640625,0,10,20.0,0.0,0.0,-20.0,0.0,-20.0,-20.0,0.0
5.702664852142334,0.0,0.0,-0.17799,66.35211181640625,0,10,20.0,0.0,0.0,-20.0,0.0,-20.0,-20.0,0.0
5.774689197540283,0.0,0.0,-0.180445,66.35211181640625,0,10,20.0,0.0,0.0,-20.0,0.0,-20.0,-20.0,0.0
5.845702648162842,0.0,0.0,-0.182955,66.35211181640625,0,10,20.0,0.0,0.0,-20.0,0.0,-20.0,-20.0,0.0
5.914684057235718,0.0,0.0,-0.185445,66.35211181640625,0,10,20.0,0.0,0.0,-20.0,0.0,-20.0,-20.0,0.0
6.012689590454102,0.0,0.0,-0.18785500000000002,66.35211181640625,0,9,20.0,0.0,0.0,-20.0,0.0,-20.0,-20.0,0.0
6.079683542251587,0.0,0.0,-0.191255,66.35211181640625,0,10,20.0,0.0,0.0,-20.0,0.0,-20.0,-20.0,0.0
6.150686264038086,0.0,0.0,-0.193595,66.35211181640625,0,10,20.0,0.0,0.0,-20.0,0.0,-20.0,-20.0,0.0
6.2246925830841064,0.0,0.0,-0.19608499999999998,66.35211181640625,0,10,20.0,0.0,0.0,-20.0,0.0,-20.0,-20.0,0.0
6.2956907749176025,0.0,0.0,-0.198645,66.35211181640625,0,10,20.0,0.0,0.0,-20.0,0.0,-20.0,-20.0,0.0
6.423684597015381,0.0,0.0,-0.20137,66.35211181640625,0,9,20.0,0.0,0.0,-20.0,0.0,-20.0,-20.0,0.0
6.502684831619263,0.0,0.0,-0.20585,66.35211181640625,0,10,20.0,0.0,0.0,-20.0,0.0,-20.0,-20.0,0.0
6.574697971343994,0.0,0.0,-0.20831,66.35211181640625,0,10,20.0,0.0,0.0,-20.0,0.0,-20.0,-20.0,0.0
6.646707773208618,0.0,0.0,-0.210845,66.35211181640625,0,10,20.0,0.0,0.0,-20.0,0.0,-20.0,-20.0,0.0
6.715686321258545,0.0,0.0,-0.21334,66.35211181640625,0,10,20.0,0.0,0.0,-20.0,0.0,-20.0,-20.0,0.0
6.7966883182525635,0.0,0.0,-0.21576499999999998,66.35211181640625,0,9,20.0,0.0,0.0,-20.0,0.0,-20.0,-20.0,0.0
6.869688510894775,0.0,0.0,-0.218595,66.35211181640625,0,10,20.0,0.0,0.0,-20.0,0.0,-20.0,-20.0,0.0
6.942206144332886,0.0,0.0,-0.22112,66.35211181640625,0,10,20.0,0.0,0.0,-20.0,0.0,-20.0,-20.0,0.0
7.012205600738525,0.0,0.0,-0.22363,66.35211181640625,0,10,20.0,0.0,0.0,-20.0,0.0,-20.0,-20.0,0.0
7.0832061767578125,0.0,0.0,-0.226095,66.35211181640625,0,10,20.0,0.0,0.0,-20.0,0.0,-20.0,-20.0,0.0
7.153203725814819,0.0,0.0,-0.22855,66.35211181640625,0,10,20.0,0.0,0.0,-20.0,0.0,-20.0,-20.0,0.0
7.2492148876190186,0.0,0.0,-0.23099,66.35211181640625,0,9,0.0,20.0,0.0,0.0,-20.0,-20.0,-20.0,0.0
7.324206590652466,0.0,0.0,-0.23434,66.35211181640625,0,10,0.0,20.0,0.0,0.0,-20.0,-20.0,-20.0,0.0
7.390206336975098,0.0,0.0,-0.236965,66.35211181640625,0,10,0.0,20.0,0.0,0.0,-20.0,-20.0,-20.0,0.0
7.501204252243042,0.0,0.0,-0.23925,66.35211181640625,0,9,0.0,20.0,0.0,0.0,-20.0,-20.0,-20.0,0.0
7.5952043533325195,0.0,0.0,-0.243555,66.35211181640625,0,10,0.0,20.0,0.0,0.0,-20.0,-20.0,-20.0,0.0
7.693212509155273,0.0,0.0,-0.24656,66.35211181640625,0,9,0.0,20.0,0.0,0.0,-20.0,-20.0,-20.0,0.0
7.764207124710083,0.0,0.0,-0.249815,66.35211181640625,0,10,0.0,20.0,0.0,0.0,-20.0,-20.0,-20.0,0.0
7.861218452453613,0.0,0.0,-0.2523,66.35211181640625,0,9,0.0,20.0,0.0,0.0,-20.0,-20.0,-20.0,0.0
7.9322052001953125,0.0,0.0,-0.25569,66.35211181640625,0,10,0.0,20.0,0.0,0.0,-20.0,-20.0,-20.0,0.0
8.004207134246826,0.0,0.0,-0.25814,66.35211181640625,0,10,0.0,20.0,0.0,0.0,-20.0,-20.0,-20.0,0.0
8.097737550735474,0.0,0.0,-0.26068,66.35211181640625,0,9,0.0,20.0,0.0,0.0,-20.0,-20.0,-20.0,0.0
8.169745445251465,0.0,0.0,-0.263915,66.35211181640625,0,10,0.0,20.0,0.0,0.0,-20.0,-20.0,-20.0,0.0
8.24173092842102,0.0,0.0,-0.26642,66.35211181640625,0,10,0.0,20.0,0.0,0.0,-20.0,-20.0,-20.0,0.0
8.309730291366577,0.0,0.0,-0.26894,66.35211181640625,0,10,0.0,20.0,0.0,0.0,-20.0,-20.0,-20.0,0.0
8.381731033325195,0.0,0.0,-0.27131,66.35211181640625,0,10,0.0,20.0,0.0,0.0,-20.0,-20.0,-20.0,0.0
8.452730178833008,0.0,0.0,-0.273825,66.35211181640625,0,10,0.0,20.0,0.0,0.0,-20.0,-20.0,-20.0,0.0
8.548733711242676,0.0,0.0,-0.276265,66.35211181640625,0,9,0.0,20.0,0.0,0.0,-20.0,-20.0,-20.0,0.0
8.620748043060303,0.0,0.0,-0.27963499999999997,66.35211181640625,0,10,0.0,20.0,0.0,0.0,-20.0,-20.0,-20.0,0.0
8.708733558654785,0.0,0.0,-0.28228499999999995,66.35211181640625,0,10,0.0,20.0,0.0,0.0,-20.0,-20.0,-20.0,0.0
8.814732313156128,0.0,0.0,-0.28552999999999995,66.35211181640625,0,9,0.0,20.0,0.0,0.0,-20.0,-20.0,-20.0,0.0
8.885743618011475,0.0,0.0,-0.28887999999999997,66.35211181640625,0,10,0.0,20.0,0.0,0.0,-20.0,-20.0,-20.0,0.0
8.981786966323853,0.0,0.0,-0.29138,66.35211181640625,0,9,0.0,20.0,0.0,0.0,-20.0,-20.0,-20.0,0.0
9.142794847488403,0.0,0.0,-0.294685,90.61762428283691,0,9,0.0,3.0594754,16.940525,0.0,-20.0,-20.0,-20.0,0.0
9.302785873413086,0.0,0.0,-0.2989275,95.0,0,7,0.0,0.0,20.0,0.0,-20.0,-20.0,-20.0,0.0
9.39478611946106,0.0,0.0,-0.3012925,95.0,0,4,0.0,0.0,20.0,0.0,-20.0,-20.0,-20.0,0.0
9.471787214279175,0.0,0.0,-0.3019575,95.0,0,3,0.0,0.0,20.0,0.0,-20.0,-20.0,-20.0,0.0
9.548805236816406,0.0,0.0,-0.3022325,95.0,0,1,0.0,0.0,20.0,0.0,-20.0,-20.0,-20.0,0.0
9.629793405532837,0.0,0.0,-0.302425,95.0,0,1,0.0,0.0,20.0,0.0,-20.0,-20.0,-20.0,0.0
9.708794832229614,0.0,0.0,-0.30252999999999997,95.0,0,0,0.0,0.0,20.0,0.0,-20.0,-20.0,-20.0,0.0
9.788790464401245,0.0,0.0,-0.30263,95.0,20,0,0.0,0.0,20.0,0.0,-20.0,-20.0,-20.0,0.0
9.893786668777466,0.0,0.0,-0.30273,95.0,20,0,-20.0,-20.0,0.0,20.0,0.0,0.0,0.0,-20.0
9.972787141799927,0.0,0.0,-0.302535,95.0,20,1,-20.0,-20.0,0.0,20.0,0.0,0.0,0.0,-20.0
10.06978988647461,0.0,0.0,-0.30171499999999996,95.0,20,2,-20.0,-20.0,0.0,20.0,0.0,0.0,0.0,-20.0
10.146793365478516,0.0,0.0,-0.300045,95.0,20,3,-20.0,-20.0,0.0,20.0,0.0,0.0,0.0,-20.0
10.221786499023438,0.0,0.0,-0.299135,95.0,20,4,-20.0,-20.0,0.0,20.0,0.0,0.0,0.0,-20.0
10.316791296005249,0.0,0.0,-0.298805,95.0,20,4,-20.0,-20.0,0.0,20.0,0.0,0.0,0.0,-20.0
10.412790298461914,0.0,0.0,-0.29816750000000003,95.0,20,5,-20.0,-20.0,0.0,20.0,0.0,0.0,0.0,-20.0
10.507787227630615,0.0,0.0,-0.2966075,95.0,20,6,-20.0,-20.0,0.0,20.0,0.0,0.0,0.0,-20.0
10.601787328720093,0.0,0.0,-0.29419999999999996,95.0,20,6,-20.0,-6.3375835,-13.662415,20.0,0.0,0.0,0.0,-20.0
10.698793649673462,0.0,0.0,-0.290995,95.0,20,6,-20.0,0.0,-20.0,20.0,0.0,0.0,0.0,-20.0
10.793795585632324,0.0,0.0,-0.2876,95.0,20,6,-20.0,0.0,-20.0,20.0,0.0,0.0,0.0,-20.0
10.898786067962646,0.0,0.0,-0.284295,95.0,20,6,-20.0,0.0,-20.0,20.0,0.0,0.0,0.0,-20.0
11.033785104751587,0.0,0.0,-0.280065,95.0,20,6,-20.0,0.0,-20.0,20.0,0.0,0.0,0.0,-20.0
11.131791353225708,0.0,0.0,-0.27592500000000003,95.0,20,6,-20.0,0.0,-20.0,20.0,0.0,0.0,0.0,-20.0
11.227786302566528,0.0,0.0,-0.27303750000000004,95.0,20,6,-20.0,0.0,-20.0,20.0,0.0,0.0,0.0,-20.0
11.322789907455444,0.0,0.0,-0.2703675,95.0,20,6,-20.0,0.0,-20.0,20.0,0.0,0.0,0.0,-20.0
11.416787147521973,0.0,0.0,-0.26777249999999997,95.0,20,6,-20.0,0.0,-20.0,20.0,0.0,0.0,0.0,-20.0
11.513800382614136,0.0,0.0,-0.265285,95.0,20,6,-20.0,0.0,-20.0,20.0,0.0,0.0,0.0,-20.0
11.611789464950562,0.0,0.0,-0.2627425,95.0,20,6,-20.0,0.0,-20.0,20.0,0.0,0.0,0.0,-20.0
11.70879316329956,0.0,0.0,-0.260285,95.0,20,6,-20.0,0.0,-20.0,20.0,0.0,0.0,0.0,-20.0
11.806789636611938,0.0,0.0,-0.25785,95.0,20,5,-20.0,0.0,-20.0,20.0,0.0,0.0,0.0,-20.0
11.903826713562012,0.0,0.0,-0.255425,95.0,20,5,-20.0,0.0,-20.0,20.0,0.0,0.0,0.0,-20.0
12.001829385757446,0.0,0.0,-0.25311,95.0,20,5,-20.0,0.0,-20.0,20.0,0.0,0.0,0.0,-20.0
12.145362854003906,0.0,0.0,-0.2503425,95.0,20,5,-20.0,0.0,-20.0,20.0,0.0,0.0,0.0,-20.0
12.246362447738647,0.0,0.0,-0.2477175,95.0,20,4,-20.0,0.0,-20.0,20.0,0.0,0.0,0.0,-20.0
12.325882911682129,0.0,0.0,-0.24579,95.0,20,4,-20.0,0.0,-20.0,20.0,0.0,0.0,0.0,-20.0
12.4068922996521,0.0,0.0,-0.2442025,95.0,20,4,-20.0,0.0,-20.0,20.0,0.0,0.0,0.0,-20.0
12.487887859344482,0.0,0.0,-0.2426275,95.0,20,4,-20.0,0.0,-20.0,20.0,0.0,0.0,0.0,-20.0
12.582884311676025,0.0,0.0,-0.2410875,95.0,20,4,-20.0,0.0,-20.0,20.0,0.0,0.0,0.0,-20.0
12.679888725280762,0.0,0.0,-0.2392875,95.0,20,4,-20.0,0.0,-20.0,20.0,0.0,0.0,0.0,-20.0
12.774887561798096,0.0,0.0,-0.23754750000000002,95.0,20,4,-20.0,0.0,-20.0,20.0,0.0,0.0,0.0,-20.0
12.871886730194092,0.0,0.0,-0.23588,95.0,20,3,-20.0,0.0,-20.0,20.0,0.0,0.0,0.0,-20.0
12.967468976974487,0.0,0.0,-0.23418250000000002,95.0,20,3,-20.0,0.0,-20.0,20.0,0.0,0.0,0.0,-20.0
13.061470746994019,0.0,0.0,-0.23258249999999997,95.0,20,3,-20.0,0.0,-20.0,20.0,0.0,0.0,0.0,-20.0
13.140471935272217,0.0,0.0,-0.23106000000000002,95.0,20,2,-20.0,0.0,-20.0,20.0,0.0,0.0,0.0,-20.0
13.265473365783691,0.0,0.0,-0.2298,95.0,20,2,0.0,-20.0,-20.0,0.0,20.0,0.0,0.0,-20.0
13.342483758926392,0.0,0.0,-0.2285,95.0,20,2,0.0,-20.0,-20.0,0.0,20.0,0.0,0.0,-20.0
13.421470880508423,0.0003125,9.999999999999431e-05,-0.2285875,95.0,20,2,0.0,-20.0,-20.0,0.0,20.0,0.0,0.0,-20.0
13.503477811813354,0.00175,0.0005999999999999943,-0.2293675,95.0,20,3,0.0,-20.0,-20.0,0.0,20.0,0.0,0.0,-20.0
13.584487676620483,0.004150000000000006,0.0014124999999999943,-0.2306725,95.0,20,4,0.0,-20.0,-20.0,0.0,20.0,0.0,0.0,-20.0
13.66251254081726,0.005662499999999994,0.0019375,-0.2314975,95.0,20,5,0.0,-20.0,-20.0,0.0,20.0,0.0,0.0,-20.0
13.742473602294922,0.0061374999999999885,0.0020999999999999942,-0.2317525,95.0,20,5,0.0,-20.0,-20.0,0.0,20.0,0.0,0.0,-20.0
13.838215589523315,0.0073125,0.0025124999999999887,-0.232395,95.0,20,6,0.0,-20.0,-20.0,0.0,20.0,0.0,0.0,-20.0
13.93464732170105,0.0103125,0.0035625,-0.23401999999999998,95.0,20,7,0.0,-20.0,-20.0,0.0,20.0,0.0,0.0,-20.0
14.029648065567017,0.014275000000000006,0.004987500000000011,-0.23618,95.0,20,7,0.0,-20.0,-20.0,0.0,20.0,0.0,0.0,-20.0
14.126648664474487,0.018224999999999995,0.006425000000000011,-0.2383275,95.0,20,7,0.0,-20.0,-20.0,0.0,20.0,0.0,0.0,-20.0
14.20464825630188,0.02223750000000001,0.007912499999999994,-0.24051499999999998,95.0,20,8,0.0,-20.0,-20.0,0.0,20.0,0.0,0.0,-20.0
14.30164909362793,0.0255,0.009162499999999994,-0.2422875,95.0,20,8,0.0,-20.0,-20.0,0.0,20.0,0.0,0.0,-20.0
14.420650959014893,0.02963749999999999,0.010762499999999989,-0.2445375,95.0,20,8,0.0,-20.0,-20.0,0.0,20.0,0.0,0.0,-20.0
14.520646572113037,0.03458750000000001,0.012724999999999995,-0.24723,95.0,20,8,0.0,-20.0,-20.0,0.0,20.0,0.0,0.0,-20.0
14.61465072631836,0.03851249999999999,0.014324999999999989,-0.24936250000000001,95.0,20,8,0.0,-20.0,-20.0,0.0,20.0,0.0,0.0,-20.0
14.710649013519287,0.04242500000000001,0.0159375,-0.2514925,95.0,20,8,0.0,-20.0,-20.0,0.0,20.0,0.0,0.0,-20.0
14.805648803710938,0.04635000000000002,0.01761250000000001,-0.253625,95.0,20,8,0.0,-20.0,-20.0,0.0,20.0,0.0,0.0,-20.0
14.885870695114136,0.0501875,0.019287499999999996,-0.255715,95.0,20,9,0.0,-20.0,-20.0,0.0,20.0,0.0,0.0,-20.0
14.980581998825073,0.053462499999999975,0.02076249999999999,-0.2574975,95.0,20,9,0.0,-20.0,-20.0,0.0,20.0,0.0,0.0,-20.0
15.0765860080719,0.05733749999999998,0.022525000000000007,-0.2596,95.0,20,9,0.0,-20.0,-20.0,0.0,20.0,0.0,0.0,-20.0
15.17157793045044,0.06119999999999999,0.024349999999999993,-0.261695,95.0,20,9,0.0,-20.0,-20.0,0.0,20.0,0.0,0.0,-20.0
15.250577688217163,0.0650625,0.026224999999999995,-0.2637975,95.0,20,9,0.0,-20.0,-20.0,0.0,20.0,0.0,0.0,-20.0
15.347583770751953,0.06821249999999998,0.027787499999999993,-0.2655125,95.0,20,9,0.0,-20.0,-20.0,0.0,20.0,0.0,0.0,-20.0
15.467581748962402,0.072125,0.0298125,-0.2676425,95.0,20,8,0.0,-20.0,-20.0,0.0,20.0,0.0,0.0,-20.0
15.582579135894775,0.07716250000000002,0.03248750000000001,-0.27038249999999997,95.0,20,8,0.0,-20.0,-20.0,0.0,20.0,0.0,0.0,-20.0
15.67757797241211,0.081375,0.03482499999999999,-0.2726775,95.0,20,7,0.0,-20.0,-20.0,0.0,20.0,0.0,0.0,-20.0
15.775588750839233,0.08508749999999998,0.03698750000000001,-0.27469499999999997,95.0,20,7,0.0,-20.0,-20.0,0.0,20.0,0.0,0.0,-20.0
15.872594118118286,0.08889999999999998,0.03926249999999999,-0.27676999999999996,95.0,20,7,0.0,-20.0,-20.0,0.0,20.0,0.0,0.0,-20.0
15.971583843231201,0.09261250000000001,0.04158749999999998,-0.2787875,95.0,20,6,0.0,-20.0,-20.0,0.0,20.0,0.0,0.0,-20.0
16.065579652786255,0.096125,0.043875,-0.28070249999999997,95.0,20,5,0.0,-20.0,-20.0,0.0,20.0,0.0,0.0,-20.0
16.162582397460938,0.09932499999999998,0.046050000000000015,-0.282435,95.0,20,5,0.0,-20.0,-20.0,0.0,20.0,0.0,0.0,-20.0
16.259582042694092,0.10221249999999998,0.04808749999999998,-0.28401,95.0,20,4,0.0,-20.0,-20.0,0.0,20.0,0.0,0.0,-20.0
16.355579376220703,0.10503750000000002,0.05016250000000002,-0.2855525,95.0,20,4,0.0,-20.0,-20.0,0.0,20.0,0.0,0.0,-20.0
16.45258331298828,0.10772500000000003,0.05222500000000002,-0.28701,95.0,20,3,0.0,-20.0,-20.0,0.0,20.0,0.0,0.0,-20.0
16.53257942199707,0.11044999999999999,0.054399999999999976,-0.288495,95.0,20,3,0.0,-20.0,-20.0,0.0,20.0,0.0,0.0,-20.0
16.664588689804077,0.11255000000000001,0.056137499999999986,-0.2896325,95.0,20,3,0.0,-20.0,-20.0,0.0,20.0,0.0,0.0,-20.0
16.74658179283142,0.11527499999999997,0.05851249999999999,-0.291105,95.0,20,2,0.0,-20.0,-20.0,0.0,20.0,0.0,0.0,-20.0
16.84358286857605,0.11657499999999998,0.0596875,-0.2918175,95.0,20,2,0.0,-20.0,-20.0,0.0,20.0,0.0,0.0,-20.0
16.92458152770996,0.11808749999999998,0.061087499999999975,-0.2926475,95.0,20,2,0.0,-20.0,-20.0,0.0,20.0,0.0,0.0,-20.0
17.005580186843872,0.11860000000000002,0.06157499999999999,-0.292925,95.0,20,2,0.0,-20.0,-20.0,0.0,20.0,0.0,0.0,-20.0
17.08758306503296,0.11946249999999997,0.062399999999999976,-0.29339,95.0,20,3,0.0,-20.0,-20.0,0.0,20.0,0.0,0.0,-20.0
17.186603307724,0.120125,0.06305000000000001,-0.29375,95.0,20,3,0.0,-20.0,-20.0,0.0,20.0,0.0,0.0,-20.0
17.265580654144287,0.12223750000000001,0.06516250000000003,-0.2948975,95.0,20,2,0.0,-20.0,-20.0,0.0,20.0,0.0,0.0,-20.0
17.3625807762146,0.12401249999999998,0.06705000000000001,-0.2958675,95.0,20,2,0.0,-20.0,-20.0,0.0,20.0,0.0,0.0,-20.0
17.457578897476196,0.12511250000000002,0.0682375,-0.29646,95.0,20,1,0.0,-20.0,-20.0,0.0,20.0,0.0,0.0,-20.0
17.55358362197876,0.1259375,0.06917500000000001,-0.29690750000000005,95.0,20,2,0.0,-20.0,-20.0,0.0,20.0,0.0,0.0,-20.0
17.648577451705933,0.12660000000000002,0.0699375,-0.29726749999999996,95.0,20,2,0.0,-20.0,-20.0,0.0,20.0,0.0,0.0,-20.0
17.774580478668213,0.1273125,0.07077499999999998,-0.29766000000000004,95.0,20,2,0.0,-20.0,-20.0,0.0,20.0,0.0,0.0,-20.0
17.869579792022705,0.1288125,0.0725625,-0.29847,95.0,20,2,0.0,-20.0,-20.0,0.0,20.0,0.0,0.0,-20.0
17.96758198738098,0.12951249999999997,0.0734375,-0.2988525,95.0,20,2,0.0,-20.0,-20.0,0.0,20.0,0.0,0.0,-20.0
18.06157875061035,0.130175,0.07428750000000002,-0.2992125,95.0,20,2,0.0,-20.0,-20.0,0.0,20.0,0.0,0.0,-20.0
18.141592502593994,0.13127499999999998,0.07573750000000001,-0.299815,95.0,20,2,0.0,-20.0,-20.0,0.0,20.0,0.0,0.0,-20.0
18.23858666419983,0.13183749999999997,0.07651249999999998,-0.3001225,95.0,20,2,0.0,-20.0,-20.0,0.0,20.0,0.0,0.0,-20.0
18.31758189201355,0.1324875,0.07741250000000002,-0.30047250000000003,95.0,20,2,0.0,-20.0,-20.0,0.0,20.0,0.0,0.0,-20.0
18.419597387313843,0.1334,0.07869999999999999,-0.30097250000000003,95.0,20,2,0.0,-20.0,-20.0,0.0,20.0,0.0,0.0,-20.0
18.510578393936157,0.1340625,0.0796875,-0.30133499999999996,95.0,20,2,0.0,-20.0,-20.0,0.0,20.0,0.0,0.0,-20.0
18.607579946517944,0.13467500000000002,0.08061250000000002,-0.30166750000000003,95.0,20,2,0.0,-20.0,-20.0,0.0,20.0,0.0,0.0,-20.0
18.704578399658203,0.13528750000000003,0.0815625,-0.3020025,95.0,20,2,0.0,-20.0,-20.0,0.0,20.0,0.0,0.0,-20.0
18.821579694747925,0.13589999999999997,0.08251249999999999,-0.30233,95.0,20,2,0.0,-20.0,-20.0,0.0,20.0,0.0,0.0,-20.0
18.918583631515503,0.13655,0.08357499999999998,-0.3026775,95.0,20,1,-20.0,-20.0,-20.0,0.0,0.0,20.0,0.0,0.0
18.99657964706421,0.137125,0.0845625,-0.3029925,95.0,20,1,-20.0,-20.0,-20.0,0.0,0.0,20.0,0.0,0.0
19.094584703445435,0.13760000000000003,0.085375,-0.303255,95.0,20,1,-20.0,-20.0,-20.0,0.0,0.0,20.0,0.0,0.0
19.17358112335205,0.13816250000000002,0.08639999999999998,-0.3035625,95.0,20,1,-20.0,-20.0,-20.0,0.0,0.0,20.0,0.0,0.0
19.254582166671753,0.1386125,0.08722500000000002,-0.30381,95.0,20,1,-20.0,-20.0,-20.0,0.0,0.0,20.0,0.0,0.0
19.352579832077026,0.13908749999999998,0.088125,-0.30407,95.0,20,1,-20.0,-20.0,-20.0,0.0,0.0,20.0,0.0,0.0
19.432583808898926,0.13964999999999997,0.08922500000000003,-0.3043775,95.0,20,1,-20.0,-20.0,-20.0,0.0,0.0,20.0,0.0,0.0
19.52758479118347,0.1401125,0.09014999999999998,-0.304625,95.0,20,1,-20.0,-20.0,-20.0,0.0,0.0,20.0,0.0,0.0
19.605581521987915,0.140625,0.09121249999999997,-0.3049,95.0,20,1,-20.0,-20.0,-20.0,0.0,0.0,20.0,0.0,0.0
19.686589002609253,0.14092500000000002,0.09186250000000001,-0.3050625,95.0,20,1,-20.0,-20.0,-20.0,0.0,0.0,20.0,0.0,0.0
19.781578540802002,0.1413,0.09269999999999999,-0.30527499999999996,95.0,20,1,-20.0,-20.0,-20.0,0.0,0.0,20.0,0.0,0.0
19.893585920333862,0.1417,0.093625,-0.30549,95.0,20,1,-20.0,-20.0,-20.0,0.0,0.0,20.0,0.0,0.0
19.99759316444397,0.1420625,0.0944375,-0.30568,95.0,20,0,-20.0,-20.0,-20.0,0.0,0.0,20.0,0.0,0.0
20.076592922210693,0.1423625,0.09516250000000002,-0.3058525,95.0,20,1,-20.0,-20.0,-20.0,0.0,0.0,20.0,0.0,0.0
20.157581329345703,0.1426375,0.095825,-0.3059925,95.0,20,1,-20.0,-20.0,-20.0,0.0,0.0,20.0,0.0,0.0
20.253579139709473,0.14292500000000002,0.096575,-0.30615499999999995,95.0,20,1,-20.0,-20.0,-20.0,0.0,0.0,20.0,0.0,0.0
20.33460235595703,0.1432625,0.09742500000000001,-0.30633,95.0,20,1,-20.0,-20.0,-20.0,0.0,0.0,20.0,0.0,0.0
20.415595769882202,0.1435,0.0980625,-0.306465,95.0,20,1,-20.0,-20.0,-20.0,0.0,0.0,20.0,0.0,0.0
20.4955792427063,0.1437625,0.09878750000000003,-0.30660750000000003,95.0,20,1,-20.0,-20.0,-20.0,0.0,0.0,20.0,0.0,0.0
20.579604387283325,0.1440125,0.0994875,-0.3067475,95.0,20,1,-20.0,-20.0,-20.0,0.0,0.0,20.0,0.0,0.0
20.65858006477356,0.1442625,0.10021249999999998,-0.30688499999999996,95.0,20,1,-20.0,-20.0,-20.0,0.0,0.0,20.0,0.0,0.0
20.754579067230225,0.14447500000000002,0.10086250000000001,-0.307,95.0,20,1,-20.0,-20.0,-20.0,0.0,0.0,20.0,0.0,0.0
20.83557963371277,0.14472500000000002,0.10160000000000002,-0.30713,95.0,20,0,-20.0,-20.0,-20.0,0.0,0.0,20.0,0.0,0.0
20.931580543518066,0.14491250000000003,0.10222500000000002,-0.30723500000000004,95.0,20,1,-20.0,-20.0,-20.0,0.0,0.0,20.0,0.0,0.0
21.03958225250244,0.14513749999999997,0.10291250000000002,-0.30736,95.0,20,0,-20.0,-20.0,-20.0,0.0,0.0,20.0,0.0,0.0
21.135581970214844,0.14532499999999998,0.1035625,-0.30745999999999996,95.0,20,0,-20.0,-20.0,-20.0,0.0,0.0,20.0,0.0,0.0
21.232582092285156,0.145525,0.1041875,-0.30756,95.0,20,0,-20.0,-20.0,-20.0,0.0,0.0,20.0,0.0,0.0
21.329585313796997,0.1457,0.10482499999999999,-0.30766000000000004,95.0,20,0,-20.0,-20.0,-20.0,0.0,0.0,20.0,0.0,0.0
21.409581661224365,0.145875,0.1054375,-0.30775,95.0,20,0,-20.0,-20.0,-20.0,0.0,0.0,20.0,0.0,0.0
21.491581916809082,0.14603750000000001,0.10603750000000002,-0.3078375,95.0,20,1,-20.0,-20.0,-20.0,0.0,0.0,20.0,0.0,0.0
21.571582794189453,0.1461875,0.10663749999999998,-0.3079275,95.0,20,1,-20.0,-20.0,-20.0,0.0,0.0,20.0,0.0,0.0
21.667584896087646,0.14635000000000004,0.10723750000000001,-0.3080075,95.0,20,1,-20.0,-20.0,-20.0,0.0,0.0,20.0,0.0,0.0
21.764583110809326,0.14648750000000002,0.10782499999999999,-0.30809,95.0,20,0,-20.0,-20.0,-20.0,0.0,0.0,20.0,0.0,0.0
21.843579530715942,0.146625,0.10841250000000002,-0.30817,95.0,20,0,-20.0,-20.0,-20.0,0.0,0.0,20.0,0.0,0.0
21.92458987236023,0.146775,0.10897500000000002,-0.30824,95.0,20,0,-20.0,-20.0,-20.0,0.0,0.0,20.0,0.0,0.0
22.020582675933838,0.14689999999999998,0.10953750000000002,-0.30831000000000003,95.0,20,0,-20.0,-20.0,-20.0,0.0,0.0,20.0,0.0,0.0
22.133582592010498,0.147025,0.11010000000000002,-0.30838,95.0,20,0,-20.0,-20.0,-20.0,0.0,0.0,20.0,0.0,0.0
22.231587648391724,0.14713749999999998,0.11063749999999999,-0.30844,95.0,20,0,-20.0,-20.0,-20.0,0.0,0.0,20.0,0.0,0.0
22.311582803726196,0.14725,0.11117500000000001,-0.30851,95.0,20,0,-20.0,-20.0,-20.0,0.0,0.0,20.0,0.0,0.0
22.39459204673767,0.1473625,0.11171249999999998,-0.30857,95.0,20,0,-20.0,-20.0,-20.0,0.0,0.0,20.0,0.0,0.0
22.47309708595276,0.14747500000000002,0.11223750000000002,-0.30862,95.0,20,0,-20.0,-20.0,-20.0,0.0,0.0,20.0,0.0,0.0
22.554101705551147,0.14757499999999998,0.11276249999999999,-0.30868,95.0,20,0,-20.0,-20.0,-20.0,0.0,0.0,20.0,0.0,0.0
22.636111974716187,0.147675,0.11327499999999997,-0.30873,95.0,20,0,-20.0,-20.0,-20.0,0.0,0.0,20.0,0.0,0.0
22.715117931365967,0.1477625,0.11377499999999997,-0.30878,95.0,20,0,-20.0,-20.0,-20.0,0.0,0.0,20.0,0.0,0.0
22.79510498046875,0.14785,0.11426249999999999,-0.30883,95.0,20,0,-20.0,-20.0,-20.0,0.0,0.0,20.0,0.0,0.0
22.87509775161743,0.1479375,0.11475,-0.30888,95.0,20,0,-20.0,-20.0,-20.0,0.0,0.0,20.0,0.0,0.0
22.955098152160645,0.148025,0.1152375,-0.30892000000000003,95.0,20,0,-20.0,-20.0,-20.0,0.0,0.0,20.0,0.0,0.0
23.035098791122437,0.1481,0.11571249999999998,-0.30897,95.0,20,0,-20.0,-20.0,-20.0,0.0,0.0,20.0,0.0,0.0
23.150113105773926,0.148175,0.11617500000000001,-0.30901,95.0,20,0,-20.0,-20.0,-20.0,0.0,0.0,20.0,0.0,0.0
23.238099813461304,0.14825,0.11664999999999998,-0.30905,95.0,20,0,-20.0,-20.0,-20.0,0.0,0.0,20.0,0.0,0.0
23.321113348007202,0.14832499999999998,0.11710000000000002,-0.30907999999999997,95.0,20,0,-20.0,-20.0,-20.0,0.0,0.0,20.0,0.0,0.0
23.400099992752075,0.14838749999999998,0.11755000000000002,-0.30912,95.0,20,0,-20.0,-20.0,-20.0,0.0,0.0,20.0,0.0,0.0
23.480098485946655,0.14845,0.118,-0.30916000000000005,95.0,20,0,-20.0,-20.0,-20.0,0.0,0.0,20.0,0.0,0.0
23.55910086631775,0.1485125,0.1184375,-0.30919,95.0,20,0,-20.0,-20.0,-20.0,0.0,0.0,20.0,0.0,0.0
23.638097047805786,0.14857499999999998,0.118875,-0.30922000000000005,95.0,20,0,-20.0,-20.0,-20.0,0.0,0.0,20.0,0.0,0.0
23.718098640441895,0.148625,0.11930000000000002,-0.30925,95.0,20,0,-20.0,-20.0,-20.0,0.0,0.0,20.0,0.0,0.0
23.814099311828613,0.148675,0.11972500000000003,-0.30928,95.0,20,0,-20.0,-20.0,-20.0,0.0,0.0,20.0,0.0,0.0
23.89410138130188,0.14873750000000002,0.120125,-0.30931000000000003,95.0,20,0,-20.0,-20.0,-20.0,0.0,0.0,20.0,0.0,0.0
23.97409987449646,0.14878750000000002,0.12053750000000002,-0.30933999999999995,95.0,20,0,-20.0,-20.0,-20.0,0.0,0.0,20.0,0.0,0.0
24.06909680366516,0.14883749999999998,0.1209375,-0.30937,95.0,20,0,-20.0,-20.0,-20.0,0.0,0.0,20.0,0.0,0.0
24.14709711074829,0.148875,0.12133749999999997,-0.30939,95.0,20,0,-20.0,-20.0,-20.0,0.0,0.0,20.0,0.0,0.0
24.251100778579712,0.148925,0.12172500000000003,-0.30942000000000003,95.0,20,0,-20.0,-20.0,-20.0,0.0,0.0,20.0,0.0,0.0
24.34309983253479,0.14897500000000002,0.122125,-0.30944,95.0,20,0,-20.0,-20.0,-20.0,0.0,0.0,20.0,0.0,0.0
24.44011950492859,0.1490125,0.1225,-0.30945999999999996,95.0,20,0,-20.0,-20.0,-20.0,0.0,0.0,20.0,0.0,0.0
24.536097526550293,0.14905000000000002,0.122875,-0.30948000000000003,95.0,20,0,-20.0,-20.0,-20.0,0.0,0.0,20.0,0.0,0.0
24.61711859703064,0.14908749999999998,0.12325,-0.3095,95.0,20,0,-20.0,-20.0,-20.0,0.0,0.0,20.0,0.0,0.0
24.714099645614624,0.149125,0.123625,-0.30951999999999996,95.0,20,0,-20.0,-20.0,-20.0,0.0,0.0,20.0,0.0,0.0
24.793123960494995,0.14916250000000003,0.12397500000000003,-0.30954000000000004,95.0,20,0,-20.0,-20.0,-20.0,0.0,0.0,20.0,0.0,0.0
24.891108512878418,0.1491875,0.12433749999999998,-0.30956,95.0,20,0,-20.0,-20.0,-20.0,0.0,0.0,20.0,0.0,0.0
24.969096899032593,0.14922500000000002,0.1246875,-0.30957999999999997,95.0,20,0,-20.0,-20.0,-20.0,0.0,0.0,20.0,0.0,0.0
25.050101041793823,0.1492625,0.12502499999999997,-0.30960000000000004,95.0,20,0,-20.0,-20.0,-20.0,0.0,0.0,20.0,0.0,0.0
25.13210105895996,0.14928750000000002,0.125375,-0.30961,95.0,20,0,-20.0,-20.0,-20.0,0.0,0.0,20.0,0.0,0.0
25.211103677749634,0.1493125,0.12571249999999998,-0.30963,95.0,20,0,-20.0,-20.0,-20.0,0.0,0.0,20.0,0.0,0.0
25.29210066795349,0.14933749999999998,0.12605000000000002,-0.30963999999999997,95.0,20,0,-20.0,-20.0,-20.0,0.0,0.0,20.0,0.0,0.0
25.398098945617676,0.149375,0.126375,-0.30966000000000005,95.0,20,0,-20.0,-20.0,-20.0,0.0,0.0,20.0,0.0,0.0
25.47609829902649,0.14938749999999998,0.12669999999999998,-0.30967,95.0,20,0,-20.0,-20.0,-20.0,0.0,0.0,20.0,0.0,0.0
25.571098804473877,0.149425,0.12702499999999997,-0.30968,95.0,20,0,-20.0,-20.0,-20.0,0.0,0.0,20.0,0.0,0.0
25.651121616363525,0.1494375,0.127325,-0.3097,95.0,20,0,-20.0,-20.0,-20.0,0.0,0.0,20.0,0.0,0.0
25.731112480163574,0.14946249999999997,0.1276375,-0.30971,95.0,20,0,-20.0,-20.0,-20.0,0.0,0.0,20.0,0.0,0.0
25.811098098754883,0.14948750000000002,0.12794999999999998,-0.30972000000000005,95.0,20,0,-20.0,-20.0,-20.0,0.0,0.0,20.0,0.0,0.0
25.889098167419434,0.1495125,0.12825,-0.30973,95.0,20,0,-20.0,-20.0,-20.0,0.0,0.0,20.0,0.0,0.0
25.97010064125061,0.14952499999999996,0.12855,-0.30974,95.0,20,0,-20.0,-20.0,-20.0,0.0,0.0,20.0,0.0,0.0
26.047098875045776,0.14953750000000002,0.12883749999999997,-0.30975,95.0,20,0,-20.0,-20.0,-20.0,0.0,0.0,20.0,0.0,0.0
26.128111124038696,0.1495625,0.129125,-0.30976,95.0,20,0,-20.0,-20.0,-20.0,0.0,0.0,20.0,0.0,0.0
26.208098649978638,0.14957499999999999,0.129425,-0.30977,95.0,20,0,-20.0,-20.0,-20.0,0.0,0.0,20.0,0.0,0.0
26.2850980758667,0.1496,0.12969999999999998,-0.30978,95.0,20,0,-20.0,-20.0,-20.0,0.0,0.0,20.0,0.0,0.0
26.363097429275513,0.1496125,0.12997500000000003,-0.30979,95.0,20,0,-20.0,-20.0,-20.0,0.0,0.0,20.0,0.0,0.0
26.471096515655518,0.149625,0.13025,-0.3098,95.0,20,0,-20.0,-20.0,-20.0,0.0,0.0,20.0,0.0,0.0
26.548096895217896,0.14963749999999998,0.13052499999999997,-0.30981000000000003,95.0,20,0,-20.0,-20.0,-20.0,0.0,0.0,20.0,0.0,0.0
26.6280996799469,0.14966250000000003,0.13078750000000003,-0.30981000000000003,95.0,20,0,-20.0,-20.0,-20.0,0.0,0.0,20.0,0.0,0.0
26.710116863250732,0.149675,0.13105,-0.30982,95.0,20,0,-20.0,-20.0,-20.0,0.0,0.0,20.0,0.0,0.0
26.788099765777588,0.149675,0.1313125,-0.30983,95.0,20,0,-20.0,-20.0,-20.0,0.0,0.0,20.0,0.0,0.0
26.869145393371582,0.1497,0.131575,-0.30983999999999995,95.0,20,0,-20.0,-20.0,-20.0,0.0,0.0,20.0,0.0,0.0
26.950103998184204,0.14971249999999997,0.131825,-0.30983999999999995,95.0,20,0,-20.0,-20.0,-20.0,0.0,0.0,20.0,0.0,0.0
27.031105995178223,0.14972500000000002,0.132075,-0.30985,95.0,20,0,-20.0,-20.0,-20.0,0.0,0.0,20.0,0.0,0.0
27.126102924346924,0.14972500000000002,0.132325,-0.30985,95.0,20,0,-20.0,-20.0,-20.0,0.0,0.0,20.0,0.0,0.0
27.204102277755737,0.14973750000000002,0.1325625,-0.30986,95.0,20,0,-20.0,-20.0,-20.0,0.0,0.0,20.0,0.0,0.0
27.285104513168335,0.14975,0.1328,-0.30987,95.0,20,0,-20.0,-20.0,-20.0,0.0,0.0,20.0,0.0,0.0
27.36409616470337,0.1497625,0.13302499999999998,-0.30987,95.0,20,0,-20.0,-20.0,-20.0,0.0,0.0,20.0,0.0,0.0
27.44510316848755,0.14977499999999996,0.13327499999999998,-0.30988,95.0,20,0,-20.0,-20.0,-20.0,0.0,0.0,20.0,0.0,0.0
27.550099849700928,0.14977499999999996,0.1334875,-0.30988,95.0,20,0,-20.0,-20.0,-20.0,0.0,0.0,20.0,0.0,0.0
27.629106283187866,0.14978750000000002,0.133725,-0.30989,95.0,20,0,-20.0,-20.0,-20.0,0.0,0.0,20.0,0.0,0.0
27.710099458694458,0.14980000000000002,0.1339375,-0.30989,95.0,20,0,-20.0,-20.0,-20.0,0.0,0.0,20.0,0.0,0.0
27.78809690475464,0.1498125,0.13416250000000002,-0.30989,95.0,20,0,-20.0,-20.0,-20.0,0.0,0.0,20.0,0.0,0.0
27.867106437683105,0.1498125,0.134375,-0.30989999999999995,95.0,20,0,-20.0,-20.0,-20.0,0.0,0.0,20.0,0.0,0.0
27.96510076522827,0.14982499999999999,0.13458749999999997,-0.30989999999999995,95.0,20,0,-20.0,-20.0,-20.0,0.0,0.0,20.0,0.0,0.0
28.04509997367859,0.14982499999999999,0.1348125,-0.30991,95.0,20,0,-20.0,-20.0,-20.0,0.0,0.0,20.0,0.0,0.0
28.125104665756226,0.14983749999999998,0.13501249999999998,-0.30991,95.0,20,0,-20.0,-20.0,-20.0,0.0,0.0,20.0,0.0,0.0
28.206100940704346,0.14983749999999998,0.135225,-0.30991,95.0,20,0,-20.0,-20.0,-20.0,0.0,0.0,20.0,0.0,0.0
28.286096811294556,0.14985,0.13542500000000002,-0.30992000000000003,95.0,20,0,-20.0,-20.0,-20.0,0.0,0.0,20.0,0.0,0.0
28.382097005844116,0.1498625,0.135625,-0.30992000000000003,95.0,20,0,-20.0,-20.0,-20.0,0.0,0.0,20.0,0.0,0.0
28.463099002838135,0.1498625,0.135825,-0.30992000000000003,95.0,20,0,-20.0,-20.0,-20.0,0.0,0.0,20.0,0.0,0.0
28.567100286483765,0.149875,0.13601249999999998,-0.30993,95.0,20,0,-20.0,-20.0,-20.0,0.0,0.0,20.0,0.0,0.0
28.656097888946533,0.149875,0.1362,-0.30993,95.0,20,0,-20.0,-20.0,-20.0,0.0,0.0,20.0,0.0,0.0
28.753125429153442,0.149875,0.1363875,-0.30993,95.0,20,0,-20.0,-20.0,-20.0,0.0,0.0,20.0,0.0,0.0
28.833098649978638,0.149875,0.136575,-0.30994,95.0,20,0,-20.0,-20.0,-20.0,0.0,0.0,20.0,0.0,0.0
28.912121295928955,0.14988749999999998,0.13676249999999998,-0.30994,95.0,20,0,-20.0,-20.0,-20.0,0.0,0.0,20.0,0.0,0.0
28.993116855621338,0.14988749999999998,0.1369375,-0.30994,95.0,20,0,-20.0,-20.0,-20.0,0.0,0.0,20.0,0.0,0.0
29.087101697921753,0.14989999999999998,0.137125,-0.30994,95.0,20,0,-20.0,-20.0,-20.0,0.0,0.0,20.0,0.0,0.0
29.167102336883545,0.14989999999999998,0.1373,-0.30995,95.0,20,0,-20.0,-20.0,-20.0,0.0,0.0,20.0,0.0,0.0
29.263097286224365,0.14989999999999998,0.137475,-0.30995,95.0,20,0,-20.0,-20.0,-20.0,0.0,0.0,20.0,0.0,0.0
29.34209895133972,0.14991250000000003,0.13764999999999997,-0.30995,95.0,20,0,-20.0,-20.0,-20.0,0.0,0.0,20.0,0.0,0.0
29.438101053237915,0.14991250000000003,0.13782499999999998,-0.30995,95.0,20,0,-20.0,-20.0,-20.0,0.0,0.0,20.0,0.0,0.0
29.51810073852539,0.14991250000000003,0.13797500000000001,-0.30995,95.0,20,0,-20.0,-20.0,-20.0,0.0,0.0,20.0,0.0,0.0
29.599125862121582,0.149925,0.13814999999999997,-0.30995999999999996,95.0,20,0,-20.0,-20.0,-20.0,0.0,0.0,20.0,0.0,0.0
29.704097032546997,0.149925,0.1383125,-0.30995999999999996,95.0,20,0,-20.0,-20.0,-20.0,0.0,0.0,20.0,0.0,0.0
29.785125970840454,0.149925,0.13847500000000001,-0.30995999999999996,95.0,20,0,-20.0,-20.0,-20.0,0.0,0.0,20.0,0.0,0.0
29.87910270690918,0.149925,0.138625,-0.30995999999999996,95.0,20,0,-20.0,-20.0,-20.0,0.0,0.0,20.0,0.0,0.0
29.95710325241089,0.149925,0.13877499999999998,-0.30995999999999996,95.0,20,0,-20.0,-20.0,-20.0,0.0,0.0,20.0,0.0,0.0
30.037102937698364,0.149925,0.1389375,-0.30995999999999996,95.0,20,0,-20.0,-20.0,-20.0,0.0,0.0,20.0,0.0,0.0
30.11609983444214,0.1499375,0.13908749999999998,-0.30997,95.0,20,0,-20.0,-20.0,-20.0,0.0,0.0,20.0,0.0,0.0
30.195099592208862,0.1499375,0.13923750000000001,-0.30997,95.0,20,0,-20.0,-20.0,-20.0,0.0,0.0,20.0,0.0,0.0
30.289100170135498,0.1499375,0.1393875,-0.30997,95.0,20,0,-20.0,-20.0,-20.0,0.0,0.0,20.0,0.0,0.0
30.36811399459839,0.1499375,0.13952499999999998,-0.30997,95.0,20,0,-20.0,-20.0,-20.0,0.0,0.0,20.0,0.0,0.0
30.44810128211975,0.14995,0.13967500000000002,-0.30997,95.0,20,0,-20.0,-20.0,-20.0,0.0,0.0,20.0,0.0,0.0
30.543097257614136,0.14995,0.13982499999999998,-0.30997,95.0,20,0,-20.0,-20.0,-20.0,0.0,0.0,20.0,0.0,0.0
30.620096921920776,0.14995,0.1399625,-0.30997,95.0,20,0,-20.0,-20.0,-20.0,0.0,0.0,20.0,0.0,0.0
30.7231023311615,0.14995,0.14008749999999998,-0.30997,95.0,20,0,-20.0,-20.0,-20.0,0.0,0.0,20.0,0.0,0.0
30.81610631942749,0.14995,0.14022500000000002,-0.30997,95.0,20,0,-20.0,-20.0,-20.0,0.0,0.0,20.0,0.0,0.0
30.910098791122437,0.14996249999999997,0.1403625,-0.30998000000000003,95.0,20,0,-20.0,-20.0,-20.0,0.0,0.0,20.0,0.0,0.0
30.990097761154175,0.14996249999999997,0.14048750000000002,-0.30998000000000003,95.0,20,0,-20.0,-20.0,-20.0,0.0,0.0,20.0,0.0,0.0
31.06909728050232,0.14996249999999997,0.140625,-0.30998000000000003,95.0,20,0,-20.0,-20.0,-20.0,0.0,0.0,20.0,0.0,0.0
31.166098833084106,0.14996249999999997,0.14075,-0.30998000000000003,95.0,20,0,-20.0,-20.0,-20.0,0.0,0.0,20.0,0.0,0.0
31.31011176109314,0.14996249999999997,0.140875,-0.30998000000000003,79.74715042114258,20,0,-20.0,-20.0,-20.0,0.0,0.0,9.351501,10.648499,0.0
31.452097415924072,0.14996249999999997,0.141,-0.30998000000000003,66.35211181640625,20,0,-20.0,-20.0,-20.0,0.0,0.0,0.0,20.0,0.0
31.531098127365112,0.14997500000000002,0.141125,-0.30998000000000003,66.35211181640625,20,0,-20.0,-20.0,-20.0,0.0,0.0,0.0,20.0,0.0
31.611098289489746,0.14997500000000002,0.14125,-0.30998000000000003,66.35211181640625,20,0,-20.0,-20.0,-20.0,0.0,0.0,0.0,20.0,0.0
31.68809676170349,0.14997500000000002,0.141375,-0.30998000000000003,66.35211181640625,20,0,-20.0,-20.0,-20.0,0.0,0.0,0.0,20.0,0.0
31.770111322402954,0.14997500000000002,0.14148750000000002,-0.30998000000000003,66.35211181640625,20,0,-20.0,-20.0,-20.0,0.0,0.0,0.0,20.0,0.0
31.86509871482849,0.14997500000000002,0.14160000000000003,-0.30998000000000003,66.35211181640625,20,0,-20.0,-20.0,-20.0,0.0,0.0,0.0,20.0,0.0
31.95662498474121,0.14997500000000002,0.14172500000000002,-0.30998000000000003,66.35211181640625,20,0,-20.0,-20.0,-20.0,0.0,0.0,0.0,20.0,0.0
32.03562641143799,0.14997500000000002,0.14182499999999998,-0.30999,66.35211181640625,20,0,-20.0,-20.0,-20.0,0.0,0.0,0.0,20.0,0.0
32.12963104248047,0.14997500000000002,0.1419375,-0.30999,66.35211181640625,0,0,-20.0,-20.0,-20.0,0.0,0.0,0.0,20.0,0.0
32.2076313495636,0.14997500000000002,0.14205,-0.30999,66.35211181640625,0,0,0.0,0.0,0.0,-20.0,-20.0,-20.0,0.0,20.0
32.303624629974365,0.14997500000000002,0.14205,-0.30983249999999996,66.35211181640625,0,1,0.0,0.0,0.0,-20.0,-20.0,-20.0,0.0,20.0
32.399632692337036,0.14997500000000002,0.14208749999999998,-0.30883249999999995,66.35211181640625,0,2,0.0,0.0,0.0,-20.0,-20.0,-20.0,0.0,20.0
32.49663496017456,0.14997500000000002,0.142125,-0.3071425,66.35211181640625,0,3,0.0,0.0,0.0,-20.0,-20.0,0.0,-20.0,20.0
32.59262466430664,0.14997500000000002,0.14216250000000002,-0.3061325,66.35211181640625,0,4,0.0,0.0,0.0,-20.0,-20.0,0.0,-20.0,20.0
32.68962621688843,0.14997500000000002,0.14216250000000002,-0.30579,66.35211181640625,0,4,0.0,0.0,0.0,-20.0,-20.0,0.0,-20.0,20.0
32.78662443161011,0.14997500000000002,0.1422,-0.304695,66.35211181640625,0,5,0.0,0.0,0.0,-20.0,-20.0,0.0,-20.0,20.0
32.886640787124634,0.14997500000000002,0.1422625,-0.302665,66.35211181640625,0,6,0.0,0.0,0.0,-20.0,-20.0,0.0,-20.0,20.0
33.044628620147705,0.14997500000000002,0.1423625,-0.29884,66.35211181640625,0,6,0.0,0.0,0.0,-20.0,-20.0,0.0,-20.0,20.0
33.14462637901306,0.14997500000000002,0.14248750000000002,-0.294705,66.35211181640625,0,5,0.0,0.0,0.0,-20.0,-20.0,0.0,-20.0,20.0
33.243627309799194,0.14997500000000002,0.14257499999999998,-0.29168,66.35211181640625,0,6,0.0,0.0,0.0,-20.0,-20.0,0.0,-20.0,20.0
33.34164047241211,0.14997500000000002,0.14267500000000002,-0.288665,66.35211181640625,0,6,0.0,0.0,0.0,-20.0,-20.0,0.0,-20.0,20.0
33.43862533569336,0.14997500000000002,0.14277499999999999,-0.2857,66.35211181640625,0,6,0.0,0.0,0.0,-20.0,-20.0,0.0,-20.0,20.0
33.53462624549866,0.14997500000000002,0.1428625,-0.28285000000000005,66.35211181640625,0,6,0.0,0.0,0.0,-20.0,-20.0,0.0,-20.0,20.0
33.633625745773315,0.14997500000000002,0.14295,-0.280085,66.35211181640625,0,6,0.0,0.0,0.0,-20.0,-20.0,0.0,-20.0,20.0
33.72962927818298,0.14997500000000002,0.14305,-0.2773,66.35211181640625,0,6,0.0,0.0,0.0,-20.0,-20.0,0.0,-20.0,20.0
33.82763957977295,0.14997500000000002,0.14314999999999997,-0.274645,66.35211181640625,0,6,0.0,0.0,0.0,-20.0,-20.0,0.0,-20.0,20.0
33.923635959625244,0.14997500000000002,0.1432625,-0.2717,66.35211181640625,0,6,0.0,0.0,0.0,-20.0,-20.0,0.0,-20.0,20.0
34.02262854576111,0.14998750000000002,0.14335000000000003,-0.26905,66.35211181640625,0,6,0.0,0.0,0.0,-20.0,-20.0,0.0,-20.0,20.0
34.17963266372681,0.14998750000000002,0.14347500000000002,-0.26579,66.35211181640625,0,5,0.0,0.0,0.0,-20.0,-20.0,0.0,-20.0,20.0
34.28662419319153,0.14998750000000002,0.1436125,-0.2623975,66.35211181640625,0,5,0.0,0.0,0.0,-20.0,-20.0,0.0,-20.0,20.0
34.38362407684326,0.14998750000000002,0.14371249999999997,-0.26015999999999995,66.35211181640625,0,5,0.0,0.0,0.0,-20.0,-20.0,0.0,-20.0,20.0
34.48262596130371,0.14998750000000002,0.1438,-0.2580225,66.35211181640625,0,5,0.0,0.0,0.0,-20.0,-20.0,0.0,-20.0,20.0
34.5806303024292,0.14998750000000002,0.14389999999999997,-0.2559075,66.35211181640625,0,4,0.0,0.0,0.0,-20.0,-20.0,0.0,-20.0,20.0
34.6766402721405,0.14998750000000002,0.14398750000000002,-0.2538775,66.35211181640625,0,4,0.0,0.0,0.0,-20.0,-20.0,0.0,-20.0,20.0
34.77462911605835,0.14998750000000002,0.14407499999999998,-0.251875,66.35211181640625,0,4,0.0,0.0,0.0,-20.0,-20.0,0.0,-20.0,20.0
34.87262415885925,0.14998750000000002,0.144175,-0.24988999999999997,66.35211181640625,0,4,0.0,0.0,0.0,-20.0,-20.0,0.0,-20.0,20.0
34.97062373161316,0.14998750000000002,0.144275,-0.2479625,66.35211181640625,0,4,0.0,0.0,0.0,-20.0,-20.0,0.0,-20.0,20.0
35.06762504577637,0.14998750000000002,0.144375,-0.24610250000000003,66.35211181640625,0,4,0.0,0.0,0.0,-20.0,-20.0,0.0,-20.0,20.0
35.16362714767456,0.14998750000000002,0.14446249999999997,-0.2443125,66.35211181640625,0,3,0.0,0.0,0.0,-20.0,-20.0,0.0,-20.0,20.0
35.30563163757324,0.14998750000000002,0.14458749999999998,-0.24210500000000001,66.35211181640625,0,3,0.0,0.0,0.0,-20.0,-20.0,0.0,-20.0,20.0
35.386627435684204,0.14998750000000002,0.14471249999999997,-0.2400575,66.35211181640625,0,2,0.0,0.0,0.0,-20.0,-20.0,0.0,-20.0,20.0
35.485626459121704,0.14998750000000002,0.1448,-0.2386625,66.35211181640625,0,2,0.0,0.0,0.0,-20.0,-20.0,0.0,-20.0,20.0
35.579625368118286,0.14998750000000002,0.144875,-0.23739,66.35211181640625,0,2,0.0,0.0,0.0,-20.0,-20.0,0.0,-20.0,20.0
35.674625396728516,0.14998750000000002,0.1448875,-0.2370175,66.35211181640625,0,2,20.0,0.0,0.0,-20.0,0.0,-20.0,-20.0,0.0
35.76962494850159,0.14998750000000002,0.14495,-0.2362225,66.35211181640625,0,3,20.0,0.0,0.0,-20.0,0.0,-20.0,-20.0,0.0
35.86863660812378,0.14985,0.14497500000000002,-0.23474,66.35211181640625,0,2,20.0,0.0,0.0,-20.0,0.0,-20.0,-20.0,0.0
35.96463346481323,0.14858749999999998,0.1445625,-0.2327675,66.35211181640625,0,3,20.0,0.0,0.0,-20.0,0.0,-20.0,-20.0,0.0
36.06262969970703,0.1468,0.14397500000000002,-0.229965,66.35211181640625,0,4,20.0,0.0,0.0,-20.0,0.0,-20.0,-20.0,0.0
36.161632776260376,0.144625,0.14325,-0.22655,66.35211181640625,0,5,20.0,0.0,0.0,-20.0,0.0,-20.0,-20.0,0.0
36.25862908363342,0.14242500000000002,0.1425,-0.22310500000000003,66.35211181640625,0,5,20.0,0.0,0.0,-20.0,0.0,-20.0,-20.0,0.0
36.395628452301025,0.14026249999999998,0.14177499999999998,-0.219725,66.35211181640625,0,6,20.0,0.0,0.0,-20.0,0.0,-20.0,-20.0,0.0
36.50562524795532,0.13691250000000002,0.1406125,-0.21446500000000002,66.35211181640625,0,6,20.0,0.0,0.0,-20.0,0.0,-20.0,-20.0,0.0
36.605632066726685,0.13478750000000003,0.139875,-0.211135,66.35211181640625,0,7,20.0,0.0,0.0,-20.0,0.0,-20.0,-20.0,0.0
36.70262312889099,0.13255,0.13910000000000003,-0.20764,66.35211181640625,0,7,20.0,0.0,0.0,-20.0,0.0,-20.0,-20.0,0.0
36.80063223838806,0.1303875,0.1383125,-0.20425,66.35211181640625,0,8,20.0,0.0,0.0,-20.0,0.0,-20.0,-20.0,0.0
36.897629261016846,0.1282375,0.13753750000000003,-0.20086500000000002,66.35211181640625,0,9,20.0,0.0,0.0,-20.0,0.0,-20.0,-20.0,0.0
36.996633768081665,0.1260625,0.13675,-0.197465,66.35211181640625,0,9,20.0,0.0,0.0,-20.0,0.0,-20.0,-20.0,0.0
37.06862688064575,0.12386250000000001,0.1359375,-0.19401999999999997,66.35211181640625,0,10,20.0,0.0,0.0,-20.0,0.0,-20.0,-20.0,0.0
37.16562509536743,0.12226249999999998,0.13535000000000003,-0.191515,66.35211181640625,0,9,20.0,0.0,0.0,-20.0,0.0,-20.0,-20.0,0.0
37.24262547492981,0.12007499999999999,0.13452499999999998,-0.18808499999999997,66.35211181640625,0,10,20.0,0.0,0.0,-20.0,0.0,-20.0,-20.0,0.0
37.31462478637695,0.11839999999999998,0.1338875,-0.185465,66.35211181640625,0,10,20.0,0.0,0.0,-20.0,0.0,-20.0,-20.0,0.0
37.41363215446472,0.11680000000000001,0.13327499999999998,-0.182945,66.35211181640625,0,9,20.0,0.0,0.0,-20.0,0.0,-20.0,-20.0,0.0
37.49462842941284,0.11458749999999998,0.13241250000000002,-0.1795,66.35211181640625,0,10,20.0,0.0,0.0,-20.0,0.0,-20.0,-20.0,0.0
37.628629207611084,0.11252499999999997,0.13160000000000002,-0.17627500000000002,66.35211181640625,0,9,20.0,0.0,0.0,-20.0,0.0,-20.0,-20.0,0.0
37.69963765144348,0.10980000000000001,0.13051249999999998,-0.171995,66.35211181640625,0,10,20.0,0.0,0.0,-20.0,0.0,-20.0,-20.0,0.0
37.77163219451904,0.10821249999999998,0.129875,-0.169505,66.35211181640625,0,10,20.0,0.0,0.0,-20.0,0.0,-20.0,-20.0,0.0
37.871644735336304,0.10661250000000001,0.12922500000000003,-0.166995,66.35211181640625,0,9,20.0,0.0,0.0,-20.0,0.0,-20.0,-20.0,0.0
37.94463777542114,0.1043875,0.1283125,-0.16352,66.35211181640625,0,10,20.0,0.0,0.0,-20.0,0.0,-20.0,-20.0,0.0
38.04162621498108,0.10276249999999999,0.127625,-0.160965,66.35211181640625,0,9,20.0,0.0,0.0,-20.0,0.0,-20.0,-20.0,0.0
38.11563754081726,0.100625,0.12671249999999998,-0.157615,66.35211181640625,0,10,20.0,0.0,0.0,-20.0,0.0,-20.0,-20.0,0.0
38.21262788772583,0.09896249999999998,0.1260125,-0.15502000000000002,66.35211181640625,0,9,20.0,0.0,0.0,-20.0,0.0,-20.0,-20.0,0.0
38.28363299369812,0.0968125,0.125075,-0.151655,66.35211181640625,0,10,20.0,0.0,0.0,-20.0,0.0,-20.0,-20.0,0.0
38.38162589073181,0.09522500000000002,0.12438749999999998,-0.149185,66.35211181640625,0,9,20.0,0.0,0.0,-20.0,0.0,-20.0,-20.0,0.0
38.452624797821045,0.09305000000000001,0.123425,-0.14576499999999998,66.35211181640625,0,10,20.0,0.0,0.0,-20.0,0.0,-20.0,-20.0,0.0
38.549630880355835,0.09148750000000001,0.12272500000000003,-0.14331,66.35211181640625,0,9,20.0,0.0,0.0,-20.0,0.0,-20.0,-20.0,0.0
38.63362908363342,0.08927499999999998,0.12171249999999997,-0.13985,66.35211181640625,0,10,20.0,0.0,0.0,-20.0,0.0,-20.0,-20.0,0.0
38.76562523841858,0.0871875,0.12073750000000001,-0.136565,66.35211181640625,0,9,20.0,0.0,0.0,-20.0,0.0,-20.0,-20.0,0.0
38.86362433433533,0.0845,0.11946249999999997,-0.13236,66.35211181640625,0,9,20.0,0.0,0.0,-20.0,0.0,-20.0,-20.0,0.0
38.93663311004639,0.08233749999999998,0.11841250000000002,-0.128975,66.35211181640625,0,10,20.0,0.0,0.0,-20.0,0.0,-20.0,-20.0,0.0
39.01063060760498,0.08071249999999998,0.11761250000000001,-0.126425,66.35211181640625,0,10,20.0,0.0,0.0,-20.0,0.0,-20.0,-20.0,0.0
39.081623792648315,0.07905000000000001,0.11680000000000001,-0.12382499999999999,66.35211181640625,0,10,20.0,0.0,0.0,-20.0,0.0,-20.0,-20.0,0.0
39.18062877655029,0.0775,0.11601249999999999,-0.12138999999999998,66.35211181640625,0,9,20.0,0.0,0.0,-20.0,0.0,-20.0,-20.0,0.0
39.256630182266235,0.07527499999999998,0.11485000000000002,-0.11791499999999999,66.35211181640625,0,10,20.0,0.0,0.0,-20.0,0.0,-20.0,-20.0,0.0
39.32762908935547,0.07360000000000003,0.11396249999999998,-0.115275,66.35211181640625,0,10,20.0,0.0,0.0,-20.0,0.0,-20.0,-20.0,0.0
39.40064334869385,0.0720125,0.11313749999999999,-0.11278999999999999,66.35211181640625,0,10,20.0,0.0,0.0,-20.0,0.0,-20.0,-20.0,0.0
39.47262763977051,0.07039999999999998,0.11228750000000003,-0.11026499999999999,66.35211181640625,0,10,20.0,0.0,0.0,-20.0,0.0,-20.0,-20.0,0.0
39.568623781204224,0.06880000000000001,0.1114375,-0.10776,66.35211181640625,0,9,20.0,0.0,0.0,-20.0,0.0,-20.0,-20.0,0.0
39.64163303375244,0.06664999999999997,0.11023750000000002,-0.1044,66.35211181640625,0,10,20.0,0.0,0.0,-20.0,0.0,-20.0,-20.0,0.0
39.71563410758972,0.06501249999999999,0.10932499999999999,-0.10183500000000001,66.35211181640625,0,10,20.0,0.0,0.0,-20.0,0.0,-20.0,-20.0,0.0
39.836628437042236,0.06338749999999999,0.10839999999999998,-0.099285,66.35211181640625,0,9,20.0,0.0,0.0,-20.0,0.0,-20.0,-20.0,0.0
39.92663240432739,0.06042500000000001,0.106625,-0.09465000000000001,66.35211181640625,0,10,20.0,0.0,0.0,-20.0,0.0,-20.0,-20.0,0.0
39.99862456321716,0.05867500000000001,0.10558749999999997,-0.091915,66.35211181640625,0,10,20.0,0.0,0.0,-20.0,0.0,-20.0,-20.0,0.0
40.07062363624573,0.05708749999999998,0.104625,-0.08941999999999999,66.35211181640625,0,10,20.0,0.0,0.0,-20.0,0.0,-20.0,-20.0,0.0
40.16762375831604,0.055475000000000024,0.103625,-0.0869,66.35211181640625,0,9,20.0,0.0,0.0,-20.0,0.0,-20.0,-20.0,0.0
40.23862409591675,0.053337499999999975,0.10225,-0.08353999999999999,66.35211181640625,0,10,20.0,0.0,0.0,-20.0,0.0,-20.0,-20.0,0.0
40.33662676811218,0.05173750000000001,0.10122500000000002,-0.08104499999999999,66.35211181640625,0,9,20.0,0.0,0.0,-20.0,0.0,-20.0,-20.0,0.0
40.4096245765686,0.0495625,0.09975,-0.077645,66.35211181640625,0,10,20.0,0.0,0.0,-20.0,0.0,-20.0,-20.0,0.0
40.48063015937805,0.047949999999999986,0.09866250000000003,-0.07512,66.35211181640625,0,10,20.0,0.0,0.0,-20.0,0.0,-20.0,-20.0,0.0
40.57964777946472,0.046362500000000015,0.09752499999999997,-0.072625,66.35211181640625,0,9,20.0,0.0,0.0,-20.0,0.0,-20.0,-20.0,0.0
40.648635387420654,0.044149999999999974,0.09592500000000001,-0.06915,66.35211181640625,0,10,20.0,0.0,0.0,-20.0,0.0,-20.0,-20.0,0.0
40.747626304626465,0.04261250000000001,0.09477499999999997,-0.06675,66.35211181640625,0,9,20.0,0.0,0.0,-20.0,0.0,-20.0,-20.0,0.0
40.84464645385742,0.04042500000000001,0.09311250000000001,-0.06331,66.35211181640625,0,9,20.0,0.0,0.0,-20.0,0.0,-20.0,-20.0,0.0
40.929632902145386,0.03826249999999999,0.09138749999999998,-0.059930000000000004,66.35211181640625,0,10,20.0,0.0,0.0,-20.0,0.0,-20.0,-20.0,0.0
41.06362342834473,0.03610000000000002,0.089625,-0.05655500000000001,66.35211181640625,0,9,20.0,0.0,0.0,-20.0,0.0,-20.0,-20.0,0.0
41.16163992881775,0.033400000000000006,0.08723750000000001,-0.052315,66.35211181640625,0,9,20.0,0.0,0.0,-20.0,0.0,-20.0,-20.0,0.0
41.238624572753906,0.031199999999999988,0.08528750000000002,-0.048870000000000004,66.35211181640625,0,10,20.0,0.0,0.0,-20.0,0.0,-20.0,-20.0,0.0
41.333629846572876,0.029525000000000006,0.0836875,-0.04625,66.35211181640625,0,9,20.0,0.0,0.0,-20.0,0.0,-20.0,-20.0,0.0
41.4076247215271,0.027375,0.08153750000000003,-0.042875,66.35211181640625,0,10,20.0,0.0,0.0,-20.0,0.0,-20.0,-20.0,0.0
41.479644536972046,0.02575,0.07991250000000003,-0.04033499999999998,66.35211181640625,0,10,20.0,0.0,0.0,-20.0,0.0,-20.0,-20.0,0.0
41.57762932777405,0.02413749999999999,0.07821249999999998,-0.037814999999999994,66.35211181640625,0,9,20.0,0.0,0.0,-20.0,0.0,-20.0,-20.0,0.0
41.67662572860718,0.02194999999999999,0.07575,-0.034379999999999994,66.35211181640625,0,9,20.0,0.0,0.0,-20.0,0.0,-20.0,-20.0,0.0
41.751633167266846,0.019912499999999993,0.0732625,-0.031194999999999994,66.35211181640625,0,10,20.0,0.0,0.0,-20.0,0.0,-20.0,-20.0,0.0
41.82162809371948,0.01873750000000001,0.07182499999999999,-0.029360000000000015,66.35211181640625,0,10,20.0,0.0,0.0,-20.0,0.0,-20.0,-20.0,0.0
41.92063570022583,0.017775000000000006,0.07053750000000002,-0.027845000000000026,66.35211181640625,0,9,20.0,0.0,0.0,-20.0,0.0,-20.0,-20.0,0.0
42.01662635803223,0.016675000000000013,0.06901249999999999,-0.02611500000000001,66.35211181640625,0,9,20.0,0.0,0.0,-20.0,0.0,-20.0,-20.0,0.0
42.156625270843506,0.015199999999999988,0.06691250000000003,-0.023815,66.35211181640625,0,9,20.0,0.0,0.0,-20.0,0.0,-20.0,-20.0,0.0
42.25462484359741,0.013574999999999988,0.06441250000000003,-0.021267499999999984,66.35211181640625,0,9,20.0,0.0,0.0,-20.0,0.0,-20.0,-20.0,0.0
42.35263776779175,0.012275000000000006,0.062274999999999976,-0.0192475,66.35211181640625,0,8,20.0,0.0,0.0,-20.0,0.0,-20.0,-20.0,0.0
42.44767355918884,0.011275000000000006,0.06047500000000002,-0.017652499999999974,66.35211181640625,0,8,20.0,0.0,0.0,-20.0,0.0,-20.0,-20.0,0.0
42.54462432861328,0.010387499999999989,0.05882499999999999,-0.016277499999999976,66.35211181640625,0,8,20.0,0.0,0.0,-20.0,0.0,-20.0,-20.0,0.0
42.63962388038635,0.009324999999999988,0.05673750000000001,-0.01461500000000001,66.35211181640625,0,7,20.0,0.0,0.0,-20.0,0.0,-20.0,-20.0,0.0
42.736626386642456,0.008400000000000006,0.05473750000000001,-0.013139999999999987,66.35211181640625,0,8,20.0,0.0,0.0,-20.0,0.0,-20.0,-20.0,0.0
42.83263683319092,0.007612500000000012,0.052962499999999975,-0.011910000000000025,66.35211181640625,0,6,20.0,0.0,0.0,-20.0,0.0,-20.0,-20.0,0.0
42.92862915992737,0.006849999999999994,0.05111250000000001,-0.010732500000000016,66.35211181640625,0,5,0.0,20.0,0.0,0.0,-20.0,-20.0,-20.0,0.0
43.025625228881836,0.006224999999999994,0.0495,-0.009757499999999994,66.35211181640625,0,4,0.0,20.0,0.0,0.0,-20.0,-20.0,-20.0,0.0
43.12262558937073,0.005637499999999989,0.04783749999999998,-0.00882249999999999,66.35211181640625,0,2,0.0,20.0,0.0,0.0,-20.0,-20.0,-20.0,0.0
43.22562789916992,0.005275000000000005,0.04680000000000001,-0.008257499999999994,66.35211181640625,0,1,0.0,20.0,0.0,0.0,-20.0,-20.0,-20.0,0.0
43.33164024353027,0.005050000000000011,0.046087499999999976,-0.007892499999999985,66.35211181640625,0,1,0.0,20.0,0.0,0.0,-20.0,-20.0,-20.0,0.0
43.411625623703,0.004824999999999989,0.045425000000000014,-0.007567499999999995,66.35211181640625,0,1,0.0,20.0,0.0,0.0,-20.0,-20.0,-20.0,0.0
43.50562357902527,0.004662499999999994,0.044862500000000013,-0.00729000000000002,66.35211181640625,0,1,0.0,20.0,0.0,0.0,-20.0,-20.0,-20.0,0.0
43.58664011955261,0.004449999999999989,0.044212499999999974,-0.006985000000000014,66.35211181640625,0,1,0.0,20.0,0.0,0.0,-20.0,-20.0,-20.0,0.0
43.6816246509552,0.0042874999999999944,0.043625,-0.006717499999999973,66.35211181640625,0,1,0.0,20.0,0.0,0.0,-20.0,-20.0,-20.0,0.0
43.760629415512085,0.004099999999999994,0.04296249999999998,-0.006420000000000016,66.35211181640625,0,1,0.0,20.0,0.0,0.0,-20.0,-20.0,-20.0,0.0
43.84162664413452,0.0039375,0.04238749999999999,-0.0061675000000000185,66.35211181640625,0,1,0.0,20.0,0.0,0.0,-20.0,-20.0,-20.0,0.0
43.93862843513489,0.0037874999999999944,0.04180000000000001,-0.00591500000000002,66.35211181640625,0,1,0.0,20.0,0.0,0.0,-20.0,-20.0,-20.0,0.0
44.02062702178955,0.0035875000000000056,0.0410625,-0.005605000000000018,66.35211181640625,0,1,0.0,20.0,0.0,0.0,-20.0,-20.0,-20.0,0.0
44.100630044937134,0.0034250000000000114,0.04042500000000001,-0.005355000000000019,66.35211181640625,0,1,0.0,20.0,0.0,0.0,-20.0,-20.0,-20.0,0.0
44.179624795913696,0.0032624999999999885,0.0398125,-0.005117500000000007,66.35211181640625,0,1,0.0,20.0,0.0,0.0,-20.0,-20.0,-20.0,0.0
44.27562403678894,0.003137499999999989,0.039287500000000024,-0.004922500000000014,66.35211181640625,0,1,0.0,20.0,0.0,0.0,-20.0,-20.0,-20.0,0.0
44.38662767410278,0.002974999999999994,0.03857499999999999,-0.004670000000000016,66.35211181640625,0,0,0.0,20.0,0.0,0.0,-20.0,-20.0,-20.0,0.0
44.466630935668945,0.0028625000000000113,0.03807499999999999,-0.004490000000000009,66.35211181640625,0,1,0.0,20.0,0.0,0.0,-20.0,-20.0,-20.0,0.0
44.54863500595093,0.0027750000000000058,0.037625,-0.004332499999999982,66.35211181640625,0,1,0.0,20.0,0.0,0.0,-20.0,-20.0,-20.0,0.0
44.628633975982666,0.0026500000000000056,0.03710000000000002,-0.0041575000000000275,66.35211181640625,0,1,0.0,20.0,0.0,0.0,-20.0,-20.0,-20.0,0.0
44.72462439537048,0.002537499999999994,0.036587499999999974,-0.003985000000000014,66.35211181640625,0,1,0.0,20.0,0.0,0.0,-20.0,-20.0,-20.0,0.0
44.82062387466431,0.0024250000000000113,0.03601249999999999,-0.003810000000000002,66.35211181640625,0,0,0.0,20.0,0.0,0.0,-20.0,-20.0,-20.0,0.0
44.899625301361084,0.0023249999999999885,0.03552500000000001,-0.003649999999999977,66.35211181640625,0,0,0.0,20.0,0.0,0.0,-20.0,-20.0,-20.0,0.0
44.99563789367676,0.00225,0.0350625,-0.003519999999999982,66.35211181640625,0,1,0.0,20.0,0.0,0.0,-20.0,-20.0,-20.0,0.0
45.07362627983093,0.0021500000000000056,0.03455000000000001,-0.0033700000000000045,66.35211181640625,0,0,0.0,20.0,0.0,0.0,-20.0,-20.0,-20.0,0.0
45.154646158218384,0.0020749999999999887,0.03413749999999999,-0.00325,66.35211181640625,0,1,0.0,20.0,0.0,0.0,-20.0,-20.0,-20.0,0.0
45.25063109397888,0.001974999999999994,0.033625,-0.0031025000000000206,66.35211181640625,0,1,0.0,20.0,0.0,0.0,-20.0,-20.0,-20.0,0.0
45.330639600753784,0.0019000000000000056,0.033150000000000006,-0.0029800000000000182,66.35211181640625,0,0,0.0,20.0,0.0,0.0,-20.0,-20.0,-20.0,0.0
45.43962907791138,0.0018249999999999885,0.032699999999999986,-0.0028600000000000136,66.35211181640625,0,0,0.0,20.0,0.0,0.0,-20.0,-20.0,-20.0,0.0
45.518625020980835,0.00175,0.03225,-0.00275,66.35211181640625,0,0,0.0,20.0,0.0,0.0,-20.0,-20.0,-20.0,0.0
45.598628997802734,0.0016750000000000113,0.0318125,-0.0026399999999999865,66.35211181640625,0,0,0.0,20.0,0.0,0.0,-20.0,-20.0,-20.0,0.0
45.67863416671753,0.001625,0.031375,-0.002529999999999973,66.35211181640625,0,0,0.0,20.0,0.0,0.0,-20.0,-20.0,-20.0,0.0
45.75762391090393,0.0015500000000000114,0.0309375,-0.002430000000000007,66.35211181640625,0,0,0.0,20.0,0.0,0.0,-20.0,-20.0,-20.0,0.0
45.836631059646606,0.0014875000000000114,0.030525000000000007,-0.002329999999999984,66.35211181640625,0,0,0.0,20.0,0.0,0.0,-20.0,-20.0,-20.0,0.0
45.932626485824585,0.0014250000000000113,0.030099999999999995,-0.002240000000000009,66.35211181640625,0,0,0.0,20.0,0.0,0.0,-20.0,-20.0,-20.0,0.0
46.01364231109619,0.001375,0.0296875,-0.0021499999999999774,66.35211181640625,0,0,0.0,20.0,0.0,0.0,-20.0,-20.0,-20.0,0.0
46.107624530792236,0.0013249999999999887,0.029275000000000006,-0.0020600000000000024,66.35211181640625,0,0,0.0,20.0,0.0,0.0,-20.0,-20.0,-20.0,0.0
46.18562579154968,0.0012624999999999887,0.028875,-0.001980000000000018,66.35211181640625,0,0,0.0,20.0,0.0,0.0,-20.0,-20.0,-20.0,0.0
46.26562690734863,0.0012125000000000057,0.028474999999999993,-0.0018999999999999772,66.35211181640625,0,0,0.0,20.0,0.0,0.0,-20.0,-20.0,-20.0,0.0
46.343628883361816,0.0011750000000000113,0.028087500000000005,-0.0018199999999999933,66.35211181640625,0,0,0.0,20.0,0.0,0.0,-20.0,-20.0,-20.0,0.0
46.4236376285553,0.001125,0.027712500000000004,-0.00175,66.35211181640625,0,0,0.0,20.0,0.0,0.0,-20.0,-20.0,-20.0,0.0
46.53062868118286,0.0010749999999999887,0.027324999999999988,-0.0016800000000000068,66.35211181640625,0,0,0.0,20.0,0.0,0.0,-20.0,-20.0,-20.0,0.0
46.60862374305725,0.0010250000000000057,0.026949999999999988,-0.0016100000000000135,66.35211181640625,0,0,0.0,20.0,0.0,0.0,-20.0,-20.0,-20.0,0.0
46.68962740898132,0.0009875000000000114,0.026587500000000007,-0.0015500000000000114,66.35211181640625,0,0,0.0,20.0,0.0,0.0,-20.0,-20.0,-20.0,0.0
46.76962327957153,0.0009499999999999886,0.026224999999999995,-0.0014900000000000091,66.35211181640625,0,0,0.0,20.0,0.0,0.0,-20.0,-20.0,-20.0,0.0
46.846628189086914,0.0009124999999999943,0.02586250000000001,-0.0014300000000000068,66.35211181640625,0,0,0.0,20.0,0.0,0.0,-20.0,-20.0,-20.0,0.0
46.927632093429565,0.000875,0.02551249999999999,-0.0013700000000000045,66.35211181640625,0,0,0.0,20.0,0.0,0.0,-20.0,-20.0,-20.0,0.0
47.00462222099304,0.0008375000000000057,0.025162499999999994,-0.0013199999999999933,66.35211181640625,0,0,0.0,20.0,0.0,0.0,-20.0,-20.0,-20.0,0.0
47.080626487731934,0.0008125,0.0248125,-0.001259999999999991,66.35211181640625,0,0,0.0,20.0,0.0,0.0,-20.0,-20.0,-20.0,0.0
47.157628774642944,0.0007750000000000057,0.024474999999999993,-0.0012099999999999795,66.35211181640625,0,0,0.0,20.0,0.0,0.0,-20.0,-20.0,-20.0,0.0
47.23562240600586,0.0007375000000000114,0.02413749999999999,-0.001160000000000025,66.35211181640625,0,0,0.0,20.0,0.0,0.0,-20.0,-20.0,-20.0,0.0
47.314624071121216,0.0007125000000000057,0.0238125,-0.0011200000000000045,66.35211181640625,0,0,0.0,20.0,0.0,0.0,-20.0,-20.0,-20.0,0.0
47.394635915756226,0.0006875,0.023474999999999996,-0.0010699999999999933,66.35211181640625,0,0,0.0,20.0,0.0,0.0,-20.0,-20.0,-20.0,0.0
47.47316765785217,0.0006624999999999944,0.023162499999999996,-0.0010299999999999728,66.35211181640625,0,0,0.0,20.0,0.0,0.0,-20.0,-20.0,-20.0,0.0
47.59016966819763,0.000625,0.022837500000000007,-0.000990000000000009,66.35211181640625,0,0,0.0,20.0,0.0,0.0,-20.0,-20.0,-20.0,0.0
47.66716814041138,0.0006125000000000114,0.022525000000000007,-0.0009499999999999886,66.35211181640625,0,0,0.0,20.0,0.0,0.0,-20.0,-20.0,-20.0,0.0
47.74617409706116,0.0005749999999999886,0.022224999999999995,-0.000910000000000025,66.35211181640625,0,0,0.0,20.0,0.0,0.0,-20.0,-20.0,-20.0,0.0
47.8411648273468,0.0005625,0.02192500000000001,-0.0008799999999999955,66.35211181640625,0,0,0.0,20.0,0.0,0.0,-20.0,-20.0,-20.0,0.0
47.91916799545288,0.0005374999999999944,0.021625,-0.000839999999999975,66.35211181640625,0,0,0.0,20.0,0.0,0.0,-20.0,-20.0,-20.0,0.0
47.99816823005676,0.0005250000000000057,0.02132499999999999,-0.0008100000000000022,66.35211181640625,0,0,0.0,20.0,0.0,0.0,-20.0,-20.0,-20.0,0.0
48.074169397354126,0.00048750000000001136,0.021025000000000005,-0.0007699999999999819,66.35211181640625,0,0,0.0,20.0,0.0,0.0,-20.0,-20.0,-20.0,0.0
48.15417408943176,0.0004749999999999943,0.020737500000000013,-0.0007400000000000091,66.35211181640625,0,0,0.0,20.0,0.0,0.0,-20.0,-20.0,-20.0,0.0
48.23324990272522,0.00046250000000000566,0.020462500000000005,-0.0007099999999999795,66.35211181640625,0,0,0.0,20.0,0.0,0.0,-20.0,-20.0,-20.0,0.0
48.311251640319824,0.0004375,0.020175000000000012,-0.0006899999999999977,66.35211181640625,0,0,0.0,20.0,0.0,0.0,-20.0,-20.0,-20.0,0.0
48.390249252319336,0.00042500000000001136,0.019900000000000004,-0.000660000000000025,66.35211181640625,0,0,0.0,20.0,0.0,0.0,-20.0,-20.0,-20.0,0.0
48.46925210952759,0.0004000000000000057,0.019625,-0.0006299999999999955,66.35211181640625,0,0,0.0,20.0,0.0,0.0,-20.0,-20.0,-20.0,0.0
48.54525136947632,0.00038749999999998866,0.01936250000000001,-0.0006100000000000136,66.35211181640625,0,0,0.0,20.0,0.0,0.0,-20.0,-20.0,-20.0,0.0
48.645259141922,0.000375,0.019087500000000007,-0.0005799999999999841,66.35211181640625,0,0,0.0,20.0,0.0,0.0,-20.0,-20.0,-20.0,0.0
48.733805894851685,0.00036250000000001136,0.018824999999999988,-0.0005600000000000022,66.35211181640625,0,0,0.0,20.0,0.0,0.0,-20.0,-20.0,-20.0,0.0
48.8118052482605,0.0003375000000000057,0.018574999999999987,-0.0005400000000000205,66.35211181640625,0,0,0.0,20.0,0.0,0.0,-20.0,-20.0,-20.0,0.0
48.890819787979126,0.00032499999999998866,0.018324999999999987,-0.0005099999999999909,66.35211181640625,0,0,0.0,20.0,0.0,0.0,-20.0,-20.0,-20.0,0.0
48.9827995300293,0.00032499999999998866,0.018074999999999987,-0.0004900000000000091,66.35211181640625,0,0,0.0,20.0,0.0,0.0,-20.0,-20.0,-20.0,0.0
49.060805320739746,0.00030000000000001136,0.01782499999999999,-0.0004700000000000273,66.35211181640625,0,0,0.0,20.0,0.0,0.0,-20.0,-20.0,-20.0,0.0
49.13979983329773,0.0002874999999999943,0.01757499999999999,-0.0004599999999999795,66.35211181640625,0,0,0.0,20.0,0.0,0.0,-20.0,-20.0,-20.0,0.0
49.21780872344971,0.0002750000000000057,0.017337500000000006,-0.00043999999999999774,66.35211181640625,0,0,0.0,20.0,0.0,0.0,-20.0,-20.0,-20.0,0.0
49.31280469894409,0.0002750000000000057,0.017099999999999994,-0.0004200000000000159,66.35211181640625,0,0,0.0,20.0,0.0,0.0,-20.0,-20.0,-20.0,0.0
49.391870975494385,0.00026249999999998865,0.016862500000000013,-0.00039999999999997725,66.35211181640625,0,0,0.0,20.0,0.0,0.0,-20.0,-20.0,-20.0,0.0
49.46987295150757,0.00025,0.016625,-0.00038999999999998633,66.35211181640625,0,0,0.0,20.0,0.0,0.0,-20.0,-20.0,-20.0,0.0
49.548874616622925,0.00023750000000001136,0.016412499999999993,-0.00037000000000000455,66.35211181640625,0,0,0.0,20.0,0.0,0.0,-20.0,-20.0,-20.0,0.0
49.62848520278931,0.00022499999999999433,0.016175000000000012,-0.00036000000000001363,66.35211181640625,0,0,0.0,20.0,0.0,0.0,-20.0,-20.0,-20.0,0.0
49.72748517990112,0.00022499999999999433,0.015962500000000004,-0.000339999999999975,66.35211181640625,0,0,0.0,20.0,0.0,0.0,-20.0,-20.0,-20.0,0.0
49.830511808395386,0.00021250000000000568,0.015737500000000012,-0.00032999999999998406,66.35211181640625,0,0,0.0,20.0,0.0,0.0,-20.0,-20.0,-20.0,0.0
49.90748047828674,0.00019999999999998863,0.015525000000000006,-0.0003199999999999932,66.35211181640625,0,0,0.0,20.0,0.0,0.0,-20.0,-20.0,-20.0,0.0
49.98848056793213,0.0001875,0.0153125,-0.00030000000000001136,66.35211181640625,0,0,0.0,20.0,0.0,0.0,-20.0,-20.0,-20.0,0.0
50.06347703933716,0.0001875,0.015099999999999994,-0.00029000000000002044,66.35211181640625,0,0,0.0,20.0,0.0,0.0,-20.0,-20.0,-20.0,0.0
50.14249658584595,0.00017500000000001136,0.014900000000000005,-0.0002799999999999727,66.35211181640625,0,0,0.0,20.0,0.0,0.0,-20.0,-20.0,-20.0,0.0
50.218082666397095,0.00017500000000001136,0.0146875,-0.0002699999999999818,66.35211181640625,0,0,0.0,20.0,0.0,0.0,-20.0,-20.0,-20.0,0.0
50.29607629776001,0.00016249999999999433,0.01448750000000001,-0.0002599999999999909,66.35211181640625,0,0,0.0,20.0,0.0,0.0,-20.0,-20.0,-20.0,0.0
50.37606978416443,0.00016249999999999433,0.014287499999999995,-0.00025,66.35211181640625,0,0,0.0,20.0,0.0,0.0,-20.0,-20.0,-20.0,0.0
50.47006607055664,0.00015000000000000568,0.014099999999999994,-0.00024000000000000909,66.35211181640625,0,0,0.0,20.0,0.0,0.0,-20.0,-20.0,-20.0,0.0
50.54706907272339,0.00015000000000000568,0.013900000000000006,-0.0002300000000000182,66.35211181640625,0,0,0.0,20.0,0.0,0.0,-20.0,-20.0,-20.0,0.0
50.62506699562073,0.00013749999999998862,0.013712500000000006,-0.00022000000000002728,66.35211181640625,0,0,0.0,20.0,0.0,0.0,-20.0,-20.0,-20.0,0.0
50.70406985282898,0.000125,0.013525000000000006,-0.00020999999999997954,66.35211181640625,0,0,0.0,20.0,0.0,0.0,-20.0,-20.0,-20.0,0.0
50.80606651306152,0.000125,0.013337500000000006,-0.00019999999999998863,66.35211181640625,0,0,0.0,20.0,0.0,0.0,-20.0,-20.0,-20.0,0.0
50.90208148956299,0.000125,0.013162499999999994,-0.00018999999999999773,66.35211181640625,0,0,0.0,20.0,0.0,0.0,-20.0,-20.0,-20.0,0.0
50.980066776275635,0.000125,0.012974999999999993,-0.00018999999999999773,66.35211181640625,0,0,0.0,20.0,0.0,0.0,-20.0,-20.0,-20.0,0.0
51.060073375701904,0.00011250000000001137,0.012800000000000011,-0.00018000000000000681,66.35211181640625,0,0,0.0,20.0,0.0,0.0,-20.0,-20.0,-20.0,0.0
51.13806915283203,0.00011250000000001137,0.012625,-0.00017000000000001592,66.35211181640625,0,0,0.0,20.0,0.0,0.0,-20.0,-20.0,-20.0,0.0
51.21606659889221,9.999999999999431e-05,0.012449999999999989,-0.000160000000000025,66.35211181640625,0,0,0.0,20.0,0.0,0.0,-20.0,-20.0,-20.0,0.0
51.294065952301025,9.999999999999431e-05,0.012275000000000006,-0.000160000000000025,66.35211181640625,0,0,0.0,20.0,0.0,0.0,-20.0,-20.0,-20.0,0.0
51.37307262420654,9.999999999999431e-05,0.012112500000000012,-0.00014999999999997727,66.35211181640625,0,0,0.0,20.0,0.0,0.0,-20.0,-20.0,-20.0,0.0
51.4510703086853,8.750000000000568e-05,0.011949999999999988,-0.00014999999999997727,66.35211181640625,0,0,0.0,20.0,0.0,0.0,-20.0,-20.0,-20.0,0.0
51.53208613395691,8.750000000000568e-05,0.011775000000000006,-0.00013999999999998635,66.35211181640625,0,0,0.0,20.0,0.0,0.0,-20.0,-20.0,-20.0,0.0
51.61207175254822,8.750000000000568e-05,0.011625,-0.00012999999999999546,66.35211181640625,0,0,0.0,20.0,0.0,0.0,-20.0,-20.0,-20.0,0.0
51.68807053565979,7.499999999998864e-05,0.011462500000000006,-0.00012999999999999546,66.35211181640625,0,0,0.0,20.0,0.0,0.0,-20.0,-20.0,-20.0,0.0
51.76707196235657,7.499999999998864e-05,0.011300000000000011,-0.00012000000000000454,66.35211181640625,0,0,0.0,20.0,0.0,0.0,-20.0,-20.0,-20.0,0.0
51.84406852722168,7.499999999998864e-05,0.011150000000000005,-0.00012000000000000454,66.35211181640625,0,0,0.0,20.0,0.0,0.0,-20.0,-20.0,-20.0,0.0
51.96106839179993,7.499999999998864e-05,0.011,-0.00011000000000001364,66.35211181640625,0,0,0.0,20.0,0.0,0.0,-20.0,-20.0,-20.0,0.0
52.03869128227234,7.499999999998864e-05,0.010849999999999995,-0.00011000000000001364,66.35211181640625,0,0,0.0,20.0,0.0,0.0,-20.0,-20.0,-20.0,0.0
52.11823534965515,7.499999999998864e-05,0.010699999999999989,-0.00010000000000002273,66.35211181640625,0,0,0.0,20.0,0.0,0.0,-20.0,-20.0,-20.0,0.0
52.19731259346008,6.25e-05,0.01055000000000001,-0.00010000000000002273,66.35211181640625,0,0,0.0,20.0,0.0,0.0,-20.0,-20.0,-20.0,0.0
52.272316217422485,6.25e-05,0.010412499999999995,-0.00010000000000002273,66.35211181640625,0,0,0.0,20.0,0.0,0.0,-20.0,-20.0,-20.0,0.0
52.35131239891052,6.25e-05,0.010262499999999989,-8.999999999997499e-05,66.35211181640625,0,0,0.0,20.0,0.0,0.0,-20.0,-20.0,-20.0,0.0
52.4293167591095,6.25e-05,0.010125,-8.999999999997499e-05,66.35211181640625,0,0,0.0,20.0,0.0,0.0,-20.0,-20.0,-20.0,0.0
52.50830578804016,5.0000000000011366e-05,0.009974999999999994,-8.999999999997499e-05,66.35211181640625,0,0,0.0,20.0,0.0,0.0,-20.0,-20.0,-20.0,0.0
52.58830976486206,5.0000000000011366e-05,0.009849999999999994,-7.999999999998408e-05,66.35211181640625,0,0,0.0,20.0,0.0,0.0,-20.0,-20.0,-20.0,0.0
52.66730523109436,5.0000000000011366e-05,0.009712500000000006,-7.999999999998408e-05,66.35211181640625,0,0,0.0,20.0,0.0,0.0,-20.0,-20.0,-20.0,0.0
52.74130439758301,5.0000000000011366e-05,0.009574999999999988,-7.999999999998408e-05,66.35211181640625,0,0,0.0,20.0,0.0,0.0,-20.0,-20.0,-20.0,0.0
52.88330960273743,5.0000000000011366e-05,0.009449999999999988,-6.999999999999318e-05,68.89349937438965,0,0,0.0,18.225777,1.7742233,0.0,-20.0,-20.0,-20.0,0.0
53.02631068229675,3.749999999999432e-05,0.009324999999999988,-6.999999999999318e-05,73.6412525177002,0,0,0.0,14.911221,5.0887794,0.0,-20.0,-20.0,-20.0,0.0
53.185388803482056,3.749999999999432e-05,0.0091875,-6.999999999999318e-05,78.32998466491699,0,0,0.0,11.637865,8.362135,0.0,-20.0,-20.0,-20.0,0.0
53.32739305496216,3.749999999999432e-05,0.00907499999999999,-6.000000000000227e-05,82.45007801055908,0,0,0.0,8.7614975,11.2385025,0.0,-20.0,-20.0,-20.0,0.0
53.46939945220947,3.749999999999432e-05,0.0089375,-6.000000000000227e-05,87.15394687652588,0,0,0.0,5.4775786,14.522421,0.0,-20.0,-20.0,-20.0,0.0
53.611480951309204,3.749999999999432e-05,0.008824999999999989,-6.000000000000227e-05,91.00731062889099,0,0,0.0,2.7874222,17.212578,0.0,-20.0,-20.0,-20.0,0.0
53.75500845909119,3.749999999999432e-05,0.008699999999999989,-6.000000000000227e-05,95.0,0,0,0.0,0.0,20.0,0.0,-20.0,-20.0,-20.0,0.0
53.832995891571045,2.5000000000005683e-05,0.008574999999999989,-5.0000000000011366e-05,95.0,0,0,0.0,0.0,20.0,0.0,-20.0,-20.0,-20.0,0.0
53.90799617767334,2.5000000000005683e-05,0.008462500000000006,-5.0000000000011366e-05,95.0,0,0,0.0,0.0,20.0,0.0,-20.0,-20.0,-20.0,0.0
53.98600149154663,2.5000000000005683e-05,0.008349999999999995,-5.0000000000011366e-05,95.0,0,0,0.0,0.0,20.0,0.0,-20.0,-20.0,-20.0,0.0
54.06410813331604,2.5000000000005683e-05,0.008224999999999994,-5.0000000000011366e-05,95.0,0,0,0.0,0.0,20.0,0.0,-20.0,-20.0,-20.0,0.0
54.14367413520813,2.5000000000005683e-05,0.008125,-5.0000000000011366e-05,95.0,0,0,0.0,0.0,20.0,0.0,-20.0,-20.0,-20.0,0.0
54.222683906555176,2.5000000000005683e-05,0.008012499999999988,-4.000000000002046e-05,95.0,0,0,0.0,0.0,20.0,0.0,-20.0,-20.0,-20.0,0.0
54.33620357513428,2.5000000000005683e-05,0.007900000000000006,-4.000000000002046e-05,95.0,0,0,0.0,0.0,20.0,0.0,-20.0,-20.0,-20.0,0.0
54.41620492935181,2.5000000000005683e-05,0.007787499999999994,-4.000000000002046e-05,95.0,0,0,0.0,0.0,20.0,0.0,-20.0,-20.0,-20.0,0.0
54.49420714378357,2.5000000000005683e-05,0.007675000000000012,-4.000000000002046e-05,95.0,0,0,0.0,0.0,20.0,0.0,-20.0,-20.0,-20.0,0.0
54.57321500778198,2.5000000000005683e-05,0.007574999999999989,-4.000000000002046e-05,95.0,0,0,0.0,0.0,20.0,0.0,-20.0,-20.0,-20.0,0.0
54.651198387145996,2.5000000000005683e-05,0.007474999999999995,-4.000000000002046e-05,95.0,0,0,0.0,0.0,20.0,0.0,-20.0,-20.0,-20.0,0.0
54.72872734069824,2.5000000000005683e-05,0.007375,-2.9999999999972716e-05,95.0,0,0,0.0,0.0,20.0,0.0,-20.0,-20.0,-20.0,0.0
54.80672526359558,2.5000000000005683e-05,0.007275000000000005,-2.9999999999972716e-05,95.0,0,0,0.0,0.0,20.0,0.0,-20.0,-20.0,-20.0,0.0
54.886725187301636,2.5000000000005683e-05,0.007175000000000011,-2.9999999999972716e-05,95.0,0,0,0.0,0.0,20.0,0.0,-20.0,-20.0,-20.0,0.0
54.96472144126892,2.5000000000005683e-05,0.007074999999999988,-2.9999999999972716e-05,95.0,0,0,0.0,0.0,20.0,0.0,-20.0,-20.0,-20.0,0.0
55.042724609375,2.5000000000005683e-05,0.006974999999999994,-2.9999999999972716e-05,95.0,0,0,0.0,0.0,20.0,0.0,-20.0,-20.0,-20.0,0.0
55.1207230091095,2.5000000000005683e-05,0.006875,-2.9999999999972716e-05,95.0,0,0,0.0,0.0,20.0,0.0,-20.0,-20.0,-20.0,0.0
55.19872426986694,2.5000000000005683e-05,0.006787499999999994,-2.9999999999972716e-05,95.0,0,0,0.0,0.0,20.0,0.0,-20.0,-20.0,-20.0,0.0
55.27672743797302,2.5000000000005683e-05,0.0066875,-2.9999999999972716e-05,95.0,0,0,0.0,0.0,20.0,0.0,-20.0,-20.0,-20.0,0.0
55.35572385787964,2.5000000000005683e-05,0.006599999999999994,-2.9999999999972716e-05,95.0,0,0,0.0,0.0,20.0,0.0,-20.0,-20.0,-20.0,0.0
55.46025824546814,2.5000000000005683e-05,0.006512499999999989,-1.999999999998181e-05,95.0,0,0,0.0,0.0,20.0,0.0,-20.0,-20.0,-20.0,0.0
55.5372576713562,1.2499999999988632e-05,0.006425000000000011,-1.999999999998181e-05,95.0,0,0,0.0,0.0,20.0,0.0,-20.0,-20.0,-20.0,0.0
55.616255044937134,1.2499999999988632e-05,0.006324999999999989,-1.999999999998181e-05,95.0,0,0,0.0,0.0,20.0,0.0,-20.0,-20.0,-20.0,0.0
55.69225573539734,1.2499999999988632e-05,0.00625,-1.999999999998181e-05,95.0,0,0,0.0,0.0,20.0,0.0,-20.0,-20.0,-20.0,0.0
55.77125906944275,1.2499999999988632e-05,0.006162499999999994,-1.999999999998181e-05,95.0,0,0,0.0,0.0,20.0,0.0,-20.0,-20.0,-20.0,0.0
55.86425471305847,1.2499999999988632e-05,0.006074999999999988,-1.999999999998181e-05,95.0,0,0,0.0,0.0,20.0,0.0,-20.0,-20.0,-20.0,0.0
55.944265842437744,1.2499999999988632e-05,0.005987500000000011,-1.999999999998181e-05,95.0,0,0,0.0,0.0,20.0,0.0,-20.0,-20.0,-20.0,0.0
56.02126359939575,1.2499999999988632e-05,0.005912499999999994,-1.999999999998181e-05,95.0,0,0,0.0,0.0,20.0,0.0,-20.0,-20.0,-20.0,0.0
56.09925413131714,1.2499999999988632e-05,0.005824999999999989,-1.999999999998181e-05,95.0,0,0,0.0,0.0,20.0,0.0,-20.0,-20.0,-20.0,0.0
56.177266120910645,1.2499999999988632e-05,0.00575,-1.999999999998181e-05,95.0,0,0,0.0,0.0,20.0,0.0,-20.0,-20.0,-20.0,0.0
56.25627040863037,1.2499999999988632e-05,0.005675000000000012,-1.999999999998181e-05,95.0,0,0,0.0,0.0,20.0,0.0,-20.0,-20.0,-20.0,0.0
56.336254358291626,1.2499999999988632e-05,0.005587500000000006,-1.999999999998181e-05,95.0,0,0,0.0,0.0,20.0,0.0,-20.0,-20.0,-20.0,0.0
56.41625642776489,1.2499999999988632e-05,0.005587500000000006,-1.999999999998181e-05,95.0,0,0,0.0,0.0,20.0,0.0,-20.0,-20.0,-20.0,0.0
56.531254529953,1.2499999999988632e-05,0.0054375,-9.999999999990905e-06,95.0,0,0,0.0,0.0,20.0,0.0,-20.0,-20.0,-20.0,0.0
56.611263275146484,1.2499999999988632e-05,0.0054375,-9.999999999990905e-06,95.0,0,0,0.0,0.0,20.0,0.0,-20.0,-20.0,-20.0,0.0
56.687254667282104,1.2499999999988632e-05,0.0052874999999999945,-9.999999999990905e-06,95.0,0,0,0.0,0.0,20.0,0.0,-20.0,-20.0,-20.0,0.0
56.767252922058105,1.2499999999988632e-05,0.0052874999999999945,-9.999999999990905e-06,95.0,0,0,0.0,0.0,20.0,0.0,-20.0,-20.0,-20.0,0.0
56.847267389297485,1.2499999999988632e-05,0.005150000000000005,-9.999999999990905e-06,95.0,0,0,0.0,0.0,20.0,0.0,-20.0,-20.0,-20.0,0.0
56.925262689590454,1.2499999999988632e-05,0.005074999999999988,-9.999999999990905e-06,95.0,0,0,0.0,0.0,20.0,0.0,-20.0,-20.0,-20.0,0.0
57.00427460670471,1.2499999999988632e-05,0.005074999999999988,-9.999999999990905e-06,95.0,0,0,0.0,0.0,20.0,0.0,-20.0,-20.0,-20.0,0.0
57.08225655555725,1.2499999999988632e-05,0.0049375,-9.999999999990905e-06,95.0,0,0,0.0,0.0,20.0,0.0,-20.0,-20.0,-20.0,0.0
57.163259506225586,1.2499999999988632e-05,0.0049375,-9.999999999990905e-06,95.0,0,0,0.0,0.0,20.0,0.0,-20.0,-20.0,-20.0,0.0
57.24225950241089,1.2499999999988632e-05,0.0048125,-9.999999999990905e-06,95.0,0,0,0.0,0.0,20.0,0.0,-20.0,-20.0,-20.0,0.0
57.321274518966675,1.2499999999988632e-05,0.004737500000000012,-9.999999999990905e-06,95.0,0,0,0.0,0.0,20.0,0.0,-20.0,-20.0,-20.0,0.0
57.401254177093506,1.2499999999988632e-05,0.004737500000000012,-9.999999999990905e-06,95.0,0,0,0.0,0.0,20.0,0.0,-20.0,-20.0,-20.0,0.0
57.48025941848755,1.2499999999988632e-05,0.0046125000000000116,-9.999999999990905e-06,95.0,0,0,0.0,0.0,20.0,0.0,-20.0,-20.0,-20.0,0.0
57.57325458526611,1.2499999999988632e-05,0.0046125000000000116,-9.999999999990905e-06,95.0,0,0,0.0,0.0,20.0,0.0,-20.0,-20.0,-20.0,0.0
57.66725254058838,1.2499999999988632e-05,0.0044875000000000114,-9.999999999990905e-06,95.0,0,0,0.0,0.0,20.0,0.0,-20.0,-20.0,-20.0,0.0
57.74626302719116,1.2499999999988632e-05,0.0044875000000000114,-9.999999999990905e-06,95.0,0,0,0.0,0.0,20.0,0.0,-20.0,-20.0,-20.0,0.0
57.824257612228394,0.0,0.004362500000000011,-9.999999999990905e-06,95.0,0,0,0.0,0.0,20.0,0.0,-20.0,-20.0,-20.0,0.0
57.901254415512085,0.0,0.004362500000000011,-9.999999999990905e-06,95.0,0,0,0.0,0.0,20.0,0.0,-20.0,-20.0,-20.0,0.0
57.97826266288757,0.0,0.00425,-9.999999999990905e-06,95.0,0,0,0.0,0.0,20.0,0.0,-20.0,-20.0,-20.0,0.0
58.05525326728821,0.0,0.00425,-9.999999999990905e-06,95.0,0,0,0.0,0.0,20.0,0.0,-20.0,-20.0,-20.0,0.0
58.1342556476593,0.0,0.004125,-9.999999999990905e-06,95.0,0,0,0.0,0.0,20.0,0.0,-20.0,-20.0,-20.0,0.0
58.21226191520691,0.0,0.004125,-9.999999999990905e-06,95.0,0,0,0.0,0.0,20.0,0.0,-20.0,-20.0,-20.0,0.0
58.2917959690094,0.0,0.004025000000000006,-9.999999999990905e-06,95.0,0,0,0.0,0.0,20.0,0.0,-20.0,-20.0,-20.0,0.0
58.36980056762695,0.0,0.004025000000000006,-9.999999999990905e-06,95.0,0,0,0.0,0.0,20.0,0.0,-20.0,-20.0,-20.0,0.0
58.44779968261719,0.0,0.003912499999999994,-9.999999999990905e-06,95.0,0,0,0.0,0.0,20.0,0.0,-20.0,-20.0,-20.0,0.0
58.525800466537476,0.0,0.003912499999999994,-9.999999999990905e-06,95.0,0,0,0.0,0.0,20.0,0.0,-20.0,-20.0,-20.0,0.0
58.605802059173584,0.0,0.0038000000000000113,0.0,95.0,0,0,0.0,0.0,20.0,0.0,-20.0,-20.0,-20.0,0.0
58.70280647277832,0.0,0.0038000000000000113,0.0,95.0,0,0,0.0,0.0,20.0,0.0,-20.0,-20.0,-20.0,0.0
58.7883198261261,0.0,0.0036999999999999885,0.0,95.0,0,0,0.0,0.0,20.0,0.0,-20.0,-20.0,-20.0,0.0
58.885316133499146,0.0,0.0036999999999999885,0.0,95.0,0,0,0.0,0.0,20.0,0.0,-20.0,-20.0,-20.0,0.0
58.96332287788391,0.0,0.0035999999999999943,0.0,95.0,0,0,0.0,0.0,20.0,0.0,-20.0,-20.0,-20.0,0.0
59.04133152961731,0.0,0.0035999999999999943,0.0,95.0,0,0,0.0,0.0,20.0,0.0,-20.0,-20.0,-20.0,0.0
59.12332010269165,0.0,0.0035,0.0,95.0,0,0,0.0,0.0,20.0,0.0,-20.0,-20.0,-20.0,0.0
59.20131540298462,0.0,0.0035,0.0,95.0,0,0,0.0,0.0,20.0,0.0,-20.0,-20.0,-20.0,0.0
59.281325578689575,0.0,0.0034124999999999945,0.0,95.0,0,0,0.0,0.0,20.0,0.0,-20.0,-20.0,-20.0,0.0
59.37631630897522,0.0,0.0034124999999999945,0.0,95.0,0,0,0.0,0.0,20.0,0.0,-20.0,-20.0,-20.0,0.0
59.455321073532104,0.0,0.0033125,0.0,95.0,0,0,0.0,0.0,20.0,0.0,-20.0,-20.0,-20.0,0.0
59.535319566726685,0.0,0.0033125,0.0,95.0,0,0,0.0,0.0,20.0,0.0,-20.0,-20.0,-20.0,0.0
59.61331844329834,0.0,0.0032249999999999944,0.0,95.0,0,0,0.0,0.0,20.0,0.0,-20.0,-20.0,-20.0,0.0
59.69133019447327,0.0,0.0032249999999999944,0.0,95.0,0,0,0.0,0.0,20.0,0.0,-20.0,-20.0,-20.0,0.0
59.78732967376709,0.0,0.003125,0.0,95.0,0,0,0.0,0.0,20.0,0.0,-20.0,-20.0,-20.0,0.0
59.87388300895691,0.0,0.003125,0.0,95.0,0,0,0.0,0.0,20.0,0.0,-20.0,-20.0,-20.0,0.0
59.954888343811035,0.0,0.0030500000000000115,0.0,95.0,0,0,0.0,0.0,20.0,0.0,-20.0,-20.0,-20.0,0.0
60.03288149833679,0.0,0.0030500000000000115,0.0,95.0,0,0,0.0,0.0,20.0,0.0,-20.0,-20.0,-20.0,0.0
60.10943150520325,0.0,0.002974999999999994,0.0,95.0,0,0,0.0,0.0,20.0,0.0,-20.0,-20.0,-20.0,0.0
60.20543074607849,0.0,0.002974999999999994,0.0,95.0,0,0,0.0,0.0,20.0,0.0,-20.0,-20.0,-20.0,0.0
60.28142690658569,0.0,0.0028874999999999886,0.0,95.0,0,0,0.0,0.0,20.0,0.0,-20.0,-20.0,-20.0,0.0
60.356451749801636,0.0,0.0028874999999999886,0.0,95.0,0,0,0.0,0.0,20.0,0.0,-20.0,-20.0,-20.0,0.0
60.43643307685852,0.0,0.0028125,0.0,95.0,0,0,0.0,0.0,20.0,0.0,-20.0,-20.0,-20.0,0.0
60.5154345035553,0.0,0.0028125,0.0,95.0,0,0,0.0,0.0,20.0,0.0,-20.0,-20.0,-20.0,0.0
60.595433473587036,0.0,0.0027249999999999944,0.0,95.0,0,0,0.0,0.0,20.0,0.0,-20.0,-20.0,-20.0,0.0
60.67344665527344,0.0,0.0027249999999999944,0.0,95.0,0,0,0.0,0.0,20.0,0.0,-20.0,-20.0,-20.0,0.0
60.7514328956604,0.0,0.0027249999999999944,0.0,95.0,0,0,0.0,0.0,20.0,0.0,-20.0,-20.0,-20.0,0.0
60.830446004867554,0.0,0.002625,0.0,95.0,0,0,0.0,0.0,20.0,0.0,-20.0,-20.0,-20.0,0.0
60.9374418258667,0.0,0.002625,0.0,95.0,0,0,0.0,0.0,20.0,0.0,-20.0,-20.0,-20.0,0.0
61.01843333244324,0.0,0.0025500000000000115,0.0,95.0,0,0,0.0,0.0,20.0,0.0,-20.0,-20.0,-20.0,0.0
61.09599828720093,0.0,0.0025500000000000115,0.0,95.0,0,0,0.0,0.0,20.0,0.0,-20.0,-20.0,-20.0,0.0
61.17400145530701,0.0,0.002474999999999994,0.0,95.0,0,0,0.0,0.0,20.0,0.0,-20.0,-20.0,-20.0,0.0
61.252999782562256,0.0,0.002474999999999994,0.0,95.0,0,0,0.0,0.0,20.0,0.0,-20.0,-20.0,-20.0,0.0
61.331998348236084,0.0,0.002474999999999994,0.0,95.0,0,0,0.0,0.0,20.0,0.0,-20.0,-20.0,-20.0,0.0
61.41100525856018,0.0,0.002375,0.0,95.0,0,0,0.0,0.0,20.0,0.0,-20.0,-20.0,-20.0,0.0
61.48900365829468,0.0,0.002375,0.0,95.0,0,0,0.0,0.0,20.0,0.0,-20.0,-20.0,-20.0,0.0
61.566559076309204,0.0,0.002375,0.0,95.0,0,0,0.0,0.0,20.0,0.0,-20.0,-20.0,-20.0,0.0
61.643542528152466,0.0,0.0022750000000000058,0.0,95.0,0,0,0.0,0.0,20.0,0.0,-20.0,-20.0,-20.0,0.0
61.721545934677124,0.0,0.0022750000000000058,0.0,95.0,0,0,0.0,0.0,20.0,0.0,-20.0,-20.0,-20.0,0.0
61.799551486968994,0.0,0.0022750000000000058,0.0,95.0,0,0,0.0,0.0,20.0,0.0,-20.0,-20.0,-20.0,0.0
61.879547357559204,0.0,0.0021875,0.0,95.0,0,0,0.0,0.0,20.0,0.0,-20.0,-20.0,-20.0,0.0
61.97404861450195,0.0,0.0021875,0.0,95.0,0,0,0.0,0.0,20.0,0.0,-20.0,-20.0,-20.0,0.0
62.06205749511719,0.0,0.0021875,0.0,95.0,0,0,0.0,0.0,20.0,0.0,-20.0,-20.0,-20.0,0.0
62.14106583595276,0.0,0.0020999999999999942,0.0,95.0,0,0,0.0,0.0,20.0,0.0,-20.0,-20.0,-20.0,0.0
62.21712827682495,0.0,0.0020999999999999942,0.0,95.0,0,0,0.0,0.0,20.0,0.0,-20.0,-20.0,-20.0,0.0
62.29612994194031,0.0,0.0020999999999999942,0.0,95.0,0,0,0.0,0.0,20.0,0.0,-20.0,-20.0,-20.0,0.0
62.377140522003174,0.0,0.0020250000000000055,0.0,95.0,0,0,0.0,0.0,20.0,0.0,-20.0,-20.0,-20.0,0.0
62.45712900161743,0.0,0.0020250000000000055,0.0,95.0,0,0,0.0,0.0,20.0,0.0,-20.0,-20.0,-20.0,0.0
62.535133838653564,0.0,0.0020250000000000055,0.0,95.0,0,0,0.0,0.0,20.0,0.0,-20.0,-20.0,-20.0,0.0
62.61513543128967,0.0,0.0019250000000000113,0.0,95.0,0,0,0.0,0.0,20.0,0.0,-20.0,-20.0,-20.0,0.0
62.6901273727417,0.0,0.0019250000000000113,0.0,95.0,0,0,0.0,0.0,20.0,0.0,-20.0,-20.0,-20.0,0.0
62.770132064819336,0.0,0.0019250000000000113,0.0,95.0,0,0,0.0,0.0,20.0,0.0,-20.0,-20.0,-20.0,0.0
62.84813451766968,0.0,0.0019250000000000113,0.0,95.0,0,0,0.0,0.0,20.0,0.0,-20.0,-20.0,-20.0,0.0
62.926124572753906,0.0,0.0018249999999999885,0.0,95.0,0,0,0.0,0.0,20.0,0.0,-20.0,-20.0,-20.0,0.0
63.00513672828674,0.0,0.0018249999999999885,0.0,95.0,0,0,0.0,0.0,20.0,0.0,-20.0,-20.0,-20.0,0.0
63.11212635040283,0.0,0.0018249999999999885,0.0,95.0,0,0,0.0,0.0,20.0,0.0,-20.0,-20.0,-20.0,0.0