Current Date: Thu 08 Sep 2022 22:03:06
Object Position (x,y,z)(m): 0,0,-0.305
Target Position (x,y,z)(m): 0.15,0.15,-0.31
Time,x (m),y (m),z (m),grasp angle (deg),force,Buffer Length,Move to Pre Grasp,Move to grasp,grasp,lift after grasp,move to pre release,move to release,release,lift after release
0.18702244758605957,0.0,0.0,0.0,66.35211181640625,0,0,20.0,0.0,0.0,-20.0,0.0,-20.0,-20.0,0.0
0.30901336669921875,0.0,0.0,-0.0010575000000000046,66.35211181640625,0,1,20.0,0.0,0.0,-20.0,0.0,-20.0,-20.0,0.0
0.4190402030944824,0.0,0.0,-0.0034950000000000046,66.35211181640625,0,2,20.0,0.0,0.0,-20.0,0.0,-20.0,-20.0,0.0
0.6130037307739258,0.0,0.0,-0.007944999999999994,66.35211181640625,0,3,20.0,0.0,0.0,-20.0,0.0,-20.0,-20.0,0.0
0.7340023517608643,0.0,0.0,-0.011350000000000023,66.35211181640625,0,4,20.0,0.0,0.0,-20.0,0.0,-20.0,-20.0,0.0
0.8540046215057373,0.0,0.0,-0.01220999999999998,66.35211181640625,0,4,20.0,0.0,0.0,-20.0,0.0,-20.0,-20.0,0.0
0.9720001220703125,0.0,0.0,-0.013120000000000005,66.35211181640625,0,5,20.0,0.0,0.0,-20.0,0.0,-20.0,-20.0,0.0
1.0740032196044922,0.0,0.0,-0.015420000000000015,66.35211181640625,0,6,20.0,0.0,0.0,-20.0,0.0,-20.0,-20.0,0.0
1.192000150680542,0.0,0.0,-0.018529999999999974,66.35211181640625,0,7,20.0,0.0,0.0,-20.0,0.0,-20.0,-20.0,0.0
1.313014030456543,0.0,0.0,-0.022625,66.35211181640625,0,8,20.0,0.0,0.0,-20.0,0.0,-20.0,-20.0,0.0
1.434007167816162,0.0,0.0,-0.026850000000000023,66.35211181640625,0,8,20.0,0.0,0.0,-20.0,0.0,-20.0,-20.0,0.0
1.556006669998169,0.0,0.0,-0.03108499999999998,66.35211181640625,0,9,20.0,0.0,0.0,-20.0,0.0,-20.0,-20.0,0.0
1.700002908706665,0.0,0.0,-0.03605000000000001,66.35211181640625,0,9,20.0,0.0,0.0,-20.0,0.0,-20.0,-20.0,0.0
1.785003900527954,0.0,0.0,-0.04050999999999999,66.35211181640625,0,10,20.0,0.0,0.0,-20.0,0.0,-20.0,-20.0,0.0
1.8760151863098145,0.0,0.0,-0.04332999999999999,66.35211181640625,0,10,20.0,0.0,0.0,-20.0,0.0,-20.0,-20.0,0.0
1.9840037822723389,0.0,0.0,-0.04651499999999999,66.35211181640625,0,9,20.0,0.0,0.0,-20.0,0.0,-20.0,-20.0,0.0
2.096019744873047,0.0,0.0,-0.05025999999999999,66.35211181640625,0,10,20.0,0.0,0.0,-20.0,0.0,-20.0,-20.0,0.0
2.1740012168884277,0.0,0.0,-0.054189999999999995,66.35211181640625,0,10,20.0,0.0,0.0,-20.0,0.0,-20.0,-20.0,0.0
2.2920045852661133,0.0,0.0,-0.05689999999999998,66.35211181640625,0,9,20.0,0.0,0.0,-20.0,0.0,-20.0,-20.0,0.0
2.4030025005340576,0.0,0.0,-0.06100999999999999,66.35211181640625,0,10,20.0,0.0,0.0,-20.0,0.0,-20.0,-20.0,0.0
2.493001699447632,0.0,0.0,-0.06488,66.35211181640625,0,10,20.0,0.0,0.0,-20.0,0.0,-20.0,-20.0,0.0
2.596001386642456,0.0,0.0,-0.06814500000000001,66.35211181640625,0,9,20.0,0.0,0.0,-20.0,0.0,-20.0,-20.0,0.0
2.69700288772583,0.0,0.0,-0.07158000000000002,66.35211181640625,0,10,20.0,0.0,0.0,-20.0,0.0,-20.0,-20.0,0.0
2.835003614425659,0.0,0.0,-0.075655,66.35211181640625,0,10,20.0,0.0,0.0,-20.0,0.0,-20.0,-20.0,0.0
2.9340009689331055,0.0,0.0,-0.079935,66.35211181640625,0,9,20.0,0.0,0.0,-20.0,0.0,-20.0,-20.0,0.0
3.040018320083618,0.0,0.0,-0.08335499999999998,66.35211181640625,0,10,20.0,0.0,0.0,-20.0,0.0,-20.0,-20.0,0.0
3.1380019187927246,0.0,0.0,-0.08708500000000001,66.35211181640625,0,9,20.0,0.0,0.0,-20.0,0.0,-20.0,-20.0,0.0
3.234005928039551,0.0,0.0,-0.09045500000000001,66.35211181640625,0,10,20.0,0.0,0.0,-20.0,0.0,-20.0,-20.0,0.0
3.3550024032592773,0.0,0.0,-0.09381999999999999,66.35211181640625,0,9,20.0,0.0,0.0,-20.0,0.0,-20.0,-20.0,0.0
3.456003189086914,0.0,0.0,-0.09802000000000001,66.35211181640625,0,10,20.0,0.0,0.0,-20.0,0.0,-20.0,-20.0,0.0
3.546999216079712,0.0,0.0,-0.101555,66.35211181640625,0,10,20.0,0.0,0.0,-20.0,0.0,-20.0,-20.0,0.0
3.6520087718963623,0.0,0.0,-0.10472,66.35211181640625,0,9,20.0,0.0,0.0,-20.0,0.0,-20.0,-20.0,0.0
3.769007444381714,0.0,0.0,-0.108385,66.35211181640625,0,10,20.0,0.0,0.0,-20.0,0.0,-20.0,-20.0,0.0
3.8840172290802,0.0,0.0,-0.11245,66.35211181640625,0,9,20.0,0.0,0.0,-20.0,0.0,-20.0,-20.0,0.0
4.013021945953369,0.0,0.0,-0.117185,66.35211181640625,0,10,20.0,0.0,0.0,-20.0,0.0,-20.0,-20.0,0.0
4.129005193710327,0.0,0.0,-0.120965,66.35211181640625,0,9,20.0,0.0,0.0,-20.0,0.0,-20.0,-20.0,0.0
4.228010654449463,0.0,0.0,-0.125,66.35211181640625,0,10,20.0,0.0,0.0,-20.0,0.0,-20.0,-20.0,0.0
4.349018096923828,0.0,0.0,-0.128465,66.35211181640625,0,9,20.0,0.0,0.0,-20.0,0.0,-20.0,-20.0,0.0
4.4550065994262695,0.0,0.0,-0.13266,66.35211181640625,0,10,20.0,0.0,0.0,-20.0,0.0,-20.0,-20.0,0.0
4.532028436660767,0.0,0.0,-0.136375,66.35211181640625,0,10,20.0,0.0,0.0,-20.0,0.0,-20.0,-20.0,0.0
4.634005546569824,0.0,0.0,-0.13904,66.35211181640625,0,10,20.0,0.0,0.0,-20.0,0.0,-20.0,-20.0,0.0
4.712006092071533,0.0,0.0,-0.14261000000000001,66.35211181640625,0,10,20.0,0.0,0.0,-20.0,0.0,-20.0,-20.0,0.0
4.815008640289307,0.0,0.0,-0.14534,66.35211181640625,0,10,20.0,0.0,0.0,-20.0,0.0,-20.0,-20.0,0.0
4.931001901626587,0.0,0.0,-0.148905,66.35211181640625,0,9,20.0,0.0,0.0,-20.0,0.0,-20.0,-20.0,0.0
5.051010847091675,0.0,0.0,-0.152925,66.35211181640625,0,10,20.0,0.0,0.0,-20.0,0.0,-20.0,-20.0,0.0
5.148999929428101,0.0,0.0,-0.15747,66.35211181640625,0,10,20.0,0.0,0.0,-20.0,0.0,-20.0,-20.0,0.0
5.255005121231079,0.0,0.0,-0.160545,66.35211181640625,0,10,20.0,0.0,0.0,-20.0,0.0,-20.0,-20.0,0.0
5.360008478164673,0.0,0.0,-0.16423500000000002,66.35211181640625,0,10,20.0,0.0,0.0,-20.0,0.0,-20.0,-20.0,0.0
5.478007078170776,0.0,0.0,-0.16788499999999998,66.35211181640625,0,9,20.0,0.0,0.0,-20.0,0.0,-20.0,-20.0,0.0
5.544999122619629,0.0,0.0,-0.17201499999999997,66.35211181640625,0,10,20.0,0.0,0.0,-20.0,0.0,-20.0,-20.0,0.0
5.646007776260376,0.0,0.0,-0.17432,66.35211181640625,0,10,20.0,0.0,0.0,-20.0,0.0,-20.0,-20.0,0.0
5.720005989074707,0.0,0.0,-0.177865,66.35211181640625,0,10,20.0,0.0,0.0,-20.0,0.0,-20.0,-20.0,0.0
5.820013761520386,0.0,0.0,-0.18043,66.35211181640625,0,10,20.0,0.0,0.0,-20.0,0.0,-20.0,-20.0,0.0
5.940002918243408,0.0,0.0,-0.183925,66.35211181640625,0,9,20.0,0.0,0.0,-20.0,0.0,-20.0,-20.0,0.0
6.051003456115723,0.0,0.0,-0.18811000000000003,66.35211181640625,0,10,20.0,0.0,0.0,-20.0,0.0,-20.0,-20.0,0.0
6.166001081466675,0.0,0.0,-0.191995,66.35211181640625,0,10,20.0,0.0,0.0,-20.0,0.0,-20.0,-20.0,0.0
6.299001932144165,0.0,0.0,-0.19601,66.35211181640625,0,9,20.0,0.0,0.0,-20.0,0.0,-20.0,-20.0,0.0
6.3790037631988525,0.0,0.0,-0.200605,66.35211181640625,0,10,20.0,0.0,0.0,-20.0,0.0,-20.0,-20.0,0.0
6.483016014099121,0.0,0.0,-0.203395,66.35211181640625,0,10,20.0,0.0,0.0,-20.0,0.0,-20.0,-20.0,0.0
6.601026773452759,0.0,0.0,-0.20705500000000002,66.35211181640625,0,9,20.0,0.0,0.0,-20.0,0.0,-20.0,-20.0,0.0
6.675006628036499,0.0,0.0,-0.21114499999999997,66.35211181640625,0,10,20.0,0.0,0.0,-20.0,0.0,-20.0,-20.0,0.0
6.795003414154053,0.0,0.0,-0.213725,66.35211181640625,0,9,20.0,0.0,0.0,-20.0,0.0,-20.0,-20.0,0.0
6.894009828567505,0.0,0.0,-0.21786000000000003,66.35211181640625,0,10,20.0,0.0,0.0,-20.0,0.0,-20.0,-20.0,0.0
6.968001127243042,0.0,0.0,-0.22137,66.35211181640625,0,10,20.0,0.0,0.0,-20.0,0.0,-20.0,-20.0,0.0
7.0810017585754395,0.0,0.0,-0.22389499999999998,66.35211181640625,0,9,20.0,0.0,0.0,-20.0,0.0,-20.0,-20.0,0.0
7.1850128173828125,0.0,0.0,-0.227845,66.35211181640625,0,10,20.0,0.0,0.0,-20.0,0.0,-20.0,-20.0,0.0
7.321002244949341,0.0,0.0,-0.231495,66.35211181640625,0,9,0.0,20.0,0.0,0.0,-20.0,-20.0,-20.0,0.0
7.446000576019287,0.0,0.0,-0.236595,66.35211181640625,0,9,0.0,20.0,0.0,0.0,-20.0,-20.0,-20.0,0.0
7.5620036125183105,0.0,0.0,-0.24059,66.35211181640625,0,9,0.0,20.0,0.0,0.0,-20.0,-20.0,-20.0,0.0
7.66801905632019,0.0,0.0,-0.244615,66.35211181640625,0,10,0.0,20.0,0.0,0.0,-20.0,-20.0,-20.0,0.0
7.745004177093506,0.0,0.0,-0.24834,66.35211181640625,0,10,0.0,20.0,0.0,0.0,-20.0,-20.0,-20.0,0.0
7.845015048980713,0.0,0.0,-0.25102,66.35211181640625,0,10,0.0,20.0,0.0,0.0,-20.0,-20.0,-20.0,0.0
7.959003686904907,0.0,0.0,-0.254505,66.35211181640625,0,9,0.0,20.0,0.0,0.0,-20.0,-20.0,-20.0,0.0
8.065014600753784,0.0,0.0,-0.258475,66.35211181640625,0,10,0.0,20.0,0.0,0.0,-20.0,-20.0,-20.0,0.0
8.142003297805786,0.0,0.0,-0.26217,66.35211181640625,0,10,0.0,20.0,0.0,0.0,-20.0,-20.0,-20.0,0.0
8.253002643585205,0.0,0.0,-0.26482,66.35211181640625,0,9,0.0,20.0,0.0,0.0,-20.0,-20.0,-20.0,0.0
8.361005067825317,0.0,0.0,-0.26874000000000003,66.35211181640625,0,10,0.0,20.0,0.0,0.0,-20.0,-20.0,-20.0,0.0
8.537008047103882,0.0,0.0,-0.27273000000000003,66.35211181640625,0,9,0.0,20.0,0.0,0.0,-20.0,-20.0,-20.0,0.0
8.656014919281006,0.0,0.0,-0.27862,66.35211181640625,0,9,0.0,20.0,0.0,0.0,-20.0,-20.0,-20.0,0.0
8.75100302696228,0.0,0.0,-0.282735,66.35211181640625,0,8,0.0,20.0,0.0,0.0,-20.0,-20.0,-20.0,0.0
8.868998527526855,0.0,0.0,-0.2855,66.35211181640625,0,7,0.0,20.0,0.0,0.0,-20.0,-20.0,-20.0,0.0
8.986003875732422,0.0,0.0,-0.2888525,66.35211181640625,0,6,0.0,20.0,0.0,0.0,-20.0,-20.0,-20.0,0.0
9.09633755683899,0.0,0.0,-0.29114999999999996,66.35211181640625,0,6,0.0,20.0,0.0,0.0,-20.0,-20.0,-20.0,0.0
9.224340200424194,0.0,0.0,-0.2926875,66.35211181640625,0,5,0.0,20.0,0.0,0.0,-20.0,-20.0,-20.0,0.0
9.385332107543945,0.0,0.0,-0.2940525,70.8116683959961,0,3,0.0,16.886642,3.1133575,0.0,-20.0,-20.0,-20.0,0.0
9.532330751419067,0.0,0.0,-0.29546,95.0,0,1,0.0,0.0,20.0,0.0,-20.0,-20.0,-20.0,0.0
9.626336336135864,0.0,0.0,-0.29589,95.0,0,0,0.0,0.0,20.0,0.0,-20.0,-20.0,-20.0,0.0
9.706334590911865,0.0,0.0,-0.2960475,95.0,0,1,0.0,0.0,20.0,0.0,-20.0,-20.0,-20.0,0.0
9.786335229873657,0.0,0.0,-0.29631,95.0,0,1,0.0,0.0,20.0,0.0,-20.0,-20.0,-20.0,0.0
9.881343126296997,0.0,0.0,-0.29661000000000004,95.0,0,1,0.0,0.0,20.0,0.0,-20.0,-20.0,-20.0,0.0
9.959336042404175,0.0,0.0,-0.2969475,95.0,0,1,0.0,0.0,20.0,0.0,-20.0,-20.0,-20.0,0.0
10.035336017608643,0.0,0.0,-0.2972425,95.0,0,2,0.0,0.0,20.0,0.0,-20.0,-20.0,-20.0,0.0
10.13133955001831,0.0,0.0,-0.2975075,95.0,0,2,0.0,0.0,20.0,0.0,-20.0,-20.0,-20.0,0.0
10.210339546203613,0.0,0.0,-0.29783,95.0,0,2,0.0,0.0,20.0,0.0,-20.0,-20.0,-20.0,0.0
10.304336309432983,0.0,0.0,-0.29808,95.0,0,2,0.0,0.0,20.0,0.0,-20.0,-20.0,-20.0,0.0
10.381335258483887,0.0,0.0,-0.29838749999999997,95.0,0,2,0.0,0.0,20.0,0.0,-20.0,-20.0,-20.0,0.0
10.459333419799805,0.0,0.0,-0.2986275,95.0,0,2,0.0,0.0,20.0,0.0,-20.0,-20.0,-20.0,0.0
10.537349700927734,0.0,0.0,-0.2988725,95.0,0,2,0.0,0.0,20.0,0.0,-20.0,-20.0,-20.0,0.0
10.63086485862732,0.0,0.0,-0.29911,95.0,0,2,0.0,0.0,20.0,0.0,-20.0,-20.0,-20.0,0.0
10.708860874176025,0.0,0.0,-0.2993975,95.0,0,2,0.0,0.0,20.0,0.0,-20.0,-20.0,-20.0,0.0
10.788851499557495,0.0,0.0,-0.299625,95.0,0,2,0.0,0.0,20.0,0.0,-20.0,-20.0,-20.0,0.0
10.866857051849365,0.0,0.0,-0.29984750000000004,95.0,0,2,0.0,0.0,20.0,0.0,-20.0,-20.0,-20.0,0.0
10.94585371017456,0.0,0.0,-0.30006499999999997,95.0,0,1,0.0,0.0,20.0,0.0,-20.0,-20.0,-20.0,0.0
11.02286434173584,0.0,0.0,-0.3002775,95.0,0,1,0.0,0.0,20.0,0.0,-20.0,-20.0,-20.0,0.0
11.101855039596558,0.0,0.0,-0.30049000000000003,95.0,0,1,0.0,0.0,20.0,0.0,-20.0,-20.0,-20.0,0.0
11.180851697921753,0.0,0.0,-0.30071749999999997,95.0,0,1,0.0,0.0,20.0,0.0,-20.0,-20.0,-20.0,0.0
11.258379220962524,0.0,0.0,-0.30094,95.0,0,1,0.0,0.0,20.0,0.0,-20.0,-20.0,-20.0,0.0
11.336378335952759,0.0,0.0,-0.3011025,95.0,0,1,0.0,0.0,20.0,0.0,-20.0,-20.0,-20.0,0.0
11.413388729095459,0.0,0.0,-0.3012625,95.0,0,1,0.0,0.0,20.0,0.0,-20.0,-20.0,-20.0,0.0
11.490463733673096,0.0,0.0,-0.30141500000000004,95.0,0,1,0.0,0.0,20.0,0.0,-20.0,-20.0,-20.0,0.0
11.566466093063354,0.0,0.0,-0.30156499999999997,95.0,0,1,0.0,0.0,20.0,0.0,-20.0,-20.0,-20.0,0.0
11.661465167999268,0.0,0.0,-0.30169999999999997,95.0,20,1,0.0,0.0,20.0,0.0,-20.0,-20.0,-20.0,0.0
11.73799991607666,0.0,0.0,-0.30185,95.0,20,0,-20.0,-20.0,0.0,20.0,0.0,0.0,0.0,-20.0
11.815995931625366,0.0,0.0,-0.30169,95.0,20,1,-20.0,-20.0,0.0,20.0,0.0,0.0,0.0,-20.0
11.910998344421387,0.0,0.0,-0.30094,95.0,20,2,-20.0,-20.0,0.0,20.0,0.0,0.0,0.0,-20.0
12.039000749588013,0.0,0.0,-0.299305,95.0,20,3,-20.0,-20.0,0.0,20.0,0.0,0.0,0.0,-20.0
12.117020606994629,0.0,0.0,-0.29802999999999996,95.0,20,4,-20.0,-20.0,0.0,20.0,0.0,0.0,0.0,-20.0
12.19700002670288,0.0,0.0,-0.29775999999999997,95.0,20,4,-20.0,-20.0,0.0,20.0,0.0,0.0,0.0,-20.0
12.292011737823486,0.0,0.0,-0.296925,95.0,20,5,-20.0,-20.0,0.0,20.0,0.0,0.0,0.0,-20.0
12.388995885848999,0.0,0.0,-0.2950875,95.0,20,6,-20.0,-20.0,0.0,20.0,0.0,0.0,0.0,-20.0
12.484998941421509,0.0,0.0,-0.2923,95.0,20,6,-20.0,0.0,-20.0,20.0,0.0,0.0,0.0,-20.0
12.581527709960938,0.0,0.0,-0.289295,95.0,20,6,-20.0,0.0,-20.0,20.0,0.0,0.0,0.0,-20.0
12.678531885147095,0.0,0.0,-0.28592,95.0,20,6,-20.0,0.0,-20.0,20.0,0.0,0.0,0.0,-20.0
12.775528907775879,0.0,0.0,-0.28252499999999997,95.0,20,6,-20.0,0.0,-20.0,20.0,0.0,0.0,0.0,-20.0
12.872529745101929,0.0,0.0,-0.27919499999999997,95.0,20,6,-20.0,0.0,-20.0,20.0,0.0,0.0,0.0,-20.0
12.96852731704712,0.0,0.0,-0.27579000000000004,95.0,20,6,-20.0,0.0,-20.0,20.0,0.0,0.0,0.0,-20.0
13.088533878326416,0.0,0.0,-0.27282,95.0,20,6,-20.0,0.0,-20.0,20.0,0.0,0.0,0.0,-20.0
13.221529245376587,0.0,0.0,-0.2691,95.0,20,5,-20.0,0.0,-20.0,20.0,0.0,0.0,0.0,-20.0
13.316531658172607,0.0,0.0,-0.26593,95.0,20,5,-20.0,0.0,-20.0,20.0,0.0,0.0,0.0,-20.0
13.41452670097351,0.0,0.0,-0.26344,95.0,20,5,-20.0,0.0,-20.0,20.0,0.0,0.0,0.0,-20.0
13.511527299880981,0.0,0.0,-0.26093,95.0,20,5,-20.0,0.0,-20.0,20.0,0.0,0.0,0.0,-20.0
13.609527826309204,0.0,0.0,-0.2585075,95.0,20,5,-20.0,0.0,-20.0,20.0,0.0,0.0,0.0,-20.0
13.690529108047485,0.0,0.0,-0.25608749999999997,95.0,20,5,-20.0,0.0,-20.0,20.0,0.0,0.0,0.0,-20.0
13.7875337600708,0.0,0.0,-0.2543025,95.0,20,5,-20.0,0.0,-20.0,20.0,0.0,0.0,0.0,-20.0
13.882537364959717,0.0,0.0,-0.2520175,95.0,20,5,-20.0,0.0,-20.0,20.0,0.0,0.0,0.0,-20.0
13.979530334472656,0.0,0.0,-0.2500025,95.0,20,5,-20.0,0.0,-20.0,20.0,0.0,0.0,0.0,-20.0
14.075527906417847,0.0,0.0,-0.2479875,95.0,20,5,-20.0,0.0,-20.0,20.0,0.0,0.0,0.0,-20.0
14.172548532485962,0.0,0.0,-0.24605000000000002,95.0,20,4,-20.0,0.0,-20.0,20.0,0.0,0.0,0.0,-20.0
14.309528589248657,0.0,0.0,-0.2437025,95.0,20,4,-20.0,0.0,-20.0,20.0,0.0,0.0,0.0,-20.0
14.39152717590332,0.0,0.0,-0.2413475,95.0,20,3,-20.0,0.0,-20.0,20.0,0.0,0.0,0.0,-20.0
14.470536708831787,0.0,0.0,-0.2399375,95.0,20,4,-20.0,0.0,-20.0,20.0,0.0,0.0,0.0,-20.0
14.566529512405396,0.0,0.0,-0.23849,95.0,20,3,-20.0,0.0,-20.0,20.0,0.0,0.0,0.0,-20.0
14.663527965545654,0.0,0.0,-0.23679000000000003,95.0,20,3,-20.0,0.0,-20.0,20.0,0.0,0.0,0.0,-20.0
14.758540153503418,0.0,0.0,-0.23505,95.0,20,3,-20.0,0.0,-20.0,20.0,0.0,0.0,0.0,-20.0
14.851057291030884,0.0,0.0,-0.23344,95.0,20,2,-20.0,0.0,-20.0,20.0,0.0,0.0,0.0,-20.0
14.947062015533447,0.0,0.0,-0.2319225,95.0,20,2,-20.0,0.0,-20.0,20.0,0.0,0.0,0.0,-20.0
15.027063131332397,0.0,0.0,-0.23036500000000001,95.0,20,2,-20.0,0.0,-20.0,20.0,0.0,0.0,0.0,-20.0
15.106064796447754,0.0,0.0,-0.22944499999999998,95.0,20,2,0.0,-20.0,-20.0,0.0,20.0,0.0,0.0,-20.0
15.20007586479187,0.0,0.0,-0.22913999999999998,95.0,20,2,0.0,-20.0,-20.0,0.0,20.0,0.0,0.0,-20.0
15.279058456420898,0.0,0.0,-0.22848500000000002,95.0,20,3,0.0,-20.0,-20.0,0.0,20.0,0.0,0.0,-20.0
15.395065784454346,6.25e-05,2.5000000000005683e-05,-0.2282325,95.0,20,3,0.0,-20.0,-20.0,0.0,20.0,0.0,0.0,-20.0
15.492592573165894,0.0018874999999999886,0.0006500000000000057,-0.22923500000000002,95.0,20,4,0.0,-20.0,-20.0,0.0,20.0,0.0,0.0,-20.0
15.571592807769775,0.00525,0.0018000000000000114,-0.2310725,95.0,20,5,0.0,-20.0,-20.0,0.0,20.0,0.0,0.0,-20.0
15.667593717575073,0.00855000000000001,0.0029499999999999887,-0.23287,95.0,20,5,0.0,-20.0,-20.0,0.0,20.0,0.0,0.0,-20.0
15.763598680496216,0.012574999999999989,0.004375,-0.235065,95.0,20,5,0.0,-20.0,-20.0,0.0,20.0,0.0,0.0,-20.0
15.861122369766235,0.016550000000000013,0.0058125,-0.2372275,95.0,20,6,0.0,-20.0,-20.0,0.0,20.0,0.0,0.0,-20.0
15.959125757217407,0.020587500000000005,0.007300000000000011,-0.2394325,95.0,20,6,0.0,-20.0,-20.0,0.0,20.0,0.0,0.0,-20.0
16.03812575340271,0.024650000000000005,0.008837500000000005,-0.2416475,95.0,20,6,0.0,-20.0,-20.0,0.0,20.0,0.0,0.0,-20.0
16.13211750984192,0.027925000000000012,0.010087500000000006,-0.2434375,95.0,20,6,0.0,-20.0,-20.0,0.0,20.0,0.0,0.0,-20.0
16.231122970581055,0.0318125,0.011612500000000012,-0.2455475,95.0,20,7,0.0,-20.0,-20.0,0.0,20.0,0.0,0.0,-20.0
16.327126026153564,0.03590000000000001,0.01325,-0.2477875,95.0,20,7,0.0,-20.0,-20.0,0.0,20.0,0.0,0.0,-20.0
16.42012596130371,0.0398125,0.014862500000000011,-0.24991750000000001,95.0,20,7,0.0,-20.0,-20.0,0.0,20.0,0.0,0.0,-20.0
16.556663990020752,0.0445625,0.016849999999999993,-0.2525025,95.0,20,7,0.0,-20.0,-20.0,0.0,20.0,0.0,0.0,-20.0
16.641661405563354,0.04946249999999998,0.018962500000000007,-0.2551725,95.0,20,7,0.0,-20.0,-20.0,0.0,20.0,0.0,0.0,-20.0
16.738664388656616,0.052712499999999975,0.020425000000000013,-0.25695,95.0,20,7,0.0,-20.0,-20.0,0.0,20.0,0.0,0.0,-20.0
16.834707498550415,0.05661250000000001,0.022199999999999987,-0.25908,95.0,20,7,0.0,-20.0,-20.0,0.0,20.0,0.0,0.0,-20.0
16.932711124420166,0.060550000000000014,0.024037499999999993,-0.26122,95.0,20,7,0.0,-20.0,-20.0,0.0,20.0,0.0,0.0,-20.0
17.02870535850525,0.06445,0.02592500000000001,-0.26334500000000005,95.0,20,7,0.0,-20.0,-20.0,0.0,20.0,0.0,0.0,-20.0
17.122710466384888,0.06832499999999998,0.027849999999999993,-0.265465,95.0,20,7,0.0,-20.0,-20.0,0.0,20.0,0.0,0.0,-20.0
17.218705892562866,0.07207499999999999,0.029787499999999995,-0.2675075,95.0,20,6,0.0,-20.0,-20.0,0.0,20.0,0.0,0.0,-20.0
17.314706802368164,0.07586250000000001,0.031787499999999996,-0.269575,95.0,20,6,0.0,-20.0,-20.0,0.0,20.0,0.0,0.0,-20.0
17.4117112159729,0.0796875,0.033875,-0.27165750000000005,95.0,20,6,0.0,-20.0,-20.0,0.0,20.0,0.0,0.0,-20.0
17.508256673812866,0.08338749999999999,0.03597499999999999,-0.2736775,95.0,20,6,0.0,-20.0,-20.0,0.0,20.0,0.0,0.0,-20.0
17.613267421722412,0.08691250000000002,0.0380625,-0.27559500000000003,95.0,20,5,0.0,-20.0,-20.0,0.0,20.0,0.0,0.0,-20.0
17.736783504486084,0.09108749999999997,0.040625,-0.277875,95.0,20,5,0.0,-20.0,-20.0,0.0,20.0,0.0,0.0,-20.0
17.830783128738403,0.09461250000000002,0.04288749999999999,-0.27979750000000003,95.0,20,4,0.0,-20.0,-20.0,0.0,20.0,0.0,0.0,-20.0
17.92377996444702,0.09758749999999998,0.044862500000000013,-0.2814225,95.0,20,4,0.0,-20.0,-20.0,0.0,20.0,0.0,0.0,-20.0
18.016780614852905,0.100375,0.046787500000000024,-0.28294,95.0,20,3,0.0,-20.0,-20.0,0.0,20.0,0.0,0.0,-20.0
18.111780881881714,0.10314999999999998,0.04877499999999998,-0.28445499999999996,95.0,20,3,0.0,-20.0,-20.0,0.0,20.0,0.0,0.0,-20.0
18.190786838531494,0.10591250000000002,0.0508125,-0.2859525,95.0,20,3,0.0,-20.0,-20.0,0.0,20.0,0.0,0.0,-20.0
18.26778221130371,0.10808749999999998,0.05251249999999999,-0.2871525,95.0,20,2,0.0,-20.0,-20.0,0.0,20.0,0.0,0.0,-20.0
18.34778594970703,0.11023750000000002,0.05423750000000001,-0.28832,95.0,20,2,0.0,-20.0,-20.0,0.0,20.0,0.0,0.0,-20.0
18.42278027534485,0.11197500000000002,0.055662500000000024,-0.28926999999999997,95.0,20,2,0.0,-20.0,-20.0,0.0,20.0,0.0,0.0,-20.0
18.5027813911438,0.112575,0.056162500000000025,-0.2896,95.0,20,2,0.0,-20.0,-20.0,0.0,20.0,0.0,0.0,-20.0
18.580822706222534,0.11341250000000003,0.056875,-0.2900475,95.0,20,3,0.0,-20.0,-20.0,0.0,20.0,0.0,0.0,-20.0
18.659825325012207,0.11527499999999997,0.05851249999999999,-0.291065,95.0,20,3,0.0,-20.0,-20.0,0.0,20.0,0.0,0.0,-20.0
18.77282428741455,0.11721249999999998,0.060274999999999974,-0.2921225,95.0,20,2,0.0,-20.0,-20.0,0.0,20.0,0.0,0.0,-20.0
18.864821195602417,0.1193875,0.062337499999999976,-0.293305,95.0,20,2,0.0,-20.0,-20.0,0.0,20.0,0.0,0.0,-20.0
18.94283390045166,0.12041250000000002,0.06332499999999999,-0.29386,95.0,20,2,0.0,-20.0,-20.0,0.0,20.0,0.0,0.0,-20.0
19.01881980895996,0.12086250000000001,0.06377499999999997,-0.2941075,95.0,20,2,0.0,-20.0,-20.0,0.0,20.0,0.0,0.0,-20.0
19.098838090896606,0.12197500000000003,0.06488749999999999,-0.29471499999999995,95.0,20,2,0.0,-20.0,-20.0,0.0,20.0,0.0,0.0,-20.0
19.19081997871399,0.12378750000000002,0.06680000000000001,-0.2957025,95.0,20,2,0.0,-20.0,-20.0,0.0,20.0,0.0,0.0,-20.0
19.265366792678833,0.12505000000000002,0.06816250000000003,-0.2963925,95.0,20,2,0.0,-20.0,-20.0,0.0,20.0,0.0,0.0,-20.0
19.34636402130127,0.12552499999999997,0.06869999999999998,-0.2966525,95.0,20,2,0.0,-20.0,-20.0,0.0,20.0,0.0,0.0,-20.0
19.421359062194824,0.12614999999999998,0.06939999999999998,-0.29699000000000003,95.0,20,2,0.0,-20.0,-20.0,0.0,20.0,0.0,0.0,-20.0
19.500361919403076,0.12696249999999998,0.07036250000000001,-0.2974375,95.0,20,3,0.0,-20.0,-20.0,0.0,20.0,0.0,0.0,-20.0
19.578367948532104,0.1285625,0.0722625,-0.2983075,95.0,20,2,0.0,-20.0,-20.0,0.0,20.0,0.0,0.0,-20.0
19.657878398895264,0.129625,0.07357499999999999,-0.29888,95.0,20,2,0.0,-20.0,-20.0,0.0,20.0,0.0,0.0,-20.0
19.737886667251587,0.13011250000000002,0.07421249999999997,-0.2991525,95.0,20,2,0.0,-20.0,-20.0,0.0,20.0,0.0,0.0,-20.0
19.838890314102173,0.13061250000000002,0.07486250000000001,-0.29943000000000003,95.0,20,2,0.0,-20.0,-20.0,0.0,20.0,0.0,0.0,-20.0
19.951879262924194,0.132375,0.07725,-0.3003925,95.0,20,1,0.0,-20.0,-20.0,0.0,20.0,0.0,0.0,-20.0
20.031877994537354,0.13296249999999998,0.07807499999999999,-0.30071,95.0,20,1,0.0,-20.0,-20.0,0.0,20.0,0.0,0.0,-20.0
20.127432584762573,0.1335,0.07885000000000002,-0.3010075,95.0,20,1,0.0,-20.0,-20.0,0.0,20.0,0.0,0.0,-20.0
20.206437349319458,0.1341375,0.07978750000000003,-0.30135500000000004,95.0,20,1,0.0,-20.0,-20.0,0.0,20.0,0.0,0.0,-20.0
20.28194570541382,0.134725,0.0806875,-0.30166750000000003,95.0,20,2,0.0,-20.0,-20.0,0.0,20.0,0.0,0.0,-20.0
20.361472606658936,0.135225,0.08146249999999998,-0.3019425,95.0,20,2,0.0,-20.0,-20.0,0.0,20.0,0.0,0.0,-20.0
20.43646216392517,0.1356875,0.0821875,-0.3021975,95.0,20,2,0.0,-20.0,-20.0,0.0,20.0,0.0,0.0,-20.0
20.529487133026123,0.136475,0.08344999999999998,-0.3026175,95.0,20,2,-20.0,-20.0,-20.0,0.0,0.0,20.0,0.0,0.0
20.608463287353516,0.13701249999999998,0.084375,-0.30292,95.0,20,2,-20.0,-20.0,-20.0,0.0,0.0,20.0,0.0,0.0
20.682485103607178,0.1375,0.0851875,-0.3031775,95.0,20,2,-20.0,-20.0,-20.0,0.0,0.0,20.0,0.0,0.0
20.761465787887573,0.13792500000000002,0.08597500000000002,-0.30341500000000005,95.0,20,2,-20.0,-20.0,-20.0,0.0,0.0,20.0,0.0,0.0
20.837472915649414,0.1383625,0.08677499999999998,-0.3036575,95.0,20,2,-20.0,-20.0,-20.0,0.0,0.0,20.0,0.0,0.0
20.940462112426758,0.13878750000000004,0.0875625,-0.3038875,95.0,20,2,-20.0,-20.0,-20.0,0.0,0.0,20.0,0.0,0.0
21.0384738445282,0.13957499999999998,0.08907499999999999,-0.304315,95.0,20,1,-20.0,-20.0,-20.0,0.0,0.0,20.0,0.0,0.0
21.13046169281006,0.14014999999999997,0.09021249999999997,-0.3046225,95.0,20,1,-20.0,-20.0,-20.0,0.0,0.0,20.0,0.0,0.0
21.20946502685547,0.1406125,0.091175,-0.3048725,95.0,20,1,-20.0,-20.0,-20.0,0.0,0.0,20.0,0.0,0.0
21.2904634475708,0.1409375,0.09188749999999998,-0.3050575,95.0,20,1,-20.0,-20.0,-20.0,0.0,0.0,20.0,0.0,0.0
21.383461952209473,0.1413125,0.09269999999999999,-0.3052575,95.0,20,1,-20.0,-20.0,-20.0,0.0,0.0,20.0,0.0,0.0
21.463465213775635,0.1417,0.09361250000000002,-0.305475,95.0,20,1,-20.0,-20.0,-20.0,0.0,0.0,20.0,0.0,0.0
21.541460514068604,0.142,0.0943125,-0.30563999999999997,95.0,20,1,-20.0,-20.0,-20.0,0.0,0.0,20.0,0.0,0.0
21.617461681365967,0.1422875,0.095,-0.30580250000000003,95.0,20,1,-20.0,-20.0,-20.0,0.0,0.0,20.0,0.0,0.0
21.6975200176239,0.1426375,0.095825,-0.3059825,95.0,20,1,-20.0,-20.0,-20.0,0.0,0.0,20.0,0.0,0.0
21.77651286125183,0.14292500000000002,0.096575,-0.306145,95.0,20,1,-20.0,-20.0,-20.0,0.0,0.0,20.0,0.0,0.0
21.85551619529724,0.14322500000000002,0.09733749999999998,-0.30630250000000003,95.0,20,1,-20.0,-20.0,-20.0,0.0,0.0,20.0,0.0,0.0
21.93552017211914,0.14348750000000002,0.09803750000000003,-0.30645,95.0,20,1,-20.0,-20.0,-20.0,0.0,0.0,20.0,0.0,0.0
22.01151752471924,0.1437625,0.09878750000000003,-0.3065975,95.0,20,1,-20.0,-20.0,-20.0,0.0,0.0,20.0,0.0,0.0
22.130518198013306,0.1440375,0.09955000000000001,-0.30675,95.0,20,0,-20.0,-20.0,-20.0,0.0,0.0,20.0,0.0,0.0
22.209516763687134,0.144275,0.10023750000000001,-0.30688,95.0,20,0,-20.0,-20.0,-20.0,0.0,0.0,20.0,0.0,0.0
22.28751277923584,0.14447500000000002,0.10085000000000002,-0.3069875,95.0,20,1,-20.0,-20.0,-20.0,0.0,0.0,20.0,0.0,0.0
22.365514755249023,0.1447,0.10153750000000002,-0.30711,95.0,20,1,-20.0,-20.0,-20.0,0.0,0.0,20.0,0.0,0.0
22.44451642036438,0.14491250000000003,0.10221249999999998,-0.30723,95.0,20,1,-20.0,-20.0,-20.0,0.0,0.0,20.0,0.0,0.0
22.521522760391235,0.145125,0.10286250000000001,-0.30734249999999996,95.0,20,1,-20.0,-20.0,-20.0,0.0,0.0,20.0,0.0,0.0
22.59952664375305,0.1453125,0.1035125,-0.3074425,95.0,20,1,-20.0,-20.0,-20.0,0.0,0.0,20.0,0.0,0.0
22.6765193939209,0.1455,0.104125,-0.30755,95.0,20,1,-20.0,-20.0,-20.0,0.0,0.0,20.0,0.0,0.0
22.752519845962524,0.1456875,0.10478750000000002,-0.307645,95.0,20,1,-20.0,-20.0,-20.0,0.0,0.0,20.0,0.0,0.0
22.846518754959106,0.1458625,0.10541250000000002,-0.307745,95.0,20,1,-20.0,-20.0,-20.0,0.0,0.0,20.0,0.0,0.0
22.922056913375854,0.14603750000000001,0.10605,-0.30784,95.0,20,0,-20.0,-20.0,-20.0,0.0,0.0,20.0,0.0,0.0
22.99907112121582,0.146175,0.10660000000000003,-0.30791250000000003,95.0,20,1,-20.0,-20.0,-20.0,0.0,0.0,20.0,0.0,0.0
23.091068744659424,0.14633749999999998,0.10721249999999997,-0.308005,95.0,20,1,-20.0,-20.0,-20.0,0.0,0.0,20.0,0.0,0.0
23.20308208465576,0.14648750000000002,0.10782499999999999,-0.30809,95.0,20,0,-20.0,-20.0,-20.0,0.0,0.0,20.0,0.0,0.0
23.283061504364014,0.146625,0.10841250000000002,-0.30816000000000004,95.0,20,0,-20.0,-20.0,-20.0,0.0,0.0,20.0,0.0,0.0
23.36112642288208,0.146775,0.10897500000000002,-0.30824,95.0,20,0,-20.0,-20.0,-20.0,0.0,0.0,20.0,0.0,0.0
23.43912410736084,0.14689999999999998,0.10952499999999998,-0.3083075,95.0,20,1,-20.0,-20.0,-20.0,0.0,0.0,20.0,0.0,0.0
23.53112292289734,0.147025,0.11010000000000002,-0.30838,95.0,20,0,-20.0,-20.0,-20.0,0.0,0.0,20.0,0.0,0.0
23.608121871948242,0.14713749999999998,0.11063749999999999,-0.30844,95.0,20,0,-20.0,-20.0,-20.0,0.0,0.0,20.0,0.0,0.0
23.686128616333008,0.14725,0.11117500000000001,-0.3085,95.0,20,0,-20.0,-20.0,-20.0,0.0,0.0,20.0,0.0,0.0
23.765122413635254,0.1473625,0.11171249999999998,-0.30856,95.0,20,0,-20.0,-20.0,-20.0,0.0,0.0,20.0,0.0,0.0
23.84012460708618,0.14747500000000002,0.11223750000000002,-0.30862,95.0,20,0,-20.0,-20.0,-20.0,0.0,0.0,20.0,0.0,0.0
23.92013907432556,0.14757499999999998,0.11276249999999999,-0.30868,95.0,20,0,-20.0,-20.0,-20.0,0.0,0.0,20.0,0.0,0.0
24.01364016532898,0.147675,0.11327499999999997,-0.30873,95.0,20,0,-20.0,-20.0,-20.0,0.0,0.0,20.0,0.0,0.0
24.09364938735962,0.1477625,0.11377499999999997,-0.30878,95.0,20,0,-20.0,-20.0,-20.0,0.0,0.0,20.0,0.0,0.0
24.175642251968384,0.14785,0.11426249999999999,-0.30883,95.0,20,0,-20.0,-20.0,-20.0,0.0,0.0,20.0,0.0,0.0
24.27666211128235,0.1479375,0.11475,-0.30887,95.0,20,0,-20.0,-20.0,-20.0,0.0,0.0,20.0,0.0,0.0
24.36664056777954,0.148025,0.1152375,-0.30892000000000003,95.0,20,0,-20.0,-20.0,-20.0,0.0,0.0,20.0,0.0,0.0
24.443187713623047,0.1481,0.11571249999999998,-0.30895999999999996,95.0,20,0,-20.0,-20.0,-20.0,0.0,0.0,20.0,0.0,0.0
24.521793127059937,0.148175,0.11617500000000001,-0.309,95.0,20,0,-20.0,-20.0,-20.0,0.0,0.0,20.0,0.0,0.0
24.600797176361084,0.14825,0.11664999999999998,-0.30904000000000004,95.0,20,0,-20.0,-20.0,-20.0,0.0,0.0,20.0,0.0,0.0
24.676342010498047,0.14832499999999998,0.11710000000000002,-0.30907999999999997,95.0,20,0,-20.0,-20.0,-20.0,0.0,0.0,20.0,0.0,0.0
24.75233244895935,0.14838749999999998,0.11755000000000002,-0.30912,95.0,20,0,-20.0,-20.0,-20.0,0.0,0.0,20.0,0.0,0.0
24.847334146499634,0.14845,0.118,-0.30915,95.0,20,0,-20.0,-20.0,-20.0,0.0,0.0,20.0,0.0,0.0
24.92486333847046,0.1485125,0.1184375,-0.30919,95.0,20,0,-20.0,-20.0,-20.0,0.0,0.0,20.0,0.0,0.0
25.000847101211548,0.14857499999999998,0.118875,-0.30922000000000005,95.0,20,0,-20.0,-20.0,-20.0,0.0,0.0,20.0,0.0,0.0
25.077852964401245,0.148625,0.11930000000000002,-0.30925,95.0,20,0,-20.0,-20.0,-20.0,0.0,0.0,20.0,0.0,0.0
25.15484619140625,0.148675,0.11972500000000003,-0.30928,95.0,20,0,-20.0,-20.0,-20.0,0.0,0.0,20.0,0.0,0.0
25.234851360321045,0.14873750000000002,0.120125,-0.30931000000000003,95.0,20,0,-20.0,-20.0,-20.0,0.0,0.0,20.0,0.0,0.0
25.31185007095337,0.14878750000000002,0.12053750000000002,-0.30933999999999995,95.0,20,0,-20.0,-20.0,-20.0,0.0,0.0,20.0,0.0,0.0
25.420855283737183,0.14883749999999998,0.1209375,-0.30936,95.0,20,0,-20.0,-20.0,-20.0,0.0,0.0,20.0,0.0,0.0
25.514846086502075,0.148875,0.12133749999999997,-0.30939,95.0,20,0,-20.0,-20.0,-20.0,0.0,0.0,20.0,0.0,0.0
25.59187078475952,0.148925,0.12172500000000003,-0.30941,95.0,20,0,-20.0,-20.0,-20.0,0.0,0.0,20.0,0.0,0.0
25.670851469039917,0.14897500000000002,0.122125,-0.30944,95.0,20,0,-20.0,-20.0,-20.0,0.0,0.0,20.0,0.0,0.0
25.74784755706787,0.1490125,0.1225,-0.30945999999999996,95.0,20,0,-20.0,-20.0,-20.0,0.0,0.0,20.0,0.0,0.0
25.82485270500183,0.14905000000000002,0.122875,-0.30948000000000003,95.0,20,0,-20.0,-20.0,-20.0,0.0,0.0,20.0,0.0,0.0
25.904845714569092,0.14908749999999998,0.12325,-0.3095,95.0,20,0,-20.0,-20.0,-20.0,0.0,0.0,20.0,0.0,0.0
25.981847763061523,0.149125,0.123625,-0.30951999999999996,95.0,20,0,-20.0,-20.0,-20.0,0.0,0.0,20.0,0.0,0.0
26.05884838104248,0.14916250000000003,0.12397500000000003,-0.30954000000000004,95.0,20,0,-20.0,-20.0,-20.0,0.0,0.0,20.0,0.0,0.0
26.152844429016113,0.1491875,0.12433749999999998,-0.30956,95.0,20,0,-20.0,-20.0,-20.0,0.0,0.0,20.0,0.0,0.0
26.230847120285034,0.14922500000000002,0.1246875,-0.30957999999999997,95.0,20,0,-20.0,-20.0,-20.0,0.0,0.0,20.0,0.0,0.0
26.306845903396606,0.1492625,0.12502499999999997,-0.30959,95.0,20,0,-20.0,-20.0,-20.0,0.0,0.0,20.0,0.0,0.0
26.385844707489014,0.14928750000000002,0.125375,-0.30961,95.0,20,0,-20.0,-20.0,-20.0,0.0,0.0,20.0,0.0,0.0
26.494849920272827,0.1493125,0.12571249999999998,-0.30963,95.0,20,0,-20.0,-20.0,-20.0,0.0,0.0,20.0,0.0,0.0
26.573845386505127,0.14933749999999998,0.12605000000000002,-0.30963999999999997,95.0,20,0,-20.0,-20.0,-20.0,0.0,0.0,20.0,0.0,0.0
26.651896715164185,0.149375,0.126375,-0.30966000000000005,95.0,20,0,-20.0,-20.0,-20.0,0.0,0.0,20.0,0.0,0.0
26.7289035320282,0.14938749999999998,0.12669999999999998,-0.30967,95.0,20,0,-20.0,-20.0,-20.0,0.0,0.0,20.0,0.0,0.0
26.80790138244629,0.149425,0.12702499999999997,-0.30968,95.0,20,0,-20.0,-20.0,-20.0,0.0,0.0,20.0,0.0,0.0
26.88595938682556,0.1494375,0.127325,-0.3097,95.0,20,0,-20.0,-20.0,-20.0,0.0,0.0,20.0,0.0,0.0
26.963968992233276,0.14946249999999997,0.1276375,-0.30971,95.0,20,0,-20.0,-20.0,-20.0,0.0,0.0,20.0,0.0,0.0
27.04396080970764,0.14948750000000002,0.12794999999999998,-0.30972000000000005,95.0,20,0,-20.0,-20.0,-20.0,0.0,0.0,20.0,0.0,0.0
27.121959924697876,0.1495125,0.12825,-0.30973,95.0,20,0,-20.0,-20.0,-20.0,0.0,0.0,20.0,0.0,0.0
27.196960926055908,0.14952499999999996,0.12855,-0.30974,95.0,20,0,-20.0,-20.0,-20.0,0.0,0.0,20.0,0.0,0.0
27.27596378326416,0.14953750000000002,0.12883749999999997,-0.30975,95.0,20,0,-20.0,-20.0,-20.0,0.0,0.0,20.0,0.0,0.0
27.351964235305786,0.1495625,0.129125,-0.30976,95.0,20,0,-20.0,-20.0,-20.0,0.0,0.0,20.0,0.0,0.0
27.430963277816772,0.14957499999999999,0.129425,-0.30977,95.0,20,0,-20.0,-20.0,-20.0,0.0,0.0,20.0,0.0,0.0
27.532968044281006,0.1496,0.12969999999999998,-0.30978,95.0,20,0,-20.0,-20.0,-20.0,0.0,0.0,20.0,0.0,0.0
27.624958992004395,0.1496125,0.12997500000000003,-0.30979,95.0,20,0,-20.0,-20.0,-20.0,0.0,0.0,20.0,0.0,0.0
27.704962491989136,0.149625,0.13025,-0.3098,95.0,20,0,-20.0,-20.0,-20.0,0.0,0.0,20.0,0.0,0.0
27.7849600315094,0.14963749999999998,0.13052499999999997,-0.30981000000000003,95.0,20,0,-20.0,-20.0,-20.0,0.0,0.0,20.0,0.0,0.0
27.862971305847168,0.14966250000000003,0.13078750000000003,-0.30981000000000003,95.0,20,0,-20.0,-20.0,-20.0,0.0,0.0,20.0,0.0,0.0
27.941964387893677,0.149675,0.13105,-0.30982,95.0,20,0,-20.0,-20.0,-20.0,0.0,0.0,20.0,0.0,0.0
28.016960620880127,0.149675,0.1313125,-0.30983,95.0,20,0,-20.0,-20.0,-20.0,0.0,0.0,20.0,0.0,0.0
28.095966577529907,0.1497,0.131575,-0.30983,95.0,20,0,-20.0,-20.0,-20.0,0.0,0.0,20.0,0.0,0.0
28.172959566116333,0.14971249999999997,0.131825,-0.30983999999999995,95.0,20,0,-20.0,-20.0,-20.0,0.0,0.0,20.0,0.0,0.0
28.25197458267212,0.14972500000000002,0.132075,-0.30985,95.0,20,0,-20.0,-20.0,-20.0,0.0,0.0,20.0,0.0,0.0
28.328961610794067,0.14972500000000002,0.132325,-0.30985,95.0,20,0,-20.0,-20.0,-20.0,0.0,0.0,20.0,0.0,0.0
28.408963441848755,0.14973750000000002,0.1325625,-0.30986,95.0,20,0,-20.0,-20.0,-20.0,0.0,0.0,20.0,0.0,0.0
28.483959436416626,0.14975,0.1328,-0.30987,95.0,0,0,-20.0,-20.0,-20.0,0.0,0.0,20.0,0.0,0.0
28.632609605789185,0.1497625,0.13302499999999998,-0.30987,66.35211181640625,0,0,0.0,0.0,0.0,-20.0,-20.0,0.0,-20.0,20.0
28.73861527442932,0.1497625,0.133075,-0.3089975,66.35211181640625,0,1,0.0,0.0,0.0,-20.0,-20.0,0.0,-20.0,20.0
28.816608905792236,0.14977499999999996,0.1331875,-0.3072225,66.35211181640625,0,2,0.0,0.0,0.0,-20.0,-20.0,0.0,-20.0,20.0
28.89461350440979,0.14977499999999996,0.13325,-0.30625,66.35211181640625,0,3,0.0,0.0,0.0,-20.0,-20.0,0.0,-20.0,20.0
28.971607446670532,0.14977499999999996,0.13327499999999998,-0.3058725,66.35211181640625,0,3,0.0,0.0,0.0,-20.0,-20.0,0.0,-20.0,20.0
29.049612760543823,0.14977499999999996,0.1333,-0.30546249999999997,66.35211181640625,0,4,0.0,0.0,0.0,-20.0,-20.0,0.0,-20.0,20.0
29.145618677139282,0.14977499999999996,0.13335000000000002,-0.304425,66.35211181640625,0,5,0.0,0.0,0.0,-20.0,-20.0,0.0,-20.0,20.0
29.242624282836914,0.14977499999999996,0.133475,-0.30233,66.35211181640625,0,6,0.0,0.0,0.0,-20.0,-20.0,0.0,-20.0,20.0
29.340611696243286,0.14978750000000002,0.13366250000000002,-0.299385,66.35211181640625,0,6,0.0,0.0,0.0,-20.0,-20.0,0.0,-20.0,20.0
29.43461012840271,0.14980000000000002,0.13385000000000002,-0.296195,66.35211181640625,0,6,0.0,0.0,0.0,-20.0,-20.0,0.0,-20.0,20.0
29.53061270713806,0.1498125,0.1340625,-0.29293,66.35211181640625,0,6,0.0,0.0,0.0,-20.0,-20.0,0.0,-20.0,20.0
29.627606868743896,0.1498125,0.13428750000000003,-0.28957,66.35211181640625,0,6,0.0,0.0,0.0,-20.0,-20.0,0.0,-20.0,20.0
29.755608558654785,0.14982499999999999,0.13451249999999998,-0.28617000000000004,66.35211181640625,0,6,0.0,0.0,0.0,-20.0,-20.0,0.0,-20.0,20.0
29.885606050491333,0.14982499999999999,0.134825,-0.28188,66.35211181640625,0,5,0.0,0.0,0.0,-20.0,-20.0,0.0,-20.0,20.0
29.98362636566162,0.14983749999999998,0.1350625,-0.2785,66.35211181640625,0,5,0.0,0.0,0.0,-20.0,-20.0,0.0,-20.0,20.0
30.07861042022705,0.14983749999999998,0.13527499999999998,-0.275775,66.35211181640625,0,5,0.0,0.0,0.0,-20.0,-20.0,0.0,-20.0,20.0
30.17561173439026,0.14985,0.13546249999999999,-0.273185,66.35211181640625,0,5,0.0,0.0,0.0,-20.0,-20.0,0.0,-20.0,20.0
30.272607564926147,0.1498625,0.13567500000000002,-0.27059500000000003,66.35211181640625,0,5,0.0,0.0,0.0,-20.0,-20.0,0.0,-20.0,20.0
30.36712622642517,0.1498625,0.135875,-0.26805,66.35211181640625,0,5,0.0,0.0,0.0,-20.0,-20.0,0.0,-20.0,20.0
30.463815927505493,0.149875,0.136075,-0.26564499999999996,66.35211181640625,0,5,0.0,0.0,0.0,-20.0,-20.0,0.0,-20.0,20.0
30.56036067008972,0.149875,0.13628750000000003,-0.263195,66.35211181640625,0,5,0.0,0.0,0.0,-20.0,-20.0,0.0,-20.0,20.0
30.658361434936523,0.149875,0.1364875,-0.26082,66.35211181640625,0,5,0.0,0.0,0.0,-20.0,-20.0,0.0,-20.0,20.0
30.73936653137207,0.14988749999999998,0.1367125,-0.258475,66.35211181640625,0,5,0.0,0.0,0.0,-20.0,-20.0,0.0,-20.0,20.0
30.83637571334839,0.14988749999999998,0.1368625,-0.25674,66.35211181640625,0,5,0.0,0.0,0.0,-20.0,-20.0,0.0,-20.0,20.0
30.958359479904175,0.14989999999999998,0.13708749999999997,-0.25453,66.35211181640625,0,5,0.0,0.0,0.0,-20.0,-20.0,0.0,-20.0,20.0
31.0643630027771,0.14989999999999998,0.1373625,-0.2518325,66.35211181640625,0,4,0.0,0.0,0.0,-20.0,-20.0,0.0,-20.0,20.0
31.158360242843628,0.14989999999999998,0.1375625,-0.24992250000000002,66.35211181640625,0,4,0.0,0.0,0.0,-20.0,-20.0,0.0,-20.0,20.0
31.255358457565308,0.14991250000000003,0.13776249999999998,-0.2480375,66.35211181640625,0,4,0.0,0.0,0.0,-20.0,-20.0,0.0,-20.0,20.0
31.35236358642578,0.14991250000000003,0.13795,-0.2462,66.35211181640625,0,4,0.0,0.0,0.0,-20.0,-20.0,0.0,-20.0,20.0
31.44735813140869,0.149925,0.13816250000000002,-0.2444125,66.35211181640625,0,3,0.0,0.0,0.0,-20.0,-20.0,0.0,-20.0,20.0
31.54239273071289,0.149925,0.138375,-0.2426725,66.35211181640625,0,3,0.0,0.0,0.0,-20.0,-20.0,0.0,-20.0,20.0
31.637364625930786,0.149925,0.13857499999999998,-0.24097,66.35211181640625,0,3,20.0,0.0,0.0,-20.0,0.0,-20.0,-20.0,0.0
31.717904090881348,0.149925,0.13877499999999998,-0.2393275,66.35211181640625,0,2,20.0,0.0,0.0,-20.0,0.0,-20.0,-20.0,0.0
31.814910173416138,0.1498125,0.13889999999999997,-0.238,66.35211181640625,0,2,20.0,0.0,0.0,-20.0,0.0,-20.0,-20.0,0.0
31.911908388137817,0.1486125,0.13851249999999998,-0.23607999999999998,66.35211181640625,0,3,20.0,0.0,0.0,-20.0,0.0,-20.0,-20.0,0.0
32.00890398025513,0.14683749999999998,0.13795,-0.23326,66.35211181640625,0,4,20.0,0.0,0.0,-20.0,0.0,-20.0,-20.0,0.0
32.14392614364624,0.1443875,0.13717500000000002,-0.229375,66.35211181640625,0,5,20.0,0.0,0.0,-20.0,0.0,-20.0,-20.0,0.0
32.250916957855225,0.1415625,0.13625,-0.22487000000000001,66.35211181640625,0,5,20.0,0.0,0.0,-20.0,0.0,-20.0,-20.0,0.0
32.347904443740845,0.13939999999999997,0.1355625,-0.22144999999999998,66.35211181640625,0,6,20.0,0.0,0.0,-20.0,0.0,-20.0,-20.0,0.0
32.44190812110901,0.13726249999999998,0.13485000000000003,-0.21804500000000002,66.35211181640625,0,6,20.0,0.0,0.0,-20.0,0.0,-20.0,-20.0,0.0
32.53790307044983,0.13521249999999999,0.13416250000000002,-0.21479,66.35211181640625,0,7,20.0,0.0,0.0,-20.0,0.0,-20.0,-20.0,0.0
32.63590955734253,0.13310000000000002,0.13344999999999999,-0.211445,66.35211181640625,0,8,20.0,0.0,0.0,-20.0,0.0,-20.0,-20.0,0.0
32.7329261302948,0.13096249999999998,0.132725,-0.208045,66.35211181640625,0,8,20.0,0.0,0.0,-20.0,0.0,-20.0,-20.0,0.0
32.82990527153015,0.12885000000000002,0.1319875,-0.20467000000000002,66.35211181640625,0,9,20.0,0.0,0.0,-20.0,0.0,-20.0,-20.0,0.0
32.92692494392395,0.12671249999999998,0.13125,-0.201285,66.35211181640625,0,9,20.0,0.0,0.0,-20.0,0.0,-20.0,-20.0,0.0
32.99590516090393,0.12458749999999998,0.1305,-0.197905,66.35211181640625,0,10,20.0,0.0,0.0,-20.0,0.0,-20.0,-20.0,0.0
33.06690311431885,0.12307499999999999,0.12996249999999998,-0.195515,66.35211181640625,0,10,20.0,0.0,0.0,-20.0,0.0,-20.0,-20.0,0.0
33.16590762138367,0.1215,0.1294,-0.19301,66.35211181640625,0,9,20.0,0.0,0.0,-20.0,0.0,-20.0,-20.0,0.0
33.25845718383789,0.11917500000000002,0.1285625,-0.189305,66.35211181640625,0,10,20.0,0.0,0.0,-20.0,0.0,-20.0,-20.0,0.0
33.36644911766052,0.1170625,0.12778750000000003,-0.185945,66.35211181640625,0,9,20.0,0.0,0.0,-20.0,0.0,-20.0,-20.0,0.0
33.436450242996216,0.11494999999999998,0.127,-0.18259999999999998,66.35211181640625,0,10,20.0,0.0,0.0,-20.0,0.0,-20.0,-20.0,0.0
33.508445739746094,0.11339999999999997,0.126425,-0.18014,66.35211181640625,0,10,20.0,0.0,0.0,-20.0,0.0,-20.0,-20.0,0.0
33.60644745826721,0.111825,0.125825,-0.177635,66.35211181640625,0,9,20.0,0.0,0.0,-20.0,0.0,-20.0,-20.0,0.0
33.67844772338867,0.1096875,0.1250125,-0.17424,66.35211181640625,0,10,20.0,0.0,0.0,-20.0,0.0,-20.0,-20.0,0.0
33.774017572402954,0.10808749999999998,0.12439999999999998,-0.17171,66.35211181640625,0,9,20.0,0.0,0.0,-20.0,0.0,-20.0,-20.0,0.0
33.84601950645447,0.106,0.12357499999999999,-0.16838,66.35211181640625,0,10,20.0,0.0,0.0,-20.0,0.0,-20.0,-20.0,0.0
33.918022871017456,0.10441250000000002,0.12296249999999997,-0.16588,66.35211181640625,0,10,20.0,0.0,0.0,-20.0,0.0,-20.0,-20.0,0.0
34.015018463134766,0.10283749999999997,0.12232499999999999,-0.163365,66.35211181640625,0,9,20.0,0.0,0.0,-20.0,0.0,-20.0,-20.0,0.0
34.08602428436279,0.10071249999999998,0.12146249999999997,-0.159995,66.35211181640625,0,10,20.0,0.0,0.0,-20.0,0.0,-20.0,-20.0,0.0
34.18202877044678,0.09916250000000003,0.12082499999999999,-0.15753,66.35211181640625,0,9,20.0,0.0,0.0,-20.0,0.0,-20.0,-20.0,0.0
34.25302863121033,0.09703750000000003,0.1199375,-0.15415500000000001,66.35211181640625,0,10,20.0,0.0,0.0,-20.0,0.0,-20.0,-20.0,0.0
34.36708164215088,0.09547500000000002,0.11928750000000002,-0.15167,66.35211181640625,0,9,20.0,0.0,0.0,-20.0,0.0,-20.0,-20.0,0.0
34.465092420578,0.0926875,0.11808749999999998,-0.147225,66.35211181640625,0,10,20.0,0.0,0.0,-20.0,0.0,-20.0,-20.0,0.0
34.56107950210571,0.09077499999999998,0.11725,-0.144185,66.35211181640625,0,9,20.0,0.0,0.0,-20.0,0.0,-20.0,-20.0,0.0
34.63408088684082,0.08873750000000001,0.11636250000000001,-0.14095500000000002,66.35211181640625,0,10,20.0,0.0,0.0,-20.0,0.0,-20.0,-20.0,0.0
34.730080366134644,0.08713749999999999,0.11564999999999998,-0.13842500000000002,66.35211181640625,0,9,20.0,0.0,0.0,-20.0,0.0,-20.0,-20.0,0.0
34.804083824157715,0.08502499999999998,0.11469999999999998,-0.135065,66.35211181640625,0,10,20.0,0.0,0.0,-20.0,0.0,-20.0,-20.0,0.0
34.90208721160889,0.08338749999999999,0.1139375,-0.13247499999999998,66.35211181640625,0,9,20.0,0.0,0.0,-20.0,0.0,-20.0,-20.0,0.0
34.97507834434509,0.08126249999999999,0.11292500000000001,-0.129085,66.35211181640625,0,10,20.0,0.0,0.0,-20.0,0.0,-20.0,-20.0,0.0
35.045079946517944,0.07966250000000002,0.11216250000000003,-0.126545,66.35211181640625,0,10,20.0,0.0,0.0,-20.0,0.0,-20.0,-20.0,0.0
35.11708450317383,0.07811250000000002,0.11142500000000001,-0.12409,66.35211181640625,0,10,20.0,0.0,0.0,-20.0,0.0,-20.0,-20.0,0.0
35.18807816505432,0.07653750000000002,0.11067500000000001,-0.12158500000000001,66.35211181640625,0,10,20.0,0.0,0.0,-20.0,0.0,-20.0,-20.0,0.0
35.25908088684082,0.07498750000000001,0.1099375,-0.11912,66.35211181640625,0,10,20.0,0.0,0.0,-20.0,0.0,-20.0,-20.0,0.0
35.3530809879303,0.07341250000000002,0.10914999999999998,-0.11663,66.35211181640625,0,9,20.0,0.0,0.0,-20.0,0.0,-20.0,-20.0,0.0
35.420082330703735,0.07135000000000002,0.10810000000000003,-0.11336000000000002,66.35211181640625,0,10,20.0,0.0,0.0,-20.0,0.0,-20.0,-20.0,0.0
35.49008011817932,0.069875,0.10735000000000003,-0.11101499999999999,66.35211181640625,0,10,20.0,0.0,0.0,-20.0,0.0,-20.0,-20.0,0.0
35.62707805633545,0.068125,0.106425,-0.10822999999999999,66.35211181640625,0,9,20.0,0.0,0.0,-20.0,0.0,-20.0,-20.0,0.0
35.70108199119568,0.06522500000000002,0.10483749999999997,-0.10362,66.35211181640625,0,10,20.0,0.0,0.0,-20.0,0.0,-20.0,-20.0,0.0
35.772079944610596,0.06373750000000002,0.10402499999999998,-0.10125,66.35211181640625,0,10,20.0,0.0,0.0,-20.0,0.0,-20.0,-20.0,0.0
35.84308385848999,0.06217500000000001,0.10317500000000002,-0.09877000000000001,66.35211181640625,0,10,20.0,0.0,0.0,-20.0,0.0,-20.0,-20.0,0.0
35.941081047058105,0.06060000000000002,0.10230000000000002,-0.09627000000000001,66.35211181640625,0,9,20.0,0.0,0.0,-20.0,0.0,-20.0,-20.0,0.0
36.01208233833313,0.05846249999999998,0.10105000000000001,-0.092875,66.35211181640625,0,10,20.0,0.0,0.0,-20.0,0.0,-20.0,-20.0,0.0
36.084081172943115,0.05689999999999998,0.100125,-0.090375,66.35211181640625,0,10,20.0,0.0,0.0,-20.0,0.0,-20.0,-20.0,0.0
36.17908334732056,0.05533749999999998,0.09917500000000001,-0.08789500000000001,66.35211181640625,0,9,20.0,0.0,0.0,-20.0,0.0,-20.0,-20.0,0.0
36.25063490867615,0.05325,0.09788749999999999,-0.08458000000000002,66.35211181640625,0,10,20.0,0.0,0.0,-20.0,0.0,-20.0,-20.0,0.0
36.3226273059845,0.05166250000000002,0.09689999999999997,-0.08206999999999999,66.35211181640625,0,10,20.0,0.0,0.0,-20.0,0.0,-20.0,-20.0,0.0
36.394630908966064,0.05007499999999999,0.09591250000000003,-0.079555,66.35211181640625,0,10,20.0,0.0,0.0,-20.0,0.0,-20.0,-20.0,0.0
36.49363946914673,0.048512499999999986,0.094875,-0.077065,66.35211181640625,0,9,20.0,0.0,0.0,-20.0,0.0,-20.0,-20.0,0.0
36.56563997268677,0.04632499999999999,0.09341250000000002,-0.07360499999999999,66.35211181640625,0,10,20.0,0.0,0.0,-20.0,0.0,-20.0,-20.0,0.0
36.66464281082153,0.04476249999999999,0.09233749999999998,-0.07111500000000001,66.35211181640625,0,9,20.0,0.0,0.0,-20.0,0.0,-20.0,-20.0,0.0
36.75762748718262,0.04242500000000001,0.0906875,-0.06738999999999999,66.35211181640625,0,10,20.0,0.0,0.0,-20.0,0.0,-20.0,-20.0,0.0
36.864628076553345,0.04030000000000001,0.08911250000000001,-0.06402000000000001,66.35211181640625,0,9,20.0,0.0,0.0,-20.0,0.0,-20.0,-20.0,0.0
36.960633993148804,0.03819999999999999,0.0875125,-0.06069,66.35211181640625,0,9,20.0,0.0,0.0,-20.0,0.0,-20.0,-20.0,0.0
37.02763223648071,0.03611250000000001,0.085875,-0.057370000000000004,66.35211181640625,0,10,20.0,0.0,0.0,-20.0,0.0,-20.0,-20.0,0.0
37.12463164329529,0.034625,0.08464999999999998,-0.055,66.35211181640625,0,9,20.0,0.0,0.0,-20.0,0.0,-20.0,-20.0,0.0
37.21962904930115,0.032525000000000005,0.0828625,-0.05165499999999997,66.35211181640625,0,9,20.0,0.0,0.0,-20.0,0.0,-20.0,-20.0,0.0
37.29163193702698,0.03042500000000001,0.08092500000000001,-0.048319999999999995,66.35211181640625,0,10,20.0,0.0,0.0,-20.0,0.0,-20.0,-20.0,0.0
37.36263918876648,0.02886250000000001,0.07948750000000002,-0.04583499999999998,66.35211181640625,0,10,20.0,0.0,0.0,-20.0,0.0,-20.0,-20.0,0.0
37.43062782287598,0.027300000000000012,0.07805000000000001,-0.04336000000000002,66.35211181640625,0,10,20.0,0.0,0.0,-20.0,0.0,-20.0,-20.0,0.0
37.52562952041626,0.02580000000000001,0.07664999999999998,-0.040980000000000016,66.35211181640625,0,9,20.0,0.0,0.0,-20.0,0.0,-20.0,-20.0,0.0
37.59463024139404,0.023724999999999993,0.0745,-0.03769499999999999,66.35211181640625,0,10,20.0,0.0,0.0,-20.0,0.0,-20.0,-20.0,0.0
37.69262886047363,0.0221875,0.07282499999999999,-0.035254999999999995,66.35211181640625,0,9,20.0,0.0,0.0,-20.0,0.0,-20.0,-20.0,0.0
37.76463055610657,0.020050000000000012,0.07036250000000001,-0.031845000000000026,66.35211181640625,0,10,20.0,0.0,0.0,-20.0,0.0,-20.0,-20.0,0.0
37.89717197418213,0.0186875,0.06872500000000002,-0.029689999999999998,66.35211181640625,0,9,20.0,0.0,0.0,-20.0,0.0,-20.0,-20.0,0.0
37.99818563461304,0.017,0.066575,-0.02701999999999998,66.35211181640625,0,9,20.0,0.0,0.0,-20.0,0.0,-20.0,-20.0,0.0
38.070170879364014,0.0156875,0.06476249999999999,-0.024939999999999997,66.35211181640625,0,10,20.0,0.0,0.0,-20.0,0.0,-20.0,-20.0,0.0
38.1411714553833,0.014737500000000011,0.06344999999999999,-0.023430000000000006,66.35211181640625,0,10,20.0,0.0,0.0,-20.0,0.0,-20.0,-20.0,0.0
38.23417115211487,0.013925000000000012,0.06222500000000002,-0.02211500000000001,66.35211181640625,0,9,20.0,0.0,0.0,-20.0,0.0,-20.0,-20.0,0.0
38.3316969871521,0.01294999999999999,0.060737500000000014,-0.02057499999999999,66.35211181640625,0,9,20.0,0.0,0.0,-20.0,0.0,-20.0,-20.0,0.0
38.42568778991699,0.011637499999999988,0.05858749999999998,-0.018497500000000004,66.35211181640625,0,8,20.0,0.0,0.0,-20.0,0.0,-20.0,-20.0,0.0
38.520687103271484,0.01061250000000001,0.05677499999999998,-0.016857500000000015,66.35211181640625,0,8,20.0,0.0,0.0,-20.0,0.0,-20.0,-20.0,0.0
38.61768913269043,0.0095625,0.05475,-0.015167500000000018,66.35211181640625,0,8,20.0,0.0,0.0,-20.0,0.0,-20.0,-20.0,0.0
38.71268820762634,0.008875,0.053425000000000014,-0.014079999999999985,66.35211181640625,0,8,20.0,0.0,0.0,-20.0,0.0,-20.0,-20.0,0.0
38.79269528388977,0.008025000000000006,0.05164999999999998,-0.01275,66.35211181640625,0,8,20.0,0.0,0.0,-20.0,0.0,-20.0,-20.0,0.0
38.88869905471802,0.007262499999999989,0.04992500000000001,-0.011519999999999982,66.35211181640625,0,7,0.0,20.0,0.0,0.0,-20.0,-20.0,-20.0,0.0
38.99068760871887,0.006474999999999995,0.04805000000000001,-0.010274999999999977,66.35211181640625,0,8,0.0,20.0,0.0,0.0,-20.0,-20.0,-20.0,0.0
39.104686975479126,0.00575,0.04613749999999999,-0.009122500000000002,66.35211181640625,0,6,0.0,20.0,0.0,0.0,-20.0,-20.0,-20.0,0.0
39.182206869125366,0.005112500000000011,0.04436250000000001,-0.00811500000000001,66.35211181640625,0,4,0.0,20.0,0.0,0.0,-20.0,-20.0,-20.0,0.0
39.260223627090454,0.004724999999999994,0.0431875,-0.007492500000000007,66.35211181640625,0,3,0.0,20.0,0.0,0.0,-20.0,-20.0,-20.0,0.0
39.33922004699707,0.0043499999999999945,0.04202499999999998,-0.006917500000000018,66.35211181640625,0,2,0.0,20.0,0.0,0.0,-20.0,-20.0,-20.0,0.0
39.41420650482178,0.004125,0.04126249999999999,-0.006555000000000007,66.35211181640625,0,1,0.0,20.0,0.0,0.0,-20.0,-20.0,-20.0,0.0
39.492209911346436,0.003962500000000006,0.040725000000000025,-0.006305000000000007,66.35211181640625,0,2,0.0,20.0,0.0,0.0,-20.0,-20.0,-20.0,0.0
39.57221174240112,0.0038125,0.04017500000000001,-0.006050000000000011,66.35211181640625,0,2,0.0,20.0,0.0,0.0,-20.0,-20.0,-20.0,0.0
39.650208950042725,0.0036500000000000057,0.03961250000000001,-0.0058075000000000045,66.35211181640625,0,2,0.0,20.0,0.0,0.0,-20.0,-20.0,-20.0,0.0
39.73020839691162,0.0035124999999999887,0.03907499999999999,-0.005577499999999986,66.35211181640625,0,2,0.0,20.0,0.0,0.0,-20.0,-20.0,-20.0,0.0
39.82320713996887,0.003375,0.038524999999999976,-0.005347500000000025,66.35211181640625,0,1,0.0,20.0,0.0,0.0,-20.0,-20.0,-20.0,0.0
39.90020775794983,0.0031999999999999884,0.037899999999999975,-0.0050950000000000275,66.35211181640625,0,1,0.0,20.0,0.0,0.0,-20.0,-20.0,-20.0,0.0
39.978209018707275,0.0030625,0.037337499999999975,-0.004875,66.35211181640625,0,1,0.0,20.0,0.0,0.0,-20.0,-20.0,-20.0,0.0
40.07221031188965,0.0029250000000000114,0.03673750000000001,-0.004644999999999982,66.35211181640625,0,1,0.0,20.0,0.0,0.0,-20.0,-20.0,-20.0,0.0
40.173208236694336,0.00275,0.036,-0.004372500000000002,66.35211181640625,0,1,0.0,20.0,0.0,0.0,-20.0,-20.0,-20.0,0.0
40.253209352493286,0.002637499999999989,0.0355,-0.004202499999999987,66.35211181640625,0,1,0.0,20.0,0.0,0.0,-20.0,-20.0,-20.0,0.0
40.331207513809204,0.0025500000000000115,0.0350625,-0.004052500000000009,66.35211181640625,0,1,0.0,20.0,0.0,0.0,-20.0,-20.0,-20.0,0.0
40.40721011161804,0.0024499999999999886,0.03459999999999999,-0.003892499999999984,66.35211181640625,0,1,0.0,20.0,0.0,0.0,-20.0,-20.0,-20.0,0.0
40.48620891571045,0.0023499999999999945,0.03411250000000001,-0.003730000000000018,66.35211181640625,0,1,0.0,20.0,0.0,0.0,-20.0,-20.0,-20.0,0.0
40.563212394714355,0.00225,0.03363749999999999,-0.0035749999999999888,66.35211181640625,0,1,0.0,20.0,0.0,0.0,-20.0,-20.0,-20.0,0.0
40.641207456588745,0.0021624999999999943,0.033137499999999986,-0.0034225000000000136,66.35211181640625,0,1,0.0,20.0,0.0,0.0,-20.0,-20.0,-20.0,0.0
40.71821165084839,0.0020749999999999887,0.0326875,-0.003292500000000018,66.35211181640625,0,1,0.0,20.0,0.0,0.0,-20.0,-20.0,-20.0,0.0
40.79521417617798,0.0019875000000000114,0.03223750000000001,-0.003162500000000023,66.35211181640625,0,1,0.0,20.0,0.0,0.0,-20.0,-20.0,-20.0,0.0
40.87420988082886,0.0019124999999999943,0.03180000000000001,-0.0030325000000000274,66.35211181640625,0,1,0.0,20.0,0.0,0.0,-20.0,-20.0,-20.0,0.0
40.95521068572998,0.0018249999999999885,0.031337500000000004,-0.002902499999999975,66.35211181640625,0,1,0.0,20.0,0.0,0.0,-20.0,-20.0,-20.0,0.0
41.033207654953,0.00175,0.030900000000000007,-0.002785000000000025,66.35211181640625,0,1,0.0,20.0,0.0,0.0,-20.0,-20.0,-20.0,0.0
41.11321234703064,0.0016750000000000113,0.030474999999999995,-0.002670000000000016,66.35211181640625,0,0,0.0,20.0,0.0,0.0,-20.0,-20.0,-20.0,0.0
41.208208322525024,0.0016125000000000113,0.03005000000000001,-0.0025600000000000024,66.35211181640625,0,0,0.0,20.0,0.0,0.0,-20.0,-20.0,-20.0,0.0
41.29973578453064,0.0015500000000000114,0.02963749999999999,-0.0024599999999999796,66.35211181640625,0,0,0.0,20.0,0.0,0.0,-20.0,-20.0,-20.0,0.0
41.37775254249573,0.0014875000000000114,0.02923750000000001,-0.0023600000000000136,66.35211181640625,0,0,0.0,20.0,0.0,0.0,-20.0,-20.0,-20.0,0.0
41.455737352371216,0.0014250000000000113,0.02882499999999999,-0.0022699999999999817,66.35211181640625,0,0,0.0,20.0,0.0,0.0,-20.0,-20.0,-20.0,0.0
41.53174042701721,0.001375,0.0284375,-0.002180000000000007,66.35211181640625,0,0,0.0,20.0,0.0,0.0,-20.0,-20.0,-20.0,0.0
41.610737800598145,0.0013249999999999887,0.028050000000000012,-0.002089999999999975,66.35211181640625,0,0,0.0,20.0,0.0,0.0,-20.0,-20.0,-20.0,0.0
41.6877338886261,0.0012624999999999887,0.027675000000000012,-0.002009999999999991,66.35211181640625,0,0,0.0,20.0,0.0,0.0,-20.0,-20.0,-20.0,0.0
41.766735553741455,0.0012125000000000057,0.027287499999999996,-0.0019300000000000068,66.35211181640625,0,0,0.0,20.0,0.0,0.0,-20.0,-20.0,-20.0,0.0
41.85973525047302,0.0011624999999999943,0.026912499999999995,-0.0018500000000000226,66.35211181640625,0,0,0.0,20.0,0.0,0.0,-20.0,-20.0,-20.0,0.0
41.93774223327637,0.001125,0.026537499999999995,-0.0017799999999999728,66.35211181640625,0,0,0.0,20.0,0.0,0.0,-20.0,-20.0,-20.0,0.0
42.01374554634094,0.0010749999999999887,0.02617500000000001,-0.0016999999999999886,66.35211181640625,0,0,0.0,20.0,0.0,0.0,-20.0,-20.0,-20.0,0.0
42.10673427581787,0.0010250000000000057,0.02582499999999999,-0.0016399999999999863,66.35211181640625,0,0,0.0,20.0,0.0,0.0,-20.0,-20.0,-20.0,0.0
42.18575310707092,0.0009875000000000114,0.025474999999999994,-0.0015699999999999933,66.35211181640625,0,0,0.0,20.0,0.0,0.0,-20.0,-20.0,-20.0,0.0
42.266738176345825,0.0009499999999999886,0.025125,-0.001509999999999991,66.35211181640625,0,0,0.0,20.0,0.0,0.0,-20.0,-20.0,-20.0,0.0
42.37273287773132,0.0009124999999999943,0.024775000000000005,-0.0014499999999999886,66.35211181640625,0,0,0.0,20.0,0.0,0.0,-20.0,-20.0,-20.0,0.0
42.45173382759094,0.000875,0.0244375,-0.0013899999999999863,66.35211181640625,0,0,0.0,20.0,0.0,0.0,-20.0,-20.0,-20.0,0.0
42.54373621940613,0.0008375000000000057,0.024099999999999993,-0.0013299999999999842,66.35211181640625,0,0,0.0,20.0,0.0,0.0,-20.0,-20.0,-20.0,0.0
42.62173771858215,0.0008125,0.023775000000000004,-0.0012799999999999728,66.35211181640625,0,0,0.0,20.0,0.0,0.0,-20.0,-20.0,-20.0,0.0
42.71773838996887,0.0007750000000000057,0.023449999999999988,-0.0012300000000000182,66.35211181640625,0,0,0.0,20.0,0.0,0.0,-20.0,-20.0,-20.0,0.0
42.79373788833618,0.0007375000000000114,0.023125,-0.0011800000000000068,66.35211181640625,0,0,0.0,20.0,0.0,0.0,-20.0,-20.0,-20.0,0.0
42.873735189437866,0.0007125000000000057,0.0228125,-0.0011299999999999954,66.35211181640625,0,0,0.0,20.0,0.0,0.0,-20.0,-20.0,-20.0,0.0
42.96873641014099,0.0006875,0.0225,-0.0010899999999999749,66.35211181640625,0,0,0.0,20.0,0.0,0.0,-20.0,-20.0,-20.0,0.0
43.04773831367493,0.0006624999999999944,0.0221875,-0.0010400000000000205,66.35211181640625,0,0,0.0,20.0,0.0,0.0,-20.0,-20.0,-20.0,0.0
43.12674140930176,0.000625,0.021875,-0.001,66.35211181640625,0,0,0.0,20.0,0.0,0.0,-20.0,-20.0,-20.0,0.0
43.20273685455322,0.0006125000000000114,0.02157499999999999,-0.0009599999999999795,66.35211181640625,0,0,0.0,20.0,0.0,0.0,-20.0,-20.0,-20.0,0.0
43.28174185752869,0.0005749999999999886,0.021287499999999994,-0.000920000000000016,66.35211181640625,0,0,0.0,20.0,0.0,0.0,-20.0,-20.0,-20.0,0.0
43.383734464645386,0.0005625,0.021,-0.0008899999999999864,66.35211181640625,0,0,0.0,20.0,0.0,0.0,-20.0,-20.0,-20.0,0.0
43.47873568534851,0.0005374999999999944,0.020712500000000005,-0.0008500000000000227,66.35211181640625,0,0,0.0,20.0,0.0,0.0,-20.0,-20.0,-20.0,0.0
43.555739879608154,0.0005124999999999887,0.020425000000000013,-0.0008199999999999932,66.35211181640625,0,0,0.0,20.0,0.0,0.0,-20.0,-20.0,-20.0,0.0
43.65073585510254,0.00048750000000001136,0.020150000000000005,-0.0007799999999999727,66.35211181640625,0,0,0.0,20.0,0.0,0.0,-20.0,-20.0,-20.0,0.0
43.72873663902283,0.0004749999999999943,0.019875,-0.00075,66.35211181640625,0,0,0.0,20.0,0.0,0.0,-20.0,-20.0,-20.0,0.0
43.80773639678955,0.00046250000000000566,0.019599999999999996,-0.0007200000000000273,66.35211181640625,0,0,0.0,20.0,0.0,0.0,-20.0,-20.0,-20.0,0.0
43.881760358810425,0.0004375,0.019324999999999988,-0.0006899999999999977,66.35211181640625,0,0,0.0,20.0,0.0,0.0,-20.0,-20.0,-20.0,0.0
43.95974159240723,0.00042500000000001136,0.0190625,-0.000670000000000016,66.35211181640625,0,0,0.0,20.0,0.0,0.0,-20.0,-20.0,-20.0,0.0
44.041735887527466,0.0004000000000000057,0.01880000000000001,-0.0006399999999999864,66.35211181640625,0,0,0.0,20.0,0.0,0.0,-20.0,-20.0,-20.0,0.0
44.12073826789856,0.00038749999999998866,0.01855000000000001,-0.0006100000000000136,66.35211181640625,0,0,0.0,20.0,0.0,0.0,-20.0,-20.0,-20.0,0.0
44.19774055480957,0.000375,0.018287499999999995,-0.000589999999999975,66.35211181640625,0,0,0.0,20.0,0.0,0.0,-20.0,-20.0,-20.0,0.0
44.277738094329834,0.00036250000000001136,0.018037499999999995,-0.0005699999999999931,66.35211181640625,0,0,0.0,20.0,0.0,0.0,-20.0,-20.0,-20.0,0.0
44.35373401641846,0.0003375000000000057,0.017787499999999994,-0.0005400000000000205,66.35211181640625,0,0,0.0,20.0,0.0,0.0,-20.0,-20.0,-20.0,0.0
44.43173789978027,0.00032499999999998866,0.01755000000000001,-0.0005199999999999818,66.35211181640625,0,0,0.0,20.0,0.0,0.0,-20.0,-20.0,-20.0,0.0
44.53573513031006,0.00032499999999998866,0.0173125,-0.0005,66.35211181640625,0,0,0.0,20.0,0.0,0.0,-20.0,-20.0,-20.0,0.0
44.612736225128174,0.00030000000000001136,0.01707499999999999,-0.00048000000000001817,66.35211181640625,0,0,0.0,20.0,0.0,0.0,-20.0,-20.0,-20.0,0.0
44.68974041938782,0.0002874999999999943,0.016837500000000005,-0.0004599999999999795,66.35211181640625,0,0,0.0,20.0,0.0,0.0,-20.0,-20.0,-20.0,0.0
44.784258127212524,0.0002750000000000057,0.016612500000000013,-0.00043999999999999774,66.35211181640625,0,0,0.0,20.0,0.0,0.0,-20.0,-20.0,-20.0,0.0
44.86025643348694,0.0002750000000000057,0.016375,-0.0004300000000000068,66.35211181640625,0,0,0.0,20.0,0.0,0.0,-20.0,-20.0,-20.0,0.0
44.94025993347168,0.00026249999999998865,0.016162499999999993,-0.00041000000000002504,66.35211181640625,0,0,0.0,20.0,0.0,0.0,-20.0,-20.0,-20.0,0.0
45.01725959777832,0.00025,0.015925000000000012,-0.00038999999999998633,66.35211181640625,0,0,0.0,20.0,0.0,0.0,-20.0,-20.0,-20.0,0.0
45.095256090164185,0.00023750000000001136,0.015724999999999996,-0.00037999999999999547,66.35211181640625,0,0,0.0,20.0,0.0,0.0,-20.0,-20.0,-20.0,0.0
45.17525863647461,0.00022499999999999433,0.0155,-0.00036000000000001363,66.35211181640625,0,0,0.0,20.0,0.0,0.0,-20.0,-20.0,-20.0,0.0
45.25225520133972,0.00022499999999999433,0.015287499999999994,-0.0003500000000000227,66.35211181640625,0,0,0.0,20.0,0.0,0.0,-20.0,-20.0,-20.0,0.0
45.332261085510254,0.00021250000000000568,0.01507499999999999,-0.00032999999999998406,66.35211181640625,0,0,0.0,20.0,0.0,0.0,-20.0,-20.0,-20.0,0.0
45.427260398864746,0.00019999999999998863,0.014875,-0.0003199999999999932,66.35211181640625,0,0,0.0,20.0,0.0,0.0,-20.0,-20.0,-20.0,0.0
45.50226426124573,0.0001875,0.014675000000000011,-0.0003100000000000023,66.35211181640625,0,0,0.0,20.0,0.0,0.0,-20.0,-20.0,-20.0,0.0
45.60325813293457,0.0001875,0.014474999999999995,-0.00029000000000002044,66.35211181640625,0,0,0.0,20.0,0.0,0.0,-20.0,-20.0,-20.0,0.0
45.68025469779968,0.00017500000000001136,0.014275000000000006,-0.0002799999999999727,66.35211181640625,0,0,0.0,20.0,0.0,0.0,-20.0,-20.0,-20.0,0.0
45.75725436210632,0.00017500000000001136,0.014074999999999989,-0.0002699999999999818,66.35211181640625,0,0,0.0,20.0,0.0,0.0,-20.0,-20.0,-20.0,0.0
45.834861278533936,0.00016249999999999433,0.013875,-0.0002599999999999909,66.35211181640625,0,0,0.0,20.0,0.0,0.0,-20.0,-20.0,-20.0,0.0
45.91286015510559,0.00016249999999999433,0.0136875,-0.00025,66.35211181640625,0,0,0.0,20.0,0.0,0.0,-20.0,-20.0,-20.0,0.0
45.990859031677246,0.00015000000000000568,0.0135,-0.00024000000000000909,66.35211181640625,0,0,0.0,20.0,0.0,0.0,-20.0,-20.0,-20.0,0.0
46.06986165046692,0.00015000000000000568,0.013324999999999988,-0.0002300000000000182,66.35211181640625,0,0,0.0,20.0,0.0,0.0,-20.0,-20.0,-20.0,0.0
46.1488573551178,0.00013749999999998862,0.01313749999999999,-0.00022000000000002728,66.35211181640625,0,0,0.0,20.0,0.0,0.0,-20.0,-20.0,-20.0,0.0
46.22686171531677,0.000125,0.012962500000000005,-0.00020999999999997954,66.35211181640625,0,0,0.0,20.0,0.0,0.0,-20.0,-20.0,-20.0,0.0
46.30486035346985,0.000125,0.012775000000000005,-0.00019999999999998863,66.35211181640625,0,0,0.0,20.0,0.0,0.0,-20.0,-20.0,-20.0,0.0
46.38238191604614,0.000125,0.012599999999999995,-0.00019999999999998863,66.35211181640625,0,0,0.0,20.0,0.0,0.0,-20.0,-20.0,-20.0,0.0
46.462388038635254,0.000125,0.01242500000000001,-0.00018999999999999773,66.35211181640625,0,0,0.0,20.0,0.0,0.0,-20.0,-20.0,-20.0,0.0
46.54138517379761,0.00011250000000001137,0.012262499999999989,-0.00018000000000000681,66.35211181640625,0,0,0.0,20.0,0.0,0.0,-20.0,-20.0,-20.0,0.0
46.61837911605835,0.00011250000000001137,0.012087500000000006,-0.00017000000000001592,66.35211181640625,0,0,0.0,20.0,0.0,0.0,-20.0,-20.0,-20.0,0.0
46.737389087677,9.999999999999431e-05,0.011925000000000012,-0.00017000000000001592,66.35211181640625,0,0,0.0,20.0,0.0,0.0,-20.0,-20.0,-20.0,0.0
46.83238124847412,9.999999999999431e-05,0.011762499999999988,-0.000160000000000025,66.35211181640625,0,0,0.0,20.0,0.0,0.0,-20.0,-20.0,-20.0,0.0
46.91038489341736,9.999999999999431e-05,0.011599999999999994,-0.00014999999999997727,66.35211181640625,0,0,0.0,20.0,0.0,0.0,-20.0,-20.0,-20.0,0.0
46.99038553237915,8.750000000000568e-05,0.0114375,-0.00014999999999997727,66.35211181640625,0,0,0.0,20.0,0.0,0.0,-20.0,-20.0,-20.0,0.0
47.067389726638794,8.750000000000568e-05,0.011287499999999994,-0.00013999999999998635,66.35211181640625,0,0,0.0,20.0,0.0,0.0,-20.0,-20.0,-20.0,0.0
47.14438486099243,8.750000000000568e-05,0.011125,-0.00013999999999998635,66.35211181640625,0,0,0.0,20.0,0.0,0.0,-20.0,-20.0,-20.0,0.0
47.22538185119629,7.499999999998864e-05,0.010974999999999995,-0.00012999999999999546,66.35211181640625,0,0,0.0,20.0,0.0,0.0,-20.0,-20.0,-20.0,0.0
47.30438423156738,7.499999999998864e-05,0.01082499999999999,-0.00012999999999999546,66.35211181640625,0,0,0.0,20.0,0.0,0.0,-20.0,-20.0,-20.0,0.0
47.3813841342926,7.499999999998864e-05,0.010675000000000011,-0.00012000000000000454,66.35211181640625,0,0,0.0,20.0,0.0,0.0,-20.0,-20.0,-20.0,0.0
47.460384130477905,7.499999999998864e-05,0.010537499999999995,-0.00012000000000000454,66.35211181640625,0,0,0.0,20.0,0.0,0.0,-20.0,-20.0,-20.0,0.0
47.536409854888916,7.499999999998864e-05,0.010387499999999989,-0.00011000000000001364,66.35211181640625,0,0,0.0,20.0,0.0,0.0,-20.0,-20.0,-20.0,0.0
47.615402936935425,7.499999999998864e-05,0.01025,-0.00011000000000001364,66.35211181640625,0,0,0.0,20.0,0.0,0.0,-20.0,-20.0,-20.0,0.0
47.709381103515625,6.25e-05,0.010112500000000012,-0.00010000000000002273,66.35211181640625,0,0,0.0,20.0,0.0,0.0,-20.0,-20.0,-20.0,0.0
47.808379888534546,6.25e-05,0.009974999999999994,-0.00010000000000002273,66.35211181640625,0,0,0.0,20.0,0.0,0.0,-20.0,-20.0,-20.0,0.0
47.887391567230225,6.25e-05,0.009824999999999988,-8.999999999997499e-05,66.35211181640625,0,0,0.0,20.0,0.0,0.0,-20.0,-20.0,-20.0,0.0
47.96690607070923,6.25e-05,0.009699999999999988,-8.999999999997499e-05,66.35211181640625,0,0,0.0,20.0,0.0,0.0,-20.0,-20.0,-20.0,0.0
48.045427560806274,5.0000000000011366e-05,0.009574999999999988,-8.999999999997499e-05,66.35211181640625,0,0,0.0,20.0,0.0,0.0,-20.0,-20.0,-20.0,0.0
48.18742537498474,5.0000000000011366e-05,0.009425000000000011,-7.999999999998408e-05,69.46706008911133,0,0,0.0,17.825357,2.1746426,0.0,-20.0,-20.0,-20.0,0.0
48.32846784591675,5.0000000000011366e-05,0.0093125,-7.999999999998408e-05,73.29810333251953,0,0,0.0,15.1507845,4.8492155,0.0,-20.0,-20.0,-20.0,0.0
48.47046637535095,5.0000000000011366e-05,0.009175000000000011,-7.999999999998408e-05,77.9860782623291,0,0,0.0,11.877958,8.122042,0.0,-20.0,-20.0,-20.0,0.0
48.61050009727478,5.0000000000011366e-05,0.009050000000000011,-6.999999999999318e-05,82.53255558013916,0,0,0.0,8.7039175,11.2960825,0.0,-20.0,-20.0,-20.0,0.0
48.75447416305542,3.749999999999432e-05,0.008925000000000011,-6.999999999999318e-05,87.30300903320312,0,0,0.0,5.373512,14.626488,0.0,-20.0,-20.0,-20.0,0.0
48.894466400146484,3.749999999999432e-05,0.0088125,-6.999999999999318e-05,91.15864729881287,0,0,0.0,2.6817703,17.31823,0.0,-20.0,-20.0,-20.0,0.0
49.0374653339386,3.749999999999432e-05,0.0086875,-6.999999999999318e-05,95.0,0,0,0.0,0.0,20.0,0.0,-20.0,-20.0,-20.0,0.0
49.11547636985779,3.749999999999432e-05,0.008574999999999989,-6.000000000000227e-05,95.0,0,0,0.0,0.0,20.0,0.0,-20.0,-20.0,-20.0,0.0
49.22347092628479,3.749999999999432e-05,0.008449999999999989,-6.000000000000227e-05,95.0,0,0,0.0,0.0,20.0,0.0,-20.0,-20.0,-20.0,0.0
49.30149579048157,3.749999999999432e-05,0.008324999999999989,-6.000000000000227e-05,95.0,0,0,0.0,0.0,20.0,0.0,-20.0,-20.0,-20.0,0.0
49.37947964668274,2.5000000000005683e-05,0.008224999999999994,-6.000000000000227e-05,95.0,0,0,0.0,0.0,20.0,0.0,-20.0,-20.0,-20.0,0.0
49.47346806526184,2.5000000000005683e-05,0.008112500000000012,-5.0000000000011366e-05,95.0,0,0,0.0,0.0,20.0,0.0,-20.0,-20.0,-20.0,0.0
49.55146622657776,2.5000000000005683e-05,0.008,-5.0000000000011366e-05,95.0,0,0,0.0,0.0,20.0,0.0,-20.0,-20.0,-20.0,0.0
49.62947368621826,2.5000000000005683e-05,0.007887499999999988,-5.0000000000011366e-05,95.0,0,0,0.0,0.0,20.0,0.0,-20.0,-20.0,-20.0,0.0
49.72047209739685,2.5000000000005683e-05,0.007775000000000006,-5.0000000000011366e-05,95.0,0,0,0.0,0.0,20.0,0.0,-20.0,-20.0,-20.0,0.0
49.79848337173462,2.5000000000005683e-05,0.007675000000000012,-5.0000000000011366e-05,95.0,0,0,0.0,0.0,20.0,0.0,-20.0,-20.0,-20.0,0.0
49.876466274261475,2.5000000000005683e-05,0.007574999999999989,-4.000000000002046e-05,95.0,0,0,0.0,0.0,20.0,0.0,-20.0,-20.0,-20.0,0.0
49.953468799591064,2.5000000000005683e-05,0.007462500000000006,-4.000000000002046e-05,95.0,0,0,0.0,0.0,20.0,0.0,-20.0,-20.0,-20.0,0.0
50.031468868255615,2.5000000000005683e-05,0.007362500000000011,-4.000000000002046e-05,95.0,0,0,0.0,0.0,20.0,0.0,-20.0,-20.0,-20.0,0.0
50.109469413757324,2.5000000000005683e-05,0.007262499999999989,-4.000000000002046e-05,95.0,0,0,0.0,0.0,20.0,0.0,-20.0,-20.0,-20.0,0.0
50.187466621398926,2.5000000000005683e-05,0.007162499999999994,-4.000000000002046e-05,95.0,0,0,0.0,0.0,20.0,0.0,-20.0,-20.0,-20.0,0.0
50.29146981239319,2.5000000000005683e-05,0.0070625,-4.000000000002046e-05,95.0,0,0,0.0,0.0,20.0,0.0,-20.0,-20.0,-20.0,0.0
50.38546681404114,2.5000000000005683e-05,0.006974999999999994,-2.9999999999972716e-05,95.0,0,0,0.0,0.0,20.0,0.0,-20.0,-20.0,-20.0,0.0
50.46347784996033,2.5000000000005683e-05,0.006875,-2.9999999999972716e-05,95.0,0,0,0.0,0.0,20.0,0.0,-20.0,-20.0,-20.0,0.0
50.54046678543091,2.5000000000005683e-05,0.006775000000000006,-2.9999999999972716e-05,95.0,0,0,0.0,0.0,20.0,0.0,-20.0,-20.0,-20.0,0.0
50.61899757385254,2.5000000000005683e-05,0.006675000000000012,-2.9999999999972716e-05,95.0,0,0,0.0,0.0,20.0,0.0,-20.0,-20.0,-20.0,0.0
50.69699263572693,2.5000000000005683e-05,0.006587500000000006,-2.9999999999972716e-05,95.0,0,0,0.0,0.0,20.0,0.0,-20.0,-20.0,-20.0,0.0
50.77399396896362,2.5000000000005683e-05,0.0065,-2.9999999999972716e-05,95.0,0,0,0.0,0.0,20.0,0.0,-20.0,-20.0,-20.0,0.0
50.849507093429565,2.5000000000005683e-05,0.006412499999999995,-2.9999999999972716e-05,95.0,0,0,0.0,0.0,20.0,0.0,-20.0,-20.0,-20.0,0.0
50.927515268325806,2.5000000000005683e-05,0.006324999999999989,-2.9999999999972716e-05,95.0,0,0,0.0,0.0,20.0,0.0,-20.0,-20.0,-20.0,0.0
51.007511377334595,2.5000000000005683e-05,0.006237500000000011,-1.999999999998181e-05,95.0,0,0,0.0,0.0,20.0,0.0,-20.0,-20.0,-20.0,0.0
51.08250832557678,1.2499999999988632e-05,0.006150000000000005,-1.999999999998181e-05,95.0,0,0,0.0,0.0,20.0,0.0,-20.0,-20.0,-20.0,0.0
51.15952515602112,1.2499999999988632e-05,0.006074999999999988,-1.999999999998181e-05,95.0,0,0,0.0,0.0,20.0,0.0,-20.0,-20.0,-20.0,0.0
51.25650906562805,1.2499999999988632e-05,0.005974999999999994,-1.999999999998181e-05,95.0,0,0,0.0,0.0,20.0,0.0,-20.0,-20.0,-20.0,0.0
51.35850954055786,1.2499999999988632e-05,0.005900000000000006,-1.999999999998181e-05,95.0,0,0,0.0,0.0,20.0,0.0,-20.0,-20.0,-20.0,0.0
51.43751239776611,1.2499999999988632e-05,0.005824999999999989,-1.999999999998181e-05,95.0,0,0,0.0,0.0,20.0,0.0,-20.0,-20.0,-20.0,0.0
51.513511657714844,1.2499999999988632e-05,0.005737500000000012,-1.999999999998181e-05,95.0,0,0,0.0,0.0,20.0,0.0,-20.0,-20.0,-20.0,0.0
51.59250831604004,1.2499999999988632e-05,0.005662499999999994,-1.999999999998181e-05,95.0,0,0,0.0,0.0,20.0,0.0,-20.0,-20.0,-20.0,0.0
51.671507835388184,1.2499999999988632e-05,0.005587500000000006,-1.999999999998181e-05,95.0,0,0,0.0,0.0,20.0,0.0,-20.0,-20.0,-20.0,0.0
51.74851036071777,1.2499999999988632e-05,0.005512499999999989,-1.999999999998181e-05,95.0,0,0,0.0,0.0,20.0,0.0,-20.0,-20.0,-20.0,0.0
51.825517416000366,1.2499999999988632e-05,0.005425000000000011,-1.999999999998181e-05,95.0,0,0,0.0,0.0,20.0,0.0,-20.0,-20.0,-20.0,0.0
51.905510902404785,1.2499999999988632e-05,0.005425000000000011,-1.999999999998181e-05,95.0,0,0,0.0,0.0,20.0,0.0,-20.0,-20.0,-20.0,0.0
51.98250913619995,1.2499999999988632e-05,0.0052874999999999945,-9.999999999990905e-06,95.0,0,0,0.0,0.0,20.0,0.0,-20.0,-20.0,-20.0,0.0
52.06050777435303,1.2499999999988632e-05,0.005212500000000005,-9.999999999990905e-06,95.0,0,0,0.0,0.0,20.0,0.0,-20.0,-20.0,-20.0,0.0
52.13950824737549,1.2499999999988632e-05,0.005137499999999988,-9.999999999990905e-06,95.0,0,0,0.0,0.0,20.0,0.0,-20.0,-20.0,-20.0,0.0
52.217512369155884,1.2499999999988632e-05,0.005137499999999988,-9.999999999990905e-06,95.0,0,0,0.0,0.0,20.0,0.0,-20.0,-20.0,-20.0,0.0
52.2955105304718,1.2499999999988632e-05,0.005,-9.999999999990905e-06,95.0,0,0,0.0,0.0,20.0,0.0,-20.0,-20.0,-20.0,0.0
52.37651014328003,1.2499999999988632e-05,0.004925000000000011,-9.999999999990905e-06,95.0,0,0,0.0,0.0,20.0,0.0,-20.0,-20.0,-20.0,0.0
52.491509675979614,1.2499999999988632e-05,0.004925000000000011,-9.999999999990905e-06,95.0,0,0,0.0,0.0,20.0,0.0,-20.0,-20.0,-20.0,0.0
52.57050967216492,1.2499999999988632e-05,0.004800000000000012,-9.999999999990905e-06,95.0,0,0,0.0,0.0,20.0,0.0,-20.0,-20.0,-20.0,0.0
52.66550946235657,1.2499999999988632e-05,0.004724999999999994,-9.999999999990905e-06,95.0,0,0,0.0,0.0,20.0,0.0,-20.0,-20.0,-20.0,0.0
52.74351501464844,1.2499999999988632e-05,0.004724999999999994,-9.999999999990905e-06,95.0,0,0,0.0,0.0,20.0,0.0,-20.0,-20.0,-20.0,0.0
52.822518825531006,1.2499999999988632e-05,0.0046125000000000116,-9.999999999990905e-06,95.0,0,0,0.0,0.0,20.0,0.0,-20.0,-20.0,-20.0,0.0
52.89751076698303,1.2499999999988632e-05,0.004537499999999995,-9.999999999990905e-06,95.0,0,0,0.0,0.0,20.0,0.0,-20.0,-20.0,-20.0,0.0
52.97550916671753,1.2499999999988632e-05,0.004537499999999995,-9.999999999990905e-06,95.0,0,0,0.0,0.0,20.0,0.0,-20.0,-20.0,-20.0,0.0
53.05451321601868,1.2499999999988632e-05,0.004425000000000011,-9.999999999990905e-06,95.0,0,0,0.0,0.0,20.0,0.0,-20.0,-20.0,-20.0,0.0
53.13150882720947,1.2499999999988632e-05,0.004425000000000011,-9.999999999990905e-06,95.0,0,0,0.0,0.0,20.0,0.0,-20.0,-20.0,-20.0,0.0
53.20650815963745,1.2499999999988632e-05,0.004300000000000011,-9.999999999990905e-06,95.0,0,0,0.0,0.0,20.0,0.0,-20.0,-20.0,-20.0,0.0
53.301512479782104,1.2499999999988632e-05,0.004300000000000011,-9.999999999990905e-06,95.0,0,0,0.0,0.0,20.0,0.0,-20.0,-20.0,-20.0,0.0
53.380510568618774,0.0,0.004175000000000011,-9.999999999990905e-06,95.0,0,0,0.0,0.0,20.0,0.0,-20.0,-20.0,-20.0,0.0
53.45951175689697,0.0,0.004175000000000011,-9.999999999990905e-06,95.0,0,0,0.0,0.0,20.0,0.0,-20.0,-20.0,-20.0,0.0
53.57404828071594,0.0,0.004074999999999988,-9.999999999990905e-06,95.0,0,0,0.0,0.0,20.0,0.0,-20.0,-20.0,-20.0,0.0
53.65305423736572,0.0,0.004074999999999988,-9.999999999990905e-06,95.0,0,0,0.0,0.0,20.0,0.0,-20.0,-20.0,-20.0,0.0
53.734052896499634,0.0,0.003962500000000006,-9.999999999990905e-06,95.0,0,0,0.0,0.0,20.0,0.0,-20.0,-20.0,-20.0,0.0
53.81186318397522,0.0,0.003962500000000006,-9.999999999990905e-06,95.0,0,0,0.0,0.0,20.0,0.0,-20.0,-20.0,-20.0,0.0
53.89086174964905,0.0,0.0038499999999999945,-9.999999999990905e-06,95.0,0,0,0.0,0.0,20.0,0.0,-20.0,-20.0,-20.0,0.0
53.96887469291687,0.0,0.0038499999999999945,-9.999999999990905e-06,95.0,0,0,0.0,0.0,20.0,0.0,-20.0,-20.0,-20.0,0.0
54.04586100578308,0.0,0.003737500000000011,-9.999999999990905e-06,95.0,0,0,0.0,0.0,20.0,0.0,-20.0,-20.0,-20.0,0.0
54.123859167099,0.0,0.003737500000000011,-9.999999999990905e-06,95.0,0,0,0.0,0.0,20.0,0.0,-20.0,-20.0,-20.0,0.0
54.202858448028564,0.0,0.003637499999999989,0.0,95.0,0,0,0.0,0.0,20.0,0.0,-20.0,-20.0,-20.0,0.0
54.28085923194885,0.0,0.003637499999999989,0.0,95.0,0,0,0.0,0.0,20.0,0.0,-20.0,-20.0,-20.0,0.0
54.3588593006134,0.0,0.003537499999999994,0.0,95.0,0,0,0.0,0.0,20.0,0.0,-20.0,-20.0,-20.0,0.0
54.43686318397522,0.0,0.003537499999999994,0.0,95.0,0,0,0.0,0.0,20.0,0.0,-20.0,-20.0,-20.0,0.0
54.51385974884033,0.0,0.0034499999999999887,0.0,95.0,0,0,0.0,0.0,20.0,0.0,-20.0,-20.0,-20.0,0.0
54.61586546897888,0.0,0.0034499999999999887,0.0,95.0,0,0,0.0,0.0,20.0,0.0,-20.0,-20.0,-20.0,0.0
54.70085787773132,0.0,0.0033499999999999945,0.0,95.0,0,0,0.0,0.0,20.0,0.0,-20.0,-20.0,-20.0,0.0
54.778865814208984,0.0,0.0033499999999999945,0.0,95.0,0,0,0.0,0.0,20.0,0.0,-20.0,-20.0,-20.0,0.0
54.85686135292053,0.0,0.0032624999999999885,0.0,95.0,0,0,0.0,0.0,20.0,0.0,-20.0,-20.0,-20.0,0.0
54.93585681915283,0.0,0.0032624999999999885,0.0,95.0,0,0,0.0,0.0,20.0,0.0,-20.0,-20.0,-20.0,0.0
55.01486015319824,0.0,0.0031750000000000116,0.0,95.0,0,0,0.0,0.0,20.0,0.0,-20.0,-20.0,-20.0,0.0
55.1098575592041,0.0,0.0031750000000000116,0.0,95.0,0,0,0.0,0.0,20.0,0.0,-20.0,-20.0,-20.0,0.0
55.18485999107361,0.0,0.0030875000000000056,0.0,95.0,0,0,0.0,0.0,20.0,0.0,-20.0,-20.0,-20.0,0.0
55.258859395980835,0.0,0.0030875000000000056,0.0,95.0,0,0,0.0,0.0,20.0,0.0,-20.0,-20.0,-20.0,0.0
55.336859464645386,0.0,0.003,0.0,95.0,0,0,0.0,0.0,20.0,0.0,-20.0,-20.0,-20.0,0.0
55.414859771728516,0.0,0.003,0.0,95.0,0,0,0.0,0.0,20.0,0.0,-20.0,-20.0,-20.0,0.0
55.4938588142395,0.0,0.0029250000000000114,0.0,95.0,0,0,0.0,0.0,20.0,0.0,-20.0,-20.0,-20.0,0.0
55.57186484336853,0.0,0.0029250000000000114,0.0,95.0,0,0,0.0,0.0,20.0,0.0,-20.0,-20.0,-20.0,0.0
55.651862144470215,0.0,0.002837500000000006,0.0,95.0,0,0,0.0,0.0,20.0,0.0,-20.0,-20.0,-20.0,0.0
55.755863904953,0.0,0.002837500000000006,0.0,95.0,0,0,0.0,0.0,20.0,0.0,-20.0,-20.0,-20.0,0.0
55.83285641670227,0.0,0.0027624999999999885,0.0,95.0,0,0,0.0,0.0,20.0,0.0,-20.0,-20.0,-20.0,0.0
55.91086935997009,0.0,0.0027624999999999885,0.0,95.0,0,0,0.0,0.0,20.0,0.0,-20.0,-20.0,-20.0,0.0
55.988858461380005,0.0,0.0026875,0.0,95.0,0,0,0.0,0.0,20.0,0.0,-20.0,-20.0,-20.0,0.0
56.0653817653656,0.0,0.0026875,0.0,95.0,0,0,0.0,0.0,20.0,0.0,-20.0,-20.0,-20.0,0.0
56.144381046295166,0.0,0.0026875,0.0,95.0,0,0,0.0,0.0,20.0,0.0,-20.0,-20.0,-20.0,0.0
56.22138547897339,0.0,0.0025749999999999888,0.0,95.0,0,0,0.0,0.0,20.0,0.0,-20.0,-20.0,-20.0,0.0
56.30138087272644,0.0,0.0025749999999999888,0.0,95.0,0,0,0.0,0.0,20.0,0.0,-20.0,-20.0,-20.0,0.0
56.38037633895874,0.0,0.0025749999999999888,0.0,95.0,0,0,0.0,0.0,20.0,0.0,-20.0,-20.0,-20.0,0.0
56.45837640762329,0.0,0.002474999999999994,0.0,95.0,0,0,0.0,0.0,20.0,0.0,-20.0,-20.0,-20.0,0.0
56.53538203239441,0.0,0.002474999999999994,0.0,95.0,0,0,0.0,0.0,20.0,0.0,-20.0,-20.0,-20.0,0.0
56.631383657455444,0.0,0.002474999999999994,0.0,95.0,0,0,0.0,0.0,20.0,0.0,-20.0,-20.0,-20.0,0.0
56.70537757873535,0.0,0.002375,0.0,95.0,0,0,0.0,0.0,20.0,0.0,-20.0,-20.0,-20.0,0.0
56.80538535118103,0.0,0.002375,0.0,95.0,0,0,0.0,0.0,20.0,0.0,-20.0,-20.0,-20.0,0.0
56.88237524032593,0.0,0.002375,0.0,95.0,0,0,0.0,0.0,20.0,0.0,-20.0,-20.0,-20.0,0.0
56.96037459373474,0.0,0.0022750000000000058,0.0,95.0,0,0,0.0,0.0,20.0,0.0,-20.0,-20.0,-20.0,0.0
57.0383825302124,0.0,0.0022750000000000058,0.0,95.0,0,0,0.0,0.0,20.0,0.0,-20.0,-20.0,-20.0,0.0
57.13237452507019,0.0,0.0022750000000000058,0.0,95.0,0,0,0.0,0.0,20.0,0.0,-20.0,-20.0,-20.0,0.0
57.21038007736206,0.0,0.0021875,0.0,95.0,0,0,0.0,0.0,20.0,0.0,-20.0,-20.0,-20.0,0.0
57.289391040802,0.0,0.0021875,0.0,95.0,0,0,0.0,0.0,20.0,0.0,-20.0,-20.0,-20.0,0.0
57.3683762550354,0.0,0.0021875,0.0,95.0,0,0,0.0,0.0,20.0,0.0,-20.0,-20.0,-20.0,0.0
57.4473819732666,0.0,0.0020999999999999942,0.0,95.0,0,0,0.0,0.0,20.0,0.0,-20.0,-20.0,-20.0,0.0
57.52437496185303,0.0,0.0020999999999999942,0.0,95.0,0,0,0.0,0.0,20.0,0.0,-20.0,-20.0,-20.0,0.0
57.602378845214844,0.0,0.0020999999999999942,0.0,95.0,0,0,0.0,0.0,20.0,0.0,-20.0,-20.0,-20.0,0.0
57.68138933181763,0.0,0.0020124999999999887,0.0,95.0,0,0,0.0,0.0,20.0,0.0,-20.0,-20.0,-20.0,0.0
57.76090455055237,0.0,0.0020124999999999887,0.0,95.0,0,0,0.0,0.0,20.0,0.0,-20.0,-20.0,-20.0,0.0
57.837904930114746,0.0,0.0020124999999999887,0.0,95.0,0,0,0.0,0.0,20.0,0.0,-20.0,-20.0,-20.0,0.0
57.945905447006226,0.0,0.0019250000000000113,0.0,95.0,0,0,0.0,0.0,20.0,0.0,-20.0,-20.0,-20.0,0.0
58.02390503883362,0.0,0.0019250000000000113,0.0,95.0,0,0,0.0,0.0,20.0,0.0,-20.0,-20.0,-20.0,0.0
58.10190415382385,0.0,0.0019250000000000113,0.0,95.0,0,0,0.0,0.0,20.0,0.0,-20.0,-20.0,-20.0,0.0
58.178908824920654,0.0,0.0018499999999999942,0.0,95.0,0,0,0.0,0.0,20.0,0.0,-20.0,-20.0,-20.0,0.0
58.25690841674805,0.0,0.0018499999999999942,0.0,95.0,0,0,0.0,0.0,20.0,0.0,-20.0,-20.0,-20.0,0.0
58.33492565155029,0.0,0.0018499999999999942,0.0,95.0,0,0,0.0,0.0,20.0,0.0,-20.0,-20.0,-20.0,0.0
58.412906885147095,0.0,0.0017750000000000057,0.0,95.0,0,0,0.0,0.0,20.0,0.0,-20.0,-20.0,-20.0,0.0
58.491905212402344,0.0,0.0017750000000000057,0.0,95.0,0,0,0.0,0.0,20.0,0.0,-20.0,-20.0,-20.0,0.0
58.56890630722046,0.0,0.0017750000000000057,0.0,95.0,0,0,0.0,0.0,20.0,0.0,-20.0,-20.0,-20.0,0.0
58.664913177490234,0.0,0.0017750000000000057,0.0,95.0,0,0,0.0,0.0,20.0,0.0,-20.0,-20.0,-20.0,0.0
58.74090766906738,0.0,0.0016750000000000113,0.0,95.0,0,0,0.0,0.0,20.0,0.0,-20.0,-20.0,-20.0,0.0
58.81991243362427,0.0,0.0016750000000000113,0.0,95.0,0,0,0.0,0.0,20.0,0.0,-20.0,-20.0,-20.0,0.0
58.898906230926514,0.0,0.0016750000000000113,0.0,95.0,0,0,0.0,0.0,20.0,0.0,-20.0,-20.0,-20.0,0.0
59.01291108131409,0.0,0.0016750000000000113,0.0,95.0,0,0,0.0,0.0,20.0,0.0,-20.0,-20.0,-20.0,0.0
59.09191036224365,0.0,0.0015875000000000058,0.0,95.0,0,0,0.0,0.0,20.0,0.0,-20.0,-20.0,-20.0,0.0
59.16590714454651,0.0,0.0015875000000000058,0.0,95.0,0,0,0.0,0.0,20.0,0.0,-20.0,-20.0,-20.0,0.0
59.24390697479248,0.0,0.0015875000000000058,0.0,95.0,0,0,0.0,0.0,20.0,0.0,-20.0,-20.0,-20.0,0.0
59.32391333580017,0.0,0.0015875000000000058,0.0,95.0,0,0,0.0,0.0,20.0,0.0,-20.0,-20.0,-20.0,0.0
59.40190577507019,0.0,0.0015124999999999887,0.0,95.0,0,0,0.0,0.0,20.0,0.0,-20.0,-20.0,-20.0,0.0
59.47890615463257,0.0,0.0015124999999999887,0.0,95.0,0,0,0.0,0.0,20.0,0.0,-20.0,-20.0,-20.0,0.0
59.55691480636597,0.0,0.0015124999999999887,0.0,95.0,0,0,0.0,0.0,20.0,0.0,-20.0,-20.0,-20.0,0.0
59.63490891456604,0.0,0.0015124999999999887,0.0,95.0,0,0,0.0,0.0,20.0,0.0,-20.0,-20.0,-20.0,0.0
59.71191763877869,0.0,0.0014250000000000113,0.0,95.0,0,0,0.0,0.0,20.0,0.0,-20.0,-20.0,-20.0,0.0
59.79291605949402,0.0,0.0014250000000000113,0.0,95.0,0,0,0.0,0.0,20.0,0.0,-20.0,-20.0,-20.0,0.0
59.8709077835083,0.0,0.0014250000000000113,0.0,95.0,0,0,0.0,0.0,20.0,0.0,-20.0,-20.0,-20.0,0.0
59.94890737533569,0.0,0.0014250000000000113,0.0,95.0,0,0,0.0,0.0,20.0,0.0,-20.0,-20.0,-20.0,0.0
60.0279061794281,0.0,0.0013499999999999942,0.0,95.0,0,0,0.0,0.0,20.0,0.0,-20.0,-20.0,-20.0,0.0
60.13146734237671,0.0,0.0013499999999999942,0.0,95.0,0,0,0.0,0.0,20.0,0.0,-20.0,-20.0,-20.0,0.0
60.210458517074585,0.0,0.0013499999999999942,0.0,95.0,0,0,0.0,0.0,20.0,0.0,-20.0,-20.0,-20.0,0.0
60.28845977783203,0.0,0.0013499999999999942,0.0,95.0,0,0,0.0,0.0,20.0,0.0,-20.0,-20.0,-20.0,0.0
60.365463972091675,0.0,0.0012750000000000057,0.0,95.0,0,0,0.0,0.0,20.0,0.0,-20.0,-20.0,-20.0,0.0
60.44146752357483,0.0,0.0012750000000000057,0.0,95.0,0,0,0.0,0.0,20.0,0.0,-20.0,-20.0,-20.0,0.0
60.51845908164978,0.0,0.0012750000000000057,0.0,95.0,0,0,0.0,0.0,20.0,0.0,-20.0,-20.0,-20.0,0.0
60.59646415710449,0.0,0.0012750000000000057,0.0,95.0,0,0,0.0,0.0,20.0,0.0,-20.0,-20.0,-20.0,0.0
60.675469398498535,0.0,0.0012750000000000057,0.0,95.0,0,0,0.0,0.0,20.0,0.0,-20.0,-20.0,-20.0,0.0
60.75445532798767,0.0,0.0011875,0.0,95.0,0,0,0.0,0.0,20.0,0.0,-20.0,-20.0,-20.0,0.0
60.832457065582275,0.0,0.0011875,0.0,95.0,0,0,0.0,0.0,20.0,0.0,-20.0,-20.0,-20.0,0.0
60.91011166572571,0.0,0.0011875,0.0,95.0,0,0,0.0,0.0,20.0,0.0,-20.0,-20.0,-20.0,0.0
60.98612189292908,0.0,0.0011875,0.0,95.0,0,0,0.0,0.0,20.0,0.0,-20.0,-20.0,-20.0,0.0
61.06511926651001,0.0,0.0011875,0.0,95.0,0,0,0.0,0.0,20.0,0.0,-20.0,-20.0,-20.0,0.0
61.1641104221344,0.0,0.0011125000000000113,0.0,95.0,0,0,0.0,0.0,20.0,0.0,-20.0,-20.0,-20.0,0.0
61.25110960006714,0.0,0.0011125000000000113,0.0,95.0,0,0,0.0,0.0,20.0,0.0,-20.0,-20.0,-20.0,0.0
61.3271107673645,0.0,0.0011125000000000113,0.0,95.0,0,0,0.0,0.0,20.0,0.0,-20.0,-20.0,-20.0,0.0
61.40611433982849,0.0,0.0011125000000000113,0.0,95.0,0,0,0.0,0.0,20.0,0.0,-20.0,-20.0,-20.0,0.0
61.501112937927246,0.0,0.0011125000000000113,0.0,95.0,0,0,0.0,0.0,20.0,0.0,-20.0,-20.0,-20.0,0.0
61.58111071586609,0.0,0.0010374999999999944,0.0,95.0,0,0,0.0,0.0,20.0,0.0,-20.0,-20.0,-20.0,0.0
61.656649589538574,0.0,0.0010374999999999944,0.0,95.0,0,0,0.0,0.0,20.0,0.0,-20.0,-20.0,-20.0,0.0
61.73665475845337,0.0,0.0010374999999999944,0.0,95.0,0,0,0.0,0.0,20.0,0.0,-20.0,-20.0,-20.0,0.0
61.81565570831299,0.0,0.0010374999999999944,0.0,95.0,0,0,0.0,0.0,20.0,0.0,-20.0,-20.0,-20.0,0.0
61.89366054534912,0.0,0.0010374999999999944,0.0,95.0,0,0,0.0,0.0,20.0,0.0,-20.0,-20.0,-20.0,0.0
61.97065329551697,0.0,0.0010374999999999944,0.0,95.0,0,0,0.0,0.0,20.0,0.0,-20.0,-20.0,-20.0,0.0
62.04965162277222,0.0,0.0009625000000000057,0.0,95.0,0,0,0.0,0.0,20.0,0.0,-20.0,-20.0,-20.0,0.0
62.12765073776245,0.0,0.0009625000000000057,0.0,95.0,0,0,0.0,0.0,20.0,0.0,-20.0,-20.0,-20.0,0.0
62.20465135574341,0.0,0.0009625000000000057,0.0,95.0,0,0,0.0,0.0,20.0,0.0,-20.0,-20.0,-20.0,0.0
62.310664892196655,0.0,0.0009625000000000057,0.0,95.0,0,0,0.0,0.0,20.0,0.0,-20.0,-20.0,-20.0,0.0
62.38865041732788,0.0,0.0009625000000000057,0.0,95.0,0,0,0.0,0.0,20.0,0.0,-20.0,-20.0,-20.0,0.0
62.46765065193176,0.0,0.0008874999999999887,0.0,95.0,0,0,0.0,0.0,20.0,0.0,-20.0,-20.0,-20.0,0.0
62.54565191268921,0.0,0.0008874999999999887,0.0,95.0,0,0,0.0,0.0,20.0,0.0,-20.0,-20.0,-20.0,0.0
62.62364888191223,0.0,0.0008874999999999887,0.0,95.0,0,0,0.0,0.0,20.0,0.0,-20.0,-20.0,-20.0,0.0
62.700660943984985,0.0,0.0008874999999999887,0.0,95.0,0,0,0.0,0.0,20.0,0.0,-20.0,-20.0,-20.0,0.0
62.778724193573,0.0,0.0008874999999999887,0.0,95.0,0,0,0.0,0.0,20.0,0.0,-20.0,-20.0,-20.0,0.0
62.85672354698181,0.0,0.0008874999999999887,0.0,95.0,0,0,0.0,0.0,20.0,0.0,-20.0,-20.0,-20.0,0.0
62.936723709106445,0.0,0.0008874999999999887,0.0,95.0,0,0,0.0,0.0,20.0,0.0,-20.0,-20.0,-20.0,0.0
63.01572370529175,0.0,0.0008125,0.0,95.0,0,0,0.0,0.0,20.0,0.0,-20.0,-20.0,-20.0,0.0
63.0947265625,0.0,0.0008125,0.0,95.0,0,0,0.0,0.0,20.0,0.0,-20.0,-20.0,-20.0,0.0
63.17273187637329,0.0,0.0008125,0.0,95.0,0,0,0.0,0.0,20.0,0.0,-20.0,-20.0,-20.0,0.0
63.247334480285645,0.0,0.0008125,0.0,95.0,0,0,0.0,0.0,20.0,0.0,-20.0,-20.0,-20.0,0.0
63.34834265708923,0.0,0.0008125,0.0,95.0,0,0,0.0,0.0,20.0,0.0,-20.0,-20.0,-20.0,0.0
63.434335708618164,0.0,0.0008125,0.0,95.0,0,0,0.0,0.0,20.0,0.0,-20.0,-20.0,-20.0,0.0
63.51434016227722,0.0,0.0008125,0.0,95.0,0,0,0.0,0.0,20.0,0.0,-20.0,-20.0,-20.0,0.0
63.59334349632263,0.0,0.0007375000000000114,0.0,95.0,0,0,0.0,0.0,20.0,0.0,-20.0,-20.0,-20.0,0.0
63.669339179992676,0.0,0.0007375000000000114,0.0,95.0,0,0,0.0,0.0,20.0,0.0,-20.0,-20.0,-20.0,0.0
63.7453396320343,0.0,0.0007375000000000114,0.0,95.0,0,0,0.0,0.0,20.0,0.0,-20.0,-20.0,-20.0,0.0
63.8243453502655,0.0,0.0007375000000000114,0.0,95.0,0,0,0.0,0.0,20.0,0.0,-20.0,-20.0,-20.0,0.0
63.901336669921875,0.0,0.0007375000000000114,0.0,95.0,0,0,0.0,0.0,20.0,0.0,-20.0,-20.0,-20.0,0.0
63.98033905029297,0.0,0.0007375000000000114,0.0,95.0,0,0,0.0,0.0,20.0,0.0,-20.0,-20.0,-20.0,0.0
64.06033658981323,0.0,0.0007375000000000114,0.0,95.0,0,0,0.0,0.0,20.0,0.0,-20.0,-20.0,-20.0,0.0
64.13888216018677,0.0,0.0007375000000000114,0.0,95.0,0,0,0.0,0.0,20.0,0.0,-20.0,-20.0,-20.0,0.0
64.21688151359558,0.0,0.0006624999999999944,0.0,95.0,0,0,0.0,0.0,20.0,0.0,-20.0,-20.0,-20.0,0.0
64.29487371444702,0.0,0.0006624999999999944,0.0,95.0,0,0,0.0,0.0,20.0,0.0,-20.0,-20.0,-20.0,0.0
64.37187385559082,0.0,0.0006624999999999944,0.0,95.0,0,0,0.0,0.0,20.0,0.0,-20.0,-20.0,-20.0,0.0
64.47288131713867,0.0,0.0006624999999999944,0.0,95.0,0,0,0.0,0.0,20.0,0.0,-20.0,-20.0,-20.0,0.0
64.55187463760376,0.0,0.0006624999999999944,0.0,95.0,0,0,0.0,0.0,20.0,0.0,-20.0,-20.0,-20.0,0.0
64.63088750839233,0.0,0.0006624999999999944,0.0,95.0,0,0,0.0,0.0,20.0,0.0,-20.0,-20.0,-20.0,0.0
64.71088695526123,0.0,0.0006624999999999944,0.0,95.0,0,0,0.0,0.0,20.0,0.0,-20.0,-20.0,-20.0,0.0
64.78639388084412,0.0,0.0006624999999999944,0.0,95.0,0,0,0.0,0.0,20.0,0.0,-20.0,-20.0,-20.0,0.0
64.86539578437805,0.0,0.0005875000000000057,0.0,95.0,0,0,0.0,0.0,20.0,0.0,-20.0,-20.0,-20.0,0.0
64.94741559028625,0.0,0.0005875000000000057,0.0,95.0,0,0,0.0,0.0,20.0,0.0,-20.0,-20.0,-20.0,0.0
65.02539825439453,0.0,0.0005875000000000057,0.0,95.0,0,0,0.0,0.0,20.0,0.0,-20.0,-20.0,-20.0,0.0
65.10542488098145,0.0,0.0005875000000000057,0.0,95.0,0,0,0.0,0.0,20.0,0.0,-20.0,-20.0,-20.0,0.0
65.18539667129517,0.0,0.0005875000000000057,0.0,95.0,0,0,0.0,0.0,20.0,0.0,-20.0,-20.0,-20.0,0.0
65.26039266586304,0.0,0.0005875000000000057,0.0,95.0,0,0,0.0,0.0,20.0,0.0,-20.0,-20.0,-20.0,0.0
65.33739447593689,0.0,0.0005875000000000057,0.0,95.0,0,0,0.0,0.0,20.0,0.0,-20.0,-20.0,-20.0,0.0
65.4164035320282,0.0,0.0005875000000000057,0.0,95.0,0,0,0.0,0.0,20.0,0.0,-20.0,-20.0,-20.0,0.0
65.49239587783813,0.0,0.0005875000000000057,0.0,95.0,0,0,0.0,0.0,20.0,0.0,-20.0,-20.0,-20.0,0.0
65.60240006446838,0.0,0.0005875000000000057,0.0,95.0,0,0,0.0,0.0,20.0,0.0,-20.0,-20.0,-20.0,0.0
65.68139791488647,0.0,0.0005124999999999887,0.0,95.0,0,0,0.0,0.0,20.0,0.0,-20.0,-20.0,-20.0,0.0
65.75839257240295,0.0,0.0005124999999999887,0.0,95.0,0,0,0.0,0.0,20.0,0.0,-20.0,-20.0,-20.0,0.0
65.83639907836914,0.0,0.0005124999999999887,0.0,95.0,0,0,0.0,0.0,20.0,0.0,-20.0,-20.0,-20.0,0.0
65.91340017318726,0.0,0.0005124999999999887,0.0,95.0,0,0,0.0,0.0,20.0,0.0,-20.0,-20.0,-20.0,0.0
65.99191355705261,0.0,0.0005124999999999887,0.0,95.0,0,0,0.0,0.0,20.0,0.0,-20.0,-20.0,-20.0,0.0
66.0709137916565,0.0,0.0005124999999999887,0.0,95.0,0,0,0.0,0.0,20.0,0.0,-20.0,-20.0,-20.0,0.0
66.14791440963745,0.0,0.0005124999999999887,0.0,95.0,0,0,0.0,0.0,20.0,0.0,-20.0,-20.0,-20.0,0.0
66.22591423988342,0.0,0.0005124999999999887,0.0,95.0,0,0,0.0,0.0,20.0,0.0,-20.0,-20.0,-20.0,0.0
66.30692625045776,0.0,0.0005124999999999887,0.0,95.0,0,0,0.0,0.0,20.0,0.0,-20.0,-20.0,-20.0,0.0
66.38392615318298,0.0,0.0005124999999999887,0.0,95.0,0,0,0.0,0.0,20.0,0.0,-20.0,-20.0,-20.0,0.0
66.46192479133606,0.0,0.0005124999999999887,0.0,95.0,0,0,0.0,0.0,20.0,0.0,-20.0,-20.0,-20.0,0.0
66.54093217849731,0.0,0.0004375,0.0,95.0,0,0,0.0,0.0,20.0,0.0,-20.0,-20.0,-20.0,0.0
66.63591384887695,0.0,0.0004375,0.0,95.0,0,0,0.0,0.0,20.0,0.0,-20.0,-20.0,-20.0,0.0
66.7269241809845,0.0,0.0004375,0.0,95.0,0,0,0.0,0.0,20.0,0.0,-20.0,-20.0,-20.0,0.0
66.80392122268677,0.0,0.0004375,0.0,95.0,0,0,0.0,0.0,20.0,0.0,-20.0,-20.0,-20.0,0.0
66.88091611862183,0.0,0.0004375,0.0,95.0,0,0,0.0,0.0,20.0,0.0,-20.0,-20.0,-20.0,0.0
66.95792174339294,0.0,0.0004375,0.0,95.0,0,0,0.0,0.0,20.0,0.0,-20.0,-20.0,-20.0,0.0
67.03444695472717,0.0,0.0004375,0.0,95.0,0,0,0.0,0.0,20.0,0.0,-20.0,-20.0,-20.0,0.0
67.1124529838562,0.0,0.0004375,0.0,95.0,0,0,0.0,0.0,20.0,0.0,-20.0,-20.0,-20.0,0.0
67.19344830513,0.0,0.0004375,0.0,95.0,0,0,0.0,0.0,20.0,0.0,-20.0,-20.0,-20.0,0.0
67.2714490890503,0.0,0.0004375,0.0,95.0,0,0,0.0,0.0,20.0,0.0,-20.0,-20.0,-20.0,0.0
67.35045194625854,0.0,0.0004375,0.0,95.0,0,0,0.0,0.0,20.0,0.0,-20.0,-20.0,-20.0,0.0
67.42844772338867,0.0,0.0004375,0.0,95.0,0,0,0.0,0.0,20.0,0.0,-20.0,-20.0,-20.0,0.0
67.5059757232666,0.0,0.0004375,0.0,95.0,0,0,0.0,0.0,20.0,0.0,-20.0,-20.0,-20.0,0.0
67.58397364616394,0.0,0.0004375,0.0,95.0,0,0,0.0,0.0,20.0,0.0,-20.0,-20.0,-20.0,0.0
67.66399598121643,0.0,0.00036250000000001136,0.0,95.0,0,0,0.0,0.0,20.0,0.0,-20.0,-20.0,-20.0,0.0
67.77598667144775,0.0,0.00036250000000001136,0.0,95.0,0,0,0.0,0.0,20.0,0.0,-20.0,-20.0,-20.0,0.0
67.85497331619263,0.0,0.00036250000000001136,0.0,95.0,0,0,0.0,0.0,20.0,0.0,-20.0,-20.0,-20.0,0.0
67.93397307395935,0.0,0.00036250000000001136,0.0,95.0,0,0,0.0,0.0,20.0,0.0,-20.0,-20.0,-20.0,0.0
68.00997233390808,0.0,0.00036250000000001136,0.0,95.0,0,0,0.0,0.0,20.0,0.0,-20.0,-20.0,-20.0,0.0
68.08997559547424,0.0,0.00036250000000001136,0.0,95.0,0,0,0.0,0.0,20.0,0.0,-20.0,-20.0,-20.0,0.0
68.16597533226013,0.0,0.00036250000000001136,0.0,95.0,0,0,0.0,0.0,20.0,0.0,-20.0,-20.0,-20.0,0.0
68.24397206306458,0.0,0.00036250000000001136,0.0,95.0,0,0,0.0,0.0,20.0,0.0,-20.0,-20.0,-20.0,0.0
68.32297468185425,0.0,0.00036250000000001136,0.0,95.0,0,0,0.0,0.0,20.0,0.0,-20.0,-20.0,-20.0,0.0
68.40297365188599,0.0,0.00036250000000001136,0.0,95.0,0,0,0.0,0.0,20.0,0.0,-20.0,-20.0,-20.0,0.0
68.47897267341614,0.0,0.00036250000000001136,0.0,95.0,0,0,0.0,0.0,20.0,0.0,-20.0,-20.0,-20.0,0.0
68.55796980857849,0.0,0.00036250000000001136,0.0,95.0,0,0,0.0,0.0,20.0,0.0,-20.0,-20.0,-20.0,0.0
68.63397908210754,0.0,0.00036250000000001136,0.0,95.0,0,0,0.0,0.0,20.0,0.0,-20.0,-20.0,-20.0,0.0
68.71297192573547,0.0,0.00036250000000001136,0.0,95.0,0,0,0.0,0.0,20.0,0.0,-20.0,-20.0,-20.0,0.0
68.78897070884705,0.0,0.00036250000000001136,0.0,95.0,0,0,0.0,0.0,20.0,0.0,-20.0,-20.0,-20.0,0.0
68.89652967453003,0.0,0.00036250000000001136,0.0,95.0,0,0,0.0,0.0,20.0,0.0,-20.0,-20.0,-20.0,0.0
68.97452855110168,0.0,0.0002874999999999943,0.0,95.0,0,0,0.0,0.0,20.0,0.0,-20.0,-20.0,-20.0,0.0
69.05152893066406,0.0,0.0002874999999999943,0.0,95.0,0,0,0.0,0.0,20.0,0.0,-20.0,-20.0,-20.0,0.0
69.13054132461548,0.0,0.0002874999999999943,0.0,95.0,0,0,0.0,0.0,20.0,0.0,-20.0,-20.0,-20.0,0.0
69.20652770996094,0.0,0.0002874999999999943,0.0,95.0,0,0,0.0,0.0,20.0,0.0,-20.0,-20.0,-20.0,0.0
69.28352999687195,0.0,0.0002874999999999943,0.0,95.0,0,0,0.0,0.0,20.0,0.0,-20.0,-20.0,-20.0,0.0
69.35853004455566,0.0,0.0002874999999999943,0.0,95.0,0,0,0.0,0.0,20.0,0.0,-20.0,-20.0,-20.0,0.0
69.43653106689453,0.0,0.0002874999999999943,0.0,95.0,0,0,0.0,0.0,20.0,0.0,-20.0,-20.0,-20.0,0.0
69.51505136489868,0.0,0.0002874999999999943,0.0,95.0,0,0,0.0,0.0,20.0,0.0,-20.0,-20.0,-20.0,0.0
69.59205722808838,0.0,0.0002874999999999943,0.0,95.0,0,0,0.0,0.0,20.0,0.0,-20.0,-20.0,-20.0,0.0
69.6690514087677,0.0,0.0002874999999999943,0.0,95.0,0,0,0.0,0.0,20.0,0.0,-20.0,-20.0,-20.0,0.0
69.74504804611206,0.0,0.0002874999999999943,0.0,95.0,0,0,0.0,0.0,20.0,0.0,-20.0,-20.0,-20.0,0.0
69.82404804229736,0.0,0.0002874999999999943,0.0,95.0,0,0,0.0,0.0,20.0,0.0,-20.0,-20.0,-20.0,0.0
69.92505192756653,0.0,0.0002874999999999943,0.0,95.0,0,0,0.0,0.0,20.0,0.0,-20.0,-20.0,-20.0,0.0
70.01504826545715,0.0,0.0002874999999999943,0.0,95.0,0,0,0.0,0.0,20.0,0.0,-20.0,-20.0,-20.0,0.0
70.09505128860474,0.0,0.0002874999999999943,0.0,95.0,0,0,0.0,0.0,20.0,0.0,-20.0,-20.0,-20.0,0.0
70.17405009269714,0.0,0.0002874999999999943,0.0,95.0,0,0,0.0,0.0,20.0,0.0,-20.0,-20.0,-20.0,0.0
70.25206208229065,0.0,0.0002874999999999943,0.0,95.0,0,0,0.0,0.0,20.0,0.0,-20.0,-20.0,-20.0,0.0
70.32904934883118,0.0,0.0002874999999999943,0.0,95.0,0,0,0.0,0.0,20.0,0.0,-20.0,-20.0,-20.0,0.0
70.40604615211487,0.0,0.0002874999999999943,0.0,95.0,0,0,0.0,0.0,20.0,0.0,-20.0,-20.0,-20.0,0.0
70.48305416107178,0.0,0.0002874999999999943,0.0,95.0,0,0,0.0,0.0,20.0,0.0,-20.0,-20.0,-20.0,0.0
70.5620505809784,0.0,0.0002874999999999943,0.0,95.0,0,0,0.0,0.0,20.0,0.0,-20.0,-20.0,-20.0,0.0
70.64205026626587,0.0,0.0002874999999999943,0.0,95.0,0,0,0.0,0.0,20.0,0.0,-20.0,-20.0,-20.0,0.0
70.72004795074463,0.0,0.0002874999999999943,0.0,95.0,0,0,0.0,0.0,20.0,0.0,-20.0,-20.0,-20.0,0.0
70.79905700683594,0.0,0.00021250000000000568,0.0,95.0,0,0,0.0,0.0,20.0,0.0,-20.0,-20.0,-20.0,0.0
70.87704992294312,0.0,0.00021250000000000568,0.0,95.0,0,0,0.0,0.0,20.0,0.0,-20.0,-20.0,-20.0,0.0
70.95505475997925,0.0,0.00021250000000000568,0.0,95.0,0,0,0.0,0.0,20.0,0.0,-20.0,-20.0,-20.0,0.0
71.0690689086914,0.0,0.00021250000000000568,0.0,95.0,0,0,0.0,0.0,20.0,0.0,-20.0,-20.0,-20.0,0.0
71.14504623413086,0.0,0.00021250000000000568,0.0,95.0,0,0,0.0,0.0,20.0,0.0,-20.0,-20.0,-20.0,0.0
71.22004866600037,0.0,0.00021250000000000568,0.0,95.0,0,0,0.0,0.0,20.0,0.0,-20.0,-20.0,-20.0,0.0
71.2980535030365,0.0,0.00021250000000000568,0.0,95.0,0,0,0.0,0.0,20.0,0.0,-20.0,-20.0,-20.0,0.0
71.37604975700378,0.0,0.00021250000000000568,0.0,95.0,0,0,0.0,0.0,20.0,0.0,-20.0,-20.0,-20.0,0.0
71.45505809783936,0.0,0.00021250000000000568,0.0,95.0,0,0,0.0,0.0,20.0,0.0,-20.0,-20.0,-20.0,0.0
71.53405022621155,0.0,0.00021250000000000568,0.0,95.0,0,0,0.0,0.0,20.0,0.0,-20.0,-20.0,-20.0,0.0
71.61004686355591,0.0,0.00021250000000000568,0.0,95.0,0,0,0.0,0.0,20.0,0.0,-20.0,-20.0,-20.0,0.0
71.68913960456848,0.0,0.00021250000000000568,0.0,95.0,0,0,0.0,0.0,20.0,0.0,-20.0,-20.0,-20.0,0.0
71.76568508148193,0.0,0.00021250000000000568,0.0,95.0,0,0,0.0,0.0,20.0,0.0,-20.0,-20.0,-20.0,0.0
71.84469032287598,0.0,0.00021250000000000568,0.0,95.0,0,0,0.0,0.0,20.0,0.0,-20.0,-20.0,-20.0,0.0
71.92468976974487,0.0,0.00021250000000000568,0.0,95.0,0,0,0.0,0.0,20.0,0.0,-20.0,-20.0,-20.0,0.0
72.00368785858154,0.0,0.00021250000000000568,0.0,95.0,0,0,0.0,0.0,20.0,0.0,-20.0,-20.0,-20.0,0.0
72.08269190788269,0.0,0.00021250000000000568,0.0,95.0,0,0,0.0,0.0,20.0,0.0,-20.0,-20.0,-20.0,0.0
72.18968534469604,0.0,0.00021250000000000568,0.0,95.0,0,0,0.0,0.0,20.0,0.0,-20.0,-20.0,-20.0,0.0
72.2656843662262,0.0,0.00021250000000000568,0.0,95.0,0,0,0.0,0.0,20.0,0.0,-20.0,-20.0,-20.0,0.0
72.34268999099731,0.0,0.00021250000000000568,0.0,95.0,0,0,0.0,0.0,20.0,0.0,-20.0,-20.0,-20.0,0.0
72.42168474197388,0.0,0.00021250000000000568,0.0,95.0,0,0,0.0,0.0,20.0,0.0,-20.0,-20.0,-20.0,0.0
72.49868607521057,0.0,0.00021250000000000568,0.0,95.0,0,0,0.0,0.0,20.0,0.0,-20.0,-20.0,-20.0,0.0
72.5776937007904,0.0,0.00021250000000000568,0.0,95.0,0,0,0.0,0.0,20.0,0.0,-20.0,-20.0,-20.0,0.0
72.6556830406189,0.0,0.00021250000000000568,0.0,95.0,0,0,0.0,0.0,20.0,0.0,-20.0,-20.0,-20.0,0.0
72.73368692398071,0.0,0.00021250000000000568,0.0,95.0,0,0,0.0,0.0,20.0,0.0,-20.0,-20.0,-20.0,0.0
72.81368613243103,0.0,0.00021250000000000568,0.0,95.0,0,0,0.0,0.0,20.0,0.0,-20.0,-20.0,-20.0,0.0
72.89068388938904,0.0,0.00021250000000000568,0.0,95.0,0,0,0.0,0.0,20.0,0.0,-20.0,-20.0,-20.0,0.0
72.97068500518799,0.0,0.00021250000000000568,0.0,95.0,0,0,0.0,0.0,20.0,0.0,-20.0,-20.0,-20.0,0.0
73.04868817329407,0.0,0.00013749999999998862,0.0,95.0,0,0,0.0,0.0,20.0,0.0,-20.0,-20.0,-20.0,0.0
73.1268162727356,0.0,0.00013749999999998862,0.0,95.0,0,0,0.0,0.0,20.0,0.0,-20.0,-20.0,-20.0,0.0
73.22281885147095,0.0,0.00013749999999998862,0.0,95.0,0,0,0.0,0.0,20.0,0.0,-20.0,-20.0,-20.0,0.0
73.3088207244873,0.0,0.00013749999999998862,0.0,95.0,0,0,0.0,0.0,20.0,0.0,-20.0,-20.0,-20.0,0.0
73.38582038879395,0.0,0.00013749999999998862,0.0,95.0,0,0,0.0,0.0,20.0,0.0,-20.0,-20.0,-20.0,0.0
73.46481966972351,0.0,0.00013749999999998862,0.0,95.0,0,0,0.0,0.0,20.0,0.0,-20.0,-20.0,-20.0,0.0
73.54138088226318,0.0,0.00013749999999998862,0.0,95.0,0,0,0.0,0.0,20.0,0.0,-20.0,-20.0,-20.0,0.0
73.61838579177856,0.0,0.00013749999999998862,0.0,95.0,0,0,0.0,0.0,20.0,0.0,-20.0,-20.0,-20.0,0.0
73.6943793296814,0.0,0.00013749999999998862,0.0,95.0,0,0,0.0,0.0,20.0,0.0,-20.0,-20.0,-20.0,0.0
73.77238655090332,0.0,0.00013749999999998862,0.0,95.0,0,0,0.0,0.0,20.0,0.0,-20.0,-20.0,-20.0,0.0
73.85139107704163,0.0,0.00013749999999998862,0.0,95.0,0,0,0.0,0.0,20.0,0.0,-20.0,-20.0,-20.0,0.0
73.93039155006409,0.0,0.00013749999999998862,0.0,95.0,0,0,0.0,0.0,20.0,0.0,-20.0,-20.0,-20.0,0.0
74.00939083099365,0.0,0.00013749999999998862,0.0,95.0,0,0,0.0,0.0,20.0,0.0,-20.0,-20.0,-20.0,0.0
74.08738255500793,0.0,0.00013749999999998862,0.0,95.0,0,0,0.0,0.0,20.0,0.0,-20.0,-20.0,-20.0,0.0
74.16538548469543,0.0,0.00013749999999998862,0.0,95.0,0,0,0.0,0.0,20.0,0.0,-20.0,-20.0,-20.0,0.0
74.24091839790344,0.0,0.00013749999999998862,0.0,95.0,0,0,0.0,0.0,20.0,0.0,-20.0,-20.0,-20.0,0.0
74.34292840957642,0.0,0.00013749999999998862,0.0,95.0,0,0,0.0,0.0,20.0,0.0,-20.0,-20.0,-20.0,0.0
74.41991877555847,0.0,0.00013749999999998862,0.0,95.0,0,0,0.0,0.0,20.0,0.0,-20.0,-20.0,-20.0,0.0
74.49591827392578,0.0,0.00013749999999998862,0.0,95.0,0,0,0.0,0.0,20.0,0.0,-20.0,-20.0,-20.0,0.0
74.57492208480835,0.0,0.00013749999999998862,0.0,95.0,0,0,0.0,0.0,20.0,0.0,-20.0,-20.0,-20.0,0.0
74.6509416103363,0.0,0.00013749999999998862,0.0,95.0,0,0,0.0,0.0,20.0,0.0,-20.0,-20.0,-20.0,0.0
74.73044276237488,0.0,0.00013749999999998862,0.0,95.0,0,0,0.0,0.0,20.0,0.0,-20.0,-20.0,-20.0,0.0