Current Date: Thu 08 Sep 2022 21:42:18
Object Position (x,y,z)(m): 0,0,-0.305
Target Position (x,y,z)(m): 0.15,0.15,-0.31
Time,x (m),y (m),z (m),grasp angle (deg),force,Buffer Length,Move to Pre Grasp,Move to grasp,grasp,lift after grasp,move to pre release,move to release,release,lift after release
0.1419353485107422,0.0,0.0,0.0,66.35211181640625,0,0,20.0,0.0,0.0,-20.0,0.0,-20.0,-20.0,0.0
0.22093486785888672,0.0,0.0,-0.0007300000000000182,66.35211181640625,0,1,20.0,0.0,0.0,-20.0,0.0,-20.0,-20.0,0.0
0.31693601608276367,0.0,0.0,-0.001990000000000009,66.35211181640625,0,2,20.0,0.0,0.0,-20.0,0.0,-20.0,-20.0,0.0
0.40993475914001465,0.0,0.0,-0.004355000000000019,66.35211181640625,0,3,20.0,0.0,0.0,-20.0,0.0,-20.0,-20.0,0.0
0.4919393062591553,0.0,0.0,-0.007379999999999995,66.35211181640625,0,4,20.0,0.0,0.0,-20.0,0.0,-20.0,-20.0,0.0
0.5879366397857666,0.0,0.0,-0.009587499999999978,66.35211181640625,0,5,20.0,0.0,0.0,-20.0,0.0,-20.0,-20.0,0.0
0.6674606800079346,0.0,0.0,-0.011327499999999987,66.35211181640625,0,6,20.0,0.0,0.0,-20.0,0.0,-20.0,-20.0,0.0
0.7469801902770996,0.0,0.0,-0.012067499999999995,66.35211181640625,0,7,20.0,0.0,0.0,-20.0,0.0,-20.0,-20.0,0.0
0.82254958152771,0.0,0.0,-0.012332499999999982,66.35211181640625,0,7,20.0,0.0,0.0,-20.0,0.0,-20.0,-20.0,0.0
0.9365553855895996,0.0,0.0,-0.013024999999999978,66.35211181640625,0,8,20.0,0.0,0.0,-20.0,0.0,-20.0,-20.0,0.0
1.040734052658081,0.0,0.0,-0.01529000000000002,66.35211181640625,0,9,20.0,0.0,0.0,-20.0,0.0,-20.0,-20.0,0.0
1.1127421855926514,0.0,0.0,-0.018199999999999987,66.35211181640625,0,10,20.0,0.0,0.0,-20.0,0.0,-20.0,-20.0,0.0
1.185319423675537,0.0,0.0,-0.020694999999999995,66.35211181640625,0,10,20.0,0.0,0.0,-20.0,0.0,-20.0,-20.0,0.0
1.2532994747161865,0.0,0.0,-0.023225000000000023,66.35211181640625,0,10,20.0,0.0,0.0,-20.0,0.0,-20.0,-20.0,0.0
1.3342971801757812,0.0,0.0,-0.025610000000000015,66.35211181640625,0,9,20.0,0.0,0.0,-20.0,0.0,-20.0,-20.0,0.0
1.405303716659546,0.0,0.0,-0.028420000000000015,66.35211181640625,0,10,20.0,0.0,0.0,-20.0,0.0,-20.0,-20.0,0.0
1.4752962589263916,0.0,0.0,-0.030935,66.35211181640625,0,10,20.0,0.0,0.0,-20.0,0.0,-20.0,-20.0,0.0
1.5458242893218994,0.0,0.0,-0.03333499999999998,66.35211181640625,0,10,20.0,0.0,0.0,-20.0,0.0,-20.0,-20.0,0.0
1.6438348293304443,0.0,0.0,-0.035839999999999976,66.35211181640625,0,9,20.0,0.0,0.0,-20.0,0.0,-20.0,-20.0,0.0
1.7158665657043457,0.0,0.0,-0.039245,66.35211181640625,0,10,20.0,0.0,0.0,-20.0,0.0,-20.0,-20.0,0.0
1.787872552871704,0.0,0.0,-0.041745000000000004,66.35211181640625,0,10,20.0,0.0,0.0,-20.0,0.0,-20.0,-20.0,0.0
1.859870433807373,0.0,0.0,-0.04425,66.35211181640625,0,10,20.0,0.0,0.0,-20.0,0.0,-20.0,-20.0,0.0
1.940403699874878,0.0,0.0,-0.046769999999999985,66.35211181640625,0,9,20.0,0.0,0.0,-20.0,0.0,-20.0,-20.0,0.0
2.052400588989258,0.0,0.0,-0.05047000000000003,66.35211181640625,0,10,20.0,0.0,0.0,-20.0,0.0,-20.0,-20.0,0.0
2.13340163230896,0.0,0.0,-0.053800000000000014,66.35211181640625,0,10,20.0,0.0,0.0,-20.0,0.0,-20.0,-20.0,0.0
2.203402280807495,0.0,0.0,-0.05631,66.35211181640625,0,10,20.0,0.0,0.0,-20.0,0.0,-20.0,-20.0,0.0
2.2864084243774414,0.0,0.0,-0.058754999999999995,66.35211181640625,0,9,20.0,0.0,0.0,-20.0,0.0,-20.0,-20.0,0.0
2.358397960662842,0.0,0.0,-0.06161000000000001,66.35211181640625,0,10,20.0,0.0,0.0,-20.0,0.0,-20.0,-20.0,0.0
2.4263994693756104,0.0,0.0,-0.06415000000000001,66.35211181640625,0,10,20.0,0.0,0.0,-20.0,0.0,-20.0,-20.0,0.0
2.5244088172912598,0.0,0.0,-0.06650999999999999,66.35211181640625,0,9,20.0,0.0,0.0,-20.0,0.0,-20.0,-20.0,0.0
2.5974063873291016,0.0,0.0,-0.06991499999999999,66.35211181640625,0,10,20.0,0.0,0.0,-20.0,0.0,-20.0,-20.0,0.0
2.6634044647216797,0.0,0.0,-0.07245500000000002,66.35211181640625,0,10,20.0,0.0,0.0,-20.0,0.0,-20.0,-20.0,0.0
2.7334017753601074,0.0,0.0,-0.07476,66.35211181640625,0,10,20.0,0.0,0.0,-20.0,0.0,-20.0,-20.0,0.0
2.81239914894104,0.0,0.0,-0.07719,66.35211181640625,0,9,20.0,0.0,0.0,-20.0,0.0,-20.0,-20.0,0.0
2.8843994140625,0.0,0.0,-0.07997,66.35211181640625,0,10,20.0,0.0,0.0,-20.0,0.0,-20.0,-20.0,0.0
2.9584121704101562,0.0,0.0,-0.08247499999999999,66.35211181640625,0,10,20.0,0.0,0.0,-20.0,0.0,-20.0,-20.0,0.0
3.0553996562957764,0.0,0.0,-0.08503999999999999,66.35211181640625,0,9,20.0,0.0,0.0,-20.0,0.0,-20.0,-20.0,0.0
3.12640643119812,0.0,0.0,-0.088415,66.35211181640625,0,10,20.0,0.0,0.0,-20.0,0.0,-20.0,-20.0,0.0
3.2184042930603027,0.0,0.0,-0.09111000000000001,66.35211181640625,0,10,20.0,0.0,0.0,-20.0,0.0,-20.0,-20.0,0.0
3.321399211883545,0.0,0.0,-0.09437999999999999,66.35211181640625,0,9,20.0,0.0,0.0,-20.0,0.0,-20.0,-20.0,0.0
3.3934006690979004,0.0,0.0,-0.09766999999999999,66.35211181640625,0,10,20.0,0.0,0.0,-20.0,0.0,-20.0,-20.0,0.0
3.466404438018799,0.0,0.0,-0.10022,66.35211181640625,0,10,20.0,0.0,0.0,-20.0,0.0,-20.0,-20.0,0.0
3.5474014282226562,0.0,0.0,-0.10274000000000001,66.35211181640625,0,9,20.0,0.0,0.0,-20.0,0.0,-20.0,-20.0,0.0
3.6184005737304688,0.0,0.0,-0.10554499999999999,66.35211181640625,0,10,20.0,0.0,0.0,-20.0,0.0,-20.0,-20.0,0.0
3.689401626586914,0.0,0.0,-0.10804,66.35211181640625,0,10,20.0,0.0,0.0,-20.0,0.0,-20.0,-20.0,0.0
3.768399953842163,0.0,0.0,-0.110535,66.35211181640625,0,9,20.0,0.0,0.0,-20.0,0.0,-20.0,-20.0,0.0
3.8404059410095215,0.0,0.0,-0.113255,66.35211181640625,0,10,20.0,0.0,0.0,-20.0,0.0,-20.0,-20.0,0.0
3.9083995819091797,0.0,0.0,-0.115755,66.35211181640625,0,10,20.0,0.0,0.0,-20.0,0.0,-20.0,-20.0,0.0
3.9804022312164307,0.0,0.0,-0.11813,66.35211181640625,0,10,20.0,0.0,0.0,-20.0,0.0,-20.0,-20.0,0.0
4.051415205001831,0.0,0.0,-0.12063499999999999,66.35211181640625,0,10,20.0,0.0,0.0,-20.0,0.0,-20.0,-20.0,0.0
4.121930837631226,0.0,0.0,-0.12312000000000001,66.35211181640625,0,10,20.0,0.0,0.0,-20.0,0.0,-20.0,-20.0,0.0
4.19093132019043,0.0,0.0,-0.12559,66.35211181640625,0,10,20.0,0.0,0.0,-20.0,0.0,-20.0,-20.0,0.0
4.261937141418457,0.0,0.0,-0.12797999999999998,66.35211181640625,0,10,20.0,0.0,0.0,-20.0,0.0,-20.0,-20.0,0.0
4.33494758605957,0.0,0.0,-0.13046000000000002,66.35211181640625,0,10,20.0,0.0,0.0,-20.0,0.0,-20.0,-20.0,0.0
4.433475494384766,0.0,0.0,-0.1336,66.35211181640625,0,10,20.0,0.0,0.0,-20.0,0.0,-20.0,-20.0,0.0
4.507482290267944,0.0,0.0,-0.136595,66.35211181640625,0,10,20.0,0.0,0.0,-20.0,0.0,-20.0,-20.0,0.0
4.577994108200073,0.0,0.0,-0.139025,66.35211181640625,0,10,20.0,0.0,0.0,-20.0,0.0,-20.0,-20.0,0.0
4.6579999923706055,0.0,0.0,-0.14146,66.35211181640625,0,9,20.0,0.0,0.0,-20.0,0.0,-20.0,-20.0,0.0
4.729996919631958,0.0,0.0,-0.144245,66.35211181640625,0,10,20.0,0.0,0.0,-20.0,0.0,-20.0,-20.0,0.0
4.802996397018433,0.0,0.0,-0.14679499999999998,66.35211181640625,0,10,20.0,0.0,0.0,-20.0,0.0,-20.0,-20.0,0.0
4.873000621795654,0.0,0.0,-0.149305,66.35211181640625,0,10,20.0,0.0,0.0,-20.0,0.0,-20.0,-20.0,0.0
4.941995143890381,0.0,0.0,-0.15175999999999998,66.35211181640625,0,10,20.0,0.0,0.0,-20.0,0.0,-20.0,-20.0,0.0
5.013999938964844,0.0,0.0,-0.15416,66.35211181640625,0,10,20.0,0.0,0.0,-20.0,0.0,-20.0,-20.0,0.0
5.084002256393433,0.0,0.0,-0.156655,66.35211181640625,0,10,20.0,0.0,0.0,-20.0,0.0,-20.0,-20.0,0.0
5.15599799156189,0.0,0.0,-0.15911,66.35211181640625,0,10,20.0,0.0,0.0,-20.0,0.0,-20.0,-20.0,0.0
5.229997873306274,0.0,0.0,-0.16161,66.35211181640625,0,10,20.0,0.0,0.0,-20.0,0.0,-20.0,-20.0,0.0
5.301995515823364,0.0,0.0,-0.16418000000000002,66.35211181640625,0,10,20.0,0.0,0.0,-20.0,0.0,-20.0,-20.0,0.0
5.382004976272583,0.0,0.0,-0.166685,66.35211181640625,0,9,20.0,0.0,0.0,-20.0,0.0,-20.0,-20.0,0.0
5.452996015548706,0.0,0.0,-0.169505,66.35211181640625,0,10,20.0,0.0,0.0,-20.0,0.0,-20.0,-20.0,0.0
5.551007270812988,0.0,0.0,-0.17242500000000002,66.35211181640625,0,10,20.0,0.0,0.0,-20.0,0.0,-20.0,-20.0,0.0
5.6299965381622314,0.0,0.0,-0.175625,66.35211181640625,0,10,20.0,0.0,0.0,-20.0,0.0,-20.0,-20.0,0.0
5.700003385543823,0.0,0.0,-0.17810499999999999,66.35211181640625,0,10,20.0,0.0,0.0,-20.0,0.0,-20.0,-20.0,0.0
5.766996383666992,0.0,0.0,-0.18057499999999999,66.35211181640625,0,10,20.0,0.0,0.0,-20.0,0.0,-20.0,-20.0,0.0
5.838999271392822,0.0,0.0,-0.18287,66.35211181640625,0,10,20.0,0.0,0.0,-20.0,0.0,-20.0,-20.0,0.0
5.909995794296265,0.0,0.0,-0.18541999999999997,66.35211181640625,0,10,20.0,0.0,0.0,-20.0,0.0,-20.0,-20.0,0.0
6.005996942520142,0.0,0.0,-0.187865,66.35211181640625,0,9,20.0,0.0,0.0,-20.0,0.0,-20.0,-20.0,0.0
6.078006744384766,0.0,0.0,-0.19125,66.35211181640625,0,10,20.0,0.0,0.0,-20.0,0.0,-20.0,-20.0,0.0
6.1469972133636475,0.0,0.0,-0.19376,66.35211181640625,0,10,20.0,0.0,0.0,-20.0,0.0,-20.0,-20.0,0.0
6.21899676322937,0.0,0.0,-0.196135,66.35211181640625,0,10,20.0,0.0,0.0,-20.0,0.0,-20.0,-20.0,0.0
6.2920002937316895,0.0,0.0,-0.198645,66.35211181640625,0,10,20.0,0.0,0.0,-20.0,0.0,-20.0,-20.0,0.0
6.360994577407837,0.0,0.0,-0.20120999999999997,66.35211181640625,0,10,20.0,0.0,0.0,-20.0,0.0,-20.0,-20.0,0.0
6.430998086929321,0.0,0.0,-0.203595,66.35211181640625,0,10,20.0,0.0,0.0,-20.0,0.0,-20.0,-20.0,0.0
6.5290021896362305,0.0,0.0,-0.206025,66.35211181640625,0,9,20.0,0.0,0.0,-20.0,0.0,-20.0,-20.0,0.0
6.597994804382324,0.0,0.0,-0.20944,66.35211181640625,0,10,20.0,0.0,0.0,-20.0,0.0,-20.0,-20.0,0.0
6.679737567901611,0.0,0.0,-0.211845,66.35211181640625,0,10,20.0,0.0,0.0,-20.0,0.0,-20.0,-20.0,0.0
6.769968271255493,0.0,0.0,-0.21510500000000002,66.35211181640625,0,10,20.0,0.0,0.0,-20.0,0.0,-20.0,-20.0,0.0
6.867967128753662,0.0,0.0,-0.2181,66.35211181640625,0,9,20.0,0.0,0.0,-20.0,0.0,-20.0,-20.0,0.0
6.934966325759888,0.0,0.0,-0.221245,66.35211181640625,0,10,20.0,0.0,0.0,-20.0,0.0,-20.0,-20.0,0.0
7.006972312927246,0.0,0.0,-0.2236,66.35211181640625,0,10,20.0,0.0,0.0,-20.0,0.0,-20.0,-20.0,0.0
7.071965456008911,0.0,0.0,-0.22611,66.35211181640625,0,10,20.0,0.0,0.0,-20.0,0.0,-20.0,-20.0,0.0
7.1419689655303955,0.0,0.0,-0.22838999999999998,66.35211181640625,0,10,20.0,0.0,0.0,-20.0,0.0,-20.0,-20.0,0.0
7.236967086791992,0.0,0.0,-0.230825,66.35211181640625,0,9,0.0,20.0,0.0,0.0,-20.0,-20.0,-20.0,0.0
7.307973146438599,0.0,0.0,-0.23411,66.35211181640625,0,10,0.0,20.0,0.0,0.0,-20.0,-20.0,-20.0,0.0
7.380498170852661,0.0,0.0,-0.236605,66.35211181640625,0,10,0.0,20.0,0.0,0.0,-20.0,-20.0,-20.0,0.0
7.474501609802246,0.0,0.0,-0.23912,66.35211181640625,0,9,0.0,20.0,0.0,0.0,-20.0,-20.0,-20.0,0.0
7.547511100769043,0.0,0.0,-0.242385,66.35211181640625,0,10,0.0,20.0,0.0,0.0,-20.0,-20.0,-20.0,0.0
7.622500896453857,0.0,0.0,-0.24495,66.35211181640625,0,10,0.0,20.0,0.0,0.0,-20.0,-20.0,-20.0,0.0
7.717498540878296,0.0,0.0,-0.24756,66.35211181640625,0,9,0.0,20.0,0.0,0.0,-20.0,-20.0,-20.0,0.0
7.78849983215332,0.0,0.0,-0.25088,66.35211181640625,0,10,0.0,20.0,0.0,0.0,-20.0,-20.0,-20.0,0.0
7.920500040054321,0.0,0.0,-0.253545,66.35211181640625,0,9,0.0,20.0,0.0,0.0,-20.0,-20.0,-20.0,0.0
7.99049973487854,0.0,0.0,-0.2581,66.35211181640625,0,10,0.0,20.0,0.0,0.0,-20.0,-20.0,-20.0,0.0
8.084498643875122,0.0,0.0,-0.26037,66.35211181640625,0,9,0.0,20.0,0.0,0.0,-20.0,-20.0,-20.0,0.0
8.157498836517334,0.0,0.0,-0.2637,66.35211181640625,0,10,0.0,20.0,0.0,0.0,-20.0,-20.0,-20.0,0.0
8.228497982025146,0.0,0.0,-0.266195,66.35211181640625,0,10,0.0,20.0,0.0,0.0,-20.0,-20.0,-20.0,0.0
8.30250096321106,0.0,0.0,-0.26869,66.35211181640625,0,10,0.0,20.0,0.0,0.0,-20.0,-20.0,-20.0,0.0
8.373503684997559,0.0,0.0,-0.27122500000000005,66.35211181640625,0,10,0.0,20.0,0.0,0.0,-20.0,-20.0,-20.0,0.0
8.444498777389526,0.0,0.0,-0.27371500000000004,66.35211181640625,0,10,0.0,20.0,0.0,0.0,-20.0,-20.0,-20.0,0.0
8.5155029296875,0.0,0.0,-0.27619,66.35211181640625,0,10,0.0,20.0,0.0,0.0,-20.0,-20.0,-20.0,0.0
8.61301302909851,0.0,0.0,-0.278705,66.35211181640625,0,9,0.0,20.0,0.0,0.0,-20.0,-20.0,-20.0,0.0
8.683021306991577,0.0,0.0,-0.28206,66.35211181640625,0,10,0.0,20.0,0.0,0.0,-20.0,-20.0,-20.0,0.0
8.752019166946411,0.0,0.0,-0.28452,66.35211181640625,0,10,0.0,20.0,0.0,0.0,-20.0,-20.0,-20.0,0.0
8.848012685775757,0.0,0.0,-0.28691500000000003,66.35211181640625,0,9,0.0,20.0,0.0,0.0,-20.0,-20.0,-20.0,0.0
8.916011810302734,0.0,0.0,-0.290225,66.35211181640625,0,10,0.0,20.0,0.0,0.0,-20.0,-20.0,-20.0,0.0
9.049524784088135,0.0,0.0,-0.292625,66.35211181640625,0,9,0.0,20.0,0.0,0.0,-20.0,-20.0,-20.0,0.0
9.223527669906616,0.0,0.0,-0.29719,95.0,0,8,0.0,0.0,20.0,0.0,-20.0,-20.0,-20.0,0.0
9.320524215698242,0.0,0.0,-0.3002525,95.0,0,5,0.0,0.0,20.0,0.0,-20.0,-20.0,-20.0,0.0
9.41652774810791,0.0,0.0,-0.30148250000000004,95.0,0,4,0.0,0.0,20.0,0.0,-20.0,-20.0,-20.0,0.0
9.494537115097046,0.0,0.0,-0.3021875,95.0,0,3,0.0,0.0,20.0,0.0,-20.0,-20.0,-20.0,0.0
9.572527885437012,0.0,0.0,-0.30246,95.0,0,1,0.0,0.0,20.0,0.0,-20.0,-20.0,-20.0,0.0
9.651539325714111,0.0,0.0,-0.30263,95.0,0,0,0.0,0.0,20.0,0.0,-20.0,-20.0,-20.0,0.0
9.729525566101074,0.0,0.0,-0.30273,95.0,0,0,0.0,0.0,20.0,0.0,-20.0,-20.0,-20.0,0.0
9.825536727905273,0.0,0.0,-0.30282,95.0,0,0,0.0,0.0,20.0,0.0,-20.0,-20.0,-20.0,0.0
9.906538486480713,0.0,0.0,-0.3029,95.0,0,0,0.0,0.0,20.0,0.0,-20.0,-20.0,-20.0,0.0
9.984536409378052,0.0,0.0,-0.30299,95.0,0,0,0.0,0.0,20.0,0.0,-20.0,-20.0,-20.0,0.0
10.078155517578125,0.0,0.0,-0.30307,95.0,0,0,0.0,0.0,20.0,0.0,-20.0,-20.0,-20.0,0.0
10.180157661437988,0.0,0.0,-0.30315,95.0,0,0,0.0,0.0,20.0,0.0,-20.0,-20.0,-20.0,0.0
10.274677515029907,0.0,0.0,-0.30322000000000005,95.0,0,0,0.0,0.0,20.0,0.0,-20.0,-20.0,-20.0,0.0
10.353205680847168,0.0,0.0,-0.30329,95.0,0,0,0.0,0.0,20.0,0.0,-20.0,-20.0,-20.0,0.0
10.432214975357056,0.0,0.0,-0.30336,95.0,0,0,0.0,0.0,20.0,0.0,-20.0,-20.0,-20.0,0.0
10.51320743560791,0.0,0.0,-0.30342,95.0,0,0,0.0,0.0,20.0,0.0,-20.0,-20.0,-20.0,0.0
10.591217279434204,0.0,0.0,-0.30349,95.0,0,0,0.0,0.0,20.0,0.0,-20.0,-20.0,-20.0,0.0
10.6872079372406,0.0,0.0,-0.30355,95.0,0,0,0.0,0.0,20.0,0.0,-20.0,-20.0,-20.0,0.0
10.765208005905151,0.0,0.0,-0.30361,95.0,0,0,0.0,0.0,20.0,0.0,-20.0,-20.0,-20.0,0.0
10.842210292816162,0.0,0.0,-0.30366000000000004,95.0,0,0,0.0,0.0,20.0,0.0,-20.0,-20.0,-20.0,0.0
10.921213388442993,0.0,0.0,-0.30372000000000005,95.0,0,0,0.0,0.0,20.0,0.0,-20.0,-20.0,-20.0,0.0
11.000210762023926,0.0,0.0,-0.30377,95.0,0,0,0.0,0.0,20.0,0.0,-20.0,-20.0,-20.0,0.0
11.080207824707031,0.0,0.0,-0.30382,95.0,0,0,0.0,0.0,20.0,0.0,-20.0,-20.0,-20.0,0.0
11.15920376777649,0.0,0.0,-0.30386,95.0,0,0,0.0,0.0,20.0,0.0,-20.0,-20.0,-20.0,0.0
11.257211446762085,0.0,0.0,-0.30391,95.0,0,0,0.0,0.0,20.0,0.0,-20.0,-20.0,-20.0,0.0
11.345205068588257,0.0,0.0,-0.30395,95.0,0,0,0.0,0.0,20.0,0.0,-20.0,-20.0,-20.0,0.0
11.420204877853394,0.0,0.0,-0.30399,95.0,0,0,0.0,0.0,20.0,0.0,-20.0,-20.0,-20.0,0.0
11.497209548950195,0.0,0.0,-0.30402999999999997,95.0,0,0,0.0,0.0,20.0,0.0,-20.0,-20.0,-20.0,0.0
11.57721757888794,0.0,0.0,-0.30407,95.0,0,0,0.0,0.0,20.0,0.0,-20.0,-20.0,-20.0,0.0
11.654205322265625,0.0,0.0,-0.30411,95.0,0,0,0.0,0.0,20.0,0.0,-20.0,-20.0,-20.0,0.0
11.75021481513977,0.0,0.0,-0.30415,95.0,0,0,0.0,0.0,20.0,0.0,-20.0,-20.0,-20.0,0.0
11.827731847763062,0.0,0.0,-0.30418,95.0,0,0,0.0,0.0,20.0,0.0,-20.0,-20.0,-20.0,0.0
11.90573239326477,0.0,0.0,-0.30421,95.0,0,0,0.0,0.0,20.0,0.0,-20.0,-20.0,-20.0,0.0
11.985734701156616,0.0,0.0,-0.30424,95.0,0,0,0.0,0.0,20.0,0.0,-20.0,-20.0,-20.0,0.0
12.061744213104248,0.0,0.0,-0.30427,95.0,0,0,0.0,0.0,20.0,0.0,-20.0,-20.0,-20.0,0.0
12.139732360839844,0.0,0.0,-0.3043,95.0,0,0,0.0,0.0,20.0,0.0,-20.0,-20.0,-20.0,0.0
12.219736337661743,0.0,0.0,-0.30433,95.0,0,0,0.0,0.0,20.0,0.0,-20.0,-20.0,-20.0,0.0
12.299734115600586,0.0,0.0,-0.30436,95.0,0,0,0.0,0.0,20.0,0.0,-20.0,-20.0,-20.0,0.0
12.405751466751099,0.0,0.0,-0.30438,95.0,0,0,0.0,0.0,20.0,0.0,-20.0,-20.0,-20.0,0.0
12.484730005264282,0.0,0.0,-0.30441,95.0,0,0,0.0,0.0,20.0,0.0,-20.0,-20.0,-20.0,0.0
12.559729099273682,0.0,0.0,-0.30443000000000003,95.0,0,0,0.0,0.0,20.0,0.0,-20.0,-20.0,-20.0,0.0
12.638733148574829,0.0,0.0,-0.30445,95.0,0,0,0.0,0.0,20.0,0.0,-20.0,-20.0,-20.0,0.0
12.717734336853027,0.0,0.0,-0.30448000000000003,95.0,0,0,0.0,0.0,20.0,0.0,-20.0,-20.0,-20.0,0.0
12.796395301818848,0.0,0.0,-0.3045,95.0,0,0,0.0,0.0,20.0,0.0,-20.0,-20.0,-20.0,0.0
12.876396417617798,0.0,0.0,-0.30451999999999996,95.0,0,0,0.0,0.0,20.0,0.0,-20.0,-20.0,-20.0,0.0
12.955394983291626,0.0,0.0,-0.30454000000000003,95.0,0,0,0.0,0.0,20.0,0.0,-20.0,-20.0,-20.0,0.0
13.032403230667114,0.0,0.0,-0.30456,95.0,0,0,0.0,0.0,20.0,0.0,-20.0,-20.0,-20.0,0.0
13.11239218711853,0.0,0.0,-0.30456,95.0,0,0,0.0,0.0,20.0,0.0,-20.0,-20.0,-20.0,0.0
13.190399646759033,0.0,0.0,-0.30458999999999997,95.0,0,0,0.0,0.0,20.0,0.0,-20.0,-20.0,-20.0,0.0
13.269400596618652,0.0,0.0,-0.30461,95.0,0,0,0.0,0.0,20.0,0.0,-20.0,-20.0,-20.0,0.0
13.350392580032349,0.0,0.0,-0.30461,95.0,0,0,0.0,0.0,20.0,0.0,-20.0,-20.0,-20.0,0.0
13.443390846252441,0.0,0.0,-0.30463999999999997,95.0,0,0,0.0,0.0,20.0,0.0,-20.0,-20.0,-20.0,0.0
13.530396223068237,0.0,0.0,-0.30463999999999997,95.0,0,0,0.0,0.0,20.0,0.0,-20.0,-20.0,-20.0,0.0
13.609392642974854,0.0,0.0,-0.30467,95.0,0,0,0.0,0.0,20.0,0.0,-20.0,-20.0,-20.0,0.0
13.687392950057983,0.0,0.0,-0.30467,95.0,0,0,0.0,0.0,20.0,0.0,-20.0,-20.0,-20.0,0.0
13.767401933670044,0.0,0.0,-0.30469,95.0,0,0,0.0,0.0,20.0,0.0,-20.0,-20.0,-20.0,0.0
13.859393119812012,0.0,0.0,-0.30469,95.0,0,0,0.0,0.0,20.0,0.0,-20.0,-20.0,-20.0,0.0
13.939398050308228,0.0,0.0,-0.30472000000000005,95.0,0,0,0.0,0.0,20.0,0.0,-20.0,-20.0,-20.0,0.0
14.0179283618927,0.0,0.0,-0.30472000000000005,95.0,0,0,0.0,0.0,20.0,0.0,-20.0,-20.0,-20.0,0.0
14.093930721282959,0.0,0.0,-0.30474,95.0,0,0,0.0,0.0,20.0,0.0,-20.0,-20.0,-20.0,0.0
14.173924922943115,0.0,0.0,-0.30474,95.0,0,0,0.0,0.0,20.0,0.0,-20.0,-20.0,-20.0,0.0
14.251925706863403,0.0,0.0,-0.30476,95.0,0,0,0.0,0.0,20.0,0.0,-20.0,-20.0,-20.0,0.0
14.329927444458008,0.0,0.0,-0.30476,95.0,0,0,0.0,0.0,20.0,0.0,-20.0,-20.0,-20.0,0.0
14.406929731369019,0.0,0.0,-0.30478,95.0,0,0,0.0,0.0,20.0,0.0,-20.0,-20.0,-20.0,0.0
14.485924482345581,0.0,0.0,-0.30478,95.0,0,0,0.0,0.0,20.0,0.0,-20.0,-20.0,-20.0,0.0
14.593927383422852,0.0,0.0,-0.3048,95.0,0,0,0.0,0.0,20.0,0.0,-20.0,-20.0,-20.0,0.0
14.672481775283813,0.0,0.0,-0.3048,95.0,0,0,0.0,0.0,20.0,0.0,-20.0,-20.0,-20.0,0.0
14.746482610702515,0.0,0.0,-0.3048,95.0,0,0,0.0,0.0,20.0,0.0,-20.0,-20.0,-20.0,0.0
14.825491428375244,0.0,0.0,-0.30482,95.0,0,0,0.0,0.0,20.0,0.0,-20.0,-20.0,-20.0,0.0
14.90348482131958,0.0,0.0,-0.30482,95.0,0,0,0.0,0.0,20.0,0.0,-20.0,-20.0,-20.0,0.0
14.981486082077026,0.0,0.0,-0.30482,95.0,0,0,0.0,0.0,20.0,0.0,-20.0,-20.0,-20.0,0.0
15.060482740402222,0.0,0.0,-0.30484,95.0,0,0,0.0,0.0,20.0,0.0,-20.0,-20.0,-20.0,0.0
15.138497114181519,0.0,0.0,-0.30484,95.0,0,0,0.0,0.0,20.0,0.0,-20.0,-20.0,-20.0,0.0
15.216481685638428,0.0,0.0,-0.30484,95.0,0,0,0.0,0.0,20.0,0.0,-20.0,-20.0,-20.0,0.0
15.295484066009521,0.0,0.0,-0.30486,95.0,0,0,0.0,0.0,20.0,0.0,-20.0,-20.0,-20.0,0.0
15.37448000907898,0.0,0.0,-0.30486,95.0,0,0,0.0,0.0,20.0,0.0,-20.0,-20.0,-20.0,0.0
15.452482223510742,0.0,0.0,-0.30486,95.0,0,0,0.0,0.0,20.0,0.0,-20.0,-20.0,-20.0,0.0
15.530484914779663,0.0,0.0,-0.30486,95.0,0,0,0.0,0.0,20.0,0.0,-20.0,-20.0,-20.0,0.0
15.625481605529785,0.0,0.0,-0.30488,95.0,0,0,0.0,0.0,20.0,0.0,-20.0,-20.0,-20.0,0.0
15.716488361358643,0.0,0.0,-0.30488,95.0,0,0,0.0,0.0,20.0,0.0,-20.0,-20.0,-20.0,0.0
15.792481660842896,0.0,0.0,-0.30488,95.0,0,0,0.0,0.0,20.0,0.0,-20.0,-20.0,-20.0,0.0
15.870480298995972,0.0,0.0,-0.30488,95.0,0,0,0.0,0.0,20.0,0.0,-20.0,-20.0,-20.0,0.0
15.949489831924438,0.0,0.0,-0.3049,95.0,0,0,0.0,0.0,20.0,0.0,-20.0,-20.0,-20.0,0.0
16.028485536575317,0.0,0.0,-0.3049,95.0,0,0,0.0,0.0,20.0,0.0,-20.0,-20.0,-20.0,0.0
16.10748815536499,0.0,0.0,-0.3049,95.0,0,0,0.0,0.0,20.0,0.0,-20.0,-20.0,-20.0,0.0
16.186482191085815,0.0,0.0,-0.3049,95.0,0,0,0.0,0.0,20.0,0.0,-20.0,-20.0,-20.0,0.0
16.26504635810852,0.0,0.0,-0.3049,95.0,0,0,0.0,0.0,20.0,0.0,-20.0,-20.0,-20.0,0.0
16.342052698135376,0.0,0.0,-0.30492,95.0,0,0,0.0,0.0,20.0,0.0,-20.0,-20.0,-20.0,0.0
16.42057180404663,0.0,0.0,-0.30492,95.0,0,0,0.0,0.0,20.0,0.0,-20.0,-20.0,-20.0,0.0
16.498567819595337,0.0,0.0,-0.30492,95.0,0,0,0.0,0.0,20.0,0.0,-20.0,-20.0,-20.0,0.0
16.576568365097046,0.0,0.0,-0.30492,95.0,0,0,0.0,0.0,20.0,0.0,-20.0,-20.0,-20.0,0.0
16.6545672416687,0.0,0.0,-0.30492,95.0,20,0,0.0,0.0,20.0,0.0,-20.0,-20.0,-20.0,0.0
16.760566234588623,0.0,0.0,-0.30492,95.0,20,0,-20.0,-20.0,0.0,20.0,0.0,0.0,0.0,-20.0
16.85657286643982,0.0,0.0,-0.30472000000000005,95.0,20,1,-20.0,-20.0,0.0,20.0,0.0,0.0,0.0,-20.0
16.95156502723694,0.0,0.0,-0.30365499999999995,95.0,20,2,-20.0,-20.0,0.0,20.0,0.0,0.0,0.0,-20.0
17.032581090927124,0.0,0.0,-0.30197500000000005,95.0,20,3,-20.0,-20.0,0.0,20.0,0.0,0.0,0.0,-20.0
17.111624479293823,0.0,0.0,-0.30113249999999997,95.0,20,4,-20.0,-20.0,0.0,20.0,0.0,0.0,0.0,-20.0
17.191617488861084,0.0,0.0,-0.30086250000000003,95.0,20,4,-20.0,-20.0,0.0,20.0,0.0,0.0,0.0,-20.0
17.287628889083862,0.0,0.0,-0.3002375,95.0,20,5,-20.0,-20.0,0.0,20.0,0.0,0.0,0.0,-20.0
17.38361382484436,0.0,0.0,-0.29864749999999995,95.0,20,6,-20.0,-20.0,0.0,20.0,0.0,0.0,0.0,-20.0
17.479620218276978,0.0,0.0,-0.29614999999999997,95.0,20,6,-20.0,-20.0,0.0,20.0,0.0,0.0,0.0,-20.0
17.573615550994873,0.0,0.0,-0.29287,95.0,20,6,-20.0,0.0,-20.0,20.0,0.0,0.0,0.0,-20.0
17.669617414474487,0.0,0.0,-0.28955000000000003,95.0,20,6,-20.0,0.0,-20.0,20.0,0.0,0.0,0.0,-20.0
17.78461742401123,0.0,0.0,-0.28623000000000004,95.0,20,6,-20.0,0.0,-20.0,20.0,0.0,0.0,0.0,-20.0
17.914620399475098,0.0,0.0,-0.28179000000000004,95.0,20,6,-20.0,0.0,-20.0,20.0,0.0,0.0,0.0,-20.0
18.01161479949951,0.0,0.0,-0.27765999999999996,95.0,20,6,-20.0,0.0,-20.0,20.0,0.0,0.0,0.0,-20.0
18.106614112854004,0.0,0.0,-0.27475,95.0,20,6,-20.0,0.0,-20.0,20.0,0.0,0.0,0.0,-20.0
18.203614473342896,0.0,0.0,-0.27207,95.0,20,6,-20.0,0.0,-20.0,20.0,0.0,0.0,0.0,-20.0
18.298614740371704,0.0,0.0,-0.26938999999999996,95.0,20,6,-20.0,0.0,-20.0,20.0,0.0,0.0,0.0,-20.0
18.395615577697754,0.0,0.0,-0.26684500000000005,95.0,20,6,-20.0,0.0,-20.0,20.0,0.0,0.0,0.0,-20.0
18.49261498451233,0.0,0.0,-0.264245,95.0,20,6,-20.0,0.0,-20.0,20.0,0.0,0.0,0.0,-20.0
18.59063696861267,0.0,0.0,-0.26179,95.0,20,6,-20.0,0.0,-20.0,20.0,0.0,0.0,0.0,-20.0
18.687620162963867,0.0,0.0,-0.25931,95.0,20,6,-20.0,0.0,-20.0,20.0,0.0,0.0,0.0,-20.0
18.781620502471924,0.0,0.0,-0.25694,95.0,20,5,-20.0,0.0,-20.0,20.0,0.0,0.0,0.0,-20.0
18.878617525100708,0.0,0.0,-0.25466,95.0,20,5,-20.0,0.0,-20.0,20.0,0.0,0.0,0.0,-20.0
19.02662420272827,0.0,0.0,-0.2518075,95.0,20,5,-20.0,0.0,-20.0,20.0,0.0,0.0,0.0,-20.0
19.124619960784912,0.0,0.0,-0.24908,95.0,20,4,-20.0,0.0,-20.0,20.0,0.0,0.0,0.0,-20.0
19.22061514854431,0.0,0.0,-0.24713749999999998,95.0,20,4,-20.0,0.0,-20.0,20.0,0.0,0.0,0.0,-20.0
19.317149877548218,0.0,0.0,-0.2452125,95.0,20,4,-20.0,0.0,-20.0,20.0,0.0,0.0,0.0,-20.0
19.412141799926758,0.0,0.0,-0.2432575,95.0,20,4,-20.0,0.0,-20.0,20.0,0.0,0.0,0.0,-20.0
19.508156299591064,0.0,0.0,-0.241445,95.0,20,4,-20.0,0.0,-20.0,20.0,0.0,0.0,0.0,-20.0
19.60414171218872,0.0,0.0,-0.2396525,95.0,20,4,-20.0,0.0,-20.0,20.0,0.0,0.0,0.0,-20.0
19.684142589569092,0.0,0.0,-0.2379125,95.0,20,3,-20.0,0.0,-20.0,20.0,0.0,0.0,0.0,-20.0
19.779143810272217,0.0,0.0,-0.236505,95.0,20,3,-20.0,0.0,-20.0,20.0,0.0,0.0,0.0,-20.0
19.859142541885376,0.0,0.0,-0.2348025,95.0,20,3,-20.0,0.0,-20.0,20.0,0.0,0.0,0.0,-20.0
19.95415759086609,0.0,0.0,-0.23345749999999998,95.0,20,3,-20.0,0.0,-20.0,20.0,0.0,0.0,0.0,-20.0
20.034146070480347,0.0,0.0,-0.23189249999999997,95.0,20,2,-20.0,0.0,-20.0,20.0,0.0,0.0,0.0,-20.0
20.146148443222046,0.0,0.0,-0.23058499999999998,95.0,20,2,-20.0,0.0,-20.0,20.0,0.0,0.0,0.0,-20.0
20.24114751815796,0.0,0.0,-0.22886,95.0,20,1,0.0,-20.0,-20.0,0.0,20.0,0.0,0.0,-20.0
20.320144176483154,0.0,0.0,-0.22805250000000002,95.0,20,2,0.0,-20.0,-20.0,0.0,20.0,0.0,0.0,-20.0
20.416144371032715,0.00036250000000001136,0.000125,-0.22819,95.0,20,2,0.0,-20.0,-20.0,0.0,20.0,0.0,0.0,-20.0
20.511146783828735,0.0023125,0.0007874999999999944,-0.229255,95.0,20,3,0.0,-20.0,-20.0,0.0,20.0,0.0,0.0,-20.0
20.58914351463318,0.0049375,0.0016875,-0.2306875,95.0,20,4,0.0,-20.0,-20.0,0.0,20.0,0.0,0.0,-20.0
20.668139696121216,0.0059375,0.0020250000000000055,-0.2312325,95.0,20,5,0.0,-20.0,-20.0,0.0,20.0,0.0,0.0,-20.0
20.74714183807373,0.006474999999999995,0.0022125000000000057,-0.23153,95.0,20,5,0.0,-20.0,-20.0,0.0,20.0,0.0,0.0,-20.0
20.84519052505493,0.008087500000000006,0.0027874999999999944,-0.2324125,95.0,20,6,0.0,-20.0,-20.0,0.0,20.0,0.0,0.0,-20.0
20.941142797470093,0.011637499999999988,0.004037499999999994,-0.23435250000000002,95.0,20,7,0.0,-20.0,-20.0,0.0,20.0,0.0,0.0,-20.0
21.036179780960083,0.015612500000000012,0.0054625000000000055,-0.23652249999999997,95.0,20,7,0.0,-20.0,-20.0,0.0,20.0,0.0,0.0,-20.0
21.114140033721924,0.019612500000000012,0.0069375,-0.2387125,95.0,20,7,0.0,-20.0,-20.0,0.0,20.0,0.0,0.0,-20.0
21.23216485977173,0.02280000000000001,0.008125,-0.24045249999999999,95.0,20,7,0.0,-20.0,-20.0,0.0,20.0,0.0,0.0,-20.0
21.33868432044983,0.0280625,0.010150000000000006,-0.24333249999999998,95.0,20,7,0.0,-20.0,-20.0,0.0,20.0,0.0,0.0,-20.0
21.41768169403076,0.032074999999999985,0.011712500000000006,-0.24551749999999997,95.0,20,8,0.0,-20.0,-20.0,0.0,20.0,0.0,0.0,-20.0
21.514687061309814,0.03533750000000001,0.013025000000000005,-0.2473075,95.0,20,8,0.0,-20.0,-20.0,0.0,20.0,0.0,0.0,-20.0
21.608681440353394,0.03927499999999998,0.014637499999999989,-0.2494675,95.0,20,8,0.0,-20.0,-20.0,0.0,20.0,0.0,0.0,-20.0
21.68969225883484,0.04317500000000001,0.01626249999999999,-0.2515925,95.0,20,8,0.0,-20.0,-20.0,0.0,20.0,0.0,0.0,-20.0
21.78568387031555,0.04644999999999999,0.017650000000000006,-0.25338,95.0,20,8,0.0,-20.0,-20.0,0.0,20.0,0.0,0.0,-20.0
21.879682540893555,0.05038749999999999,0.019375,-0.255535,95.0,20,8,0.0,-20.0,-20.0,0.0,20.0,0.0,0.0,-20.0
21.97468638420105,0.05419999999999999,0.021099999999999994,-0.257625,95.0,20,9,0.0,-20.0,-20.0,0.0,20.0,0.0,0.0,-20.0
22.054683685302734,0.0580625,0.02286250000000001,-0.259735,95.0,20,9,0.0,-20.0,-20.0,0.0,20.0,0.0,0.0,-20.0
22.134689331054688,0.061300000000000014,0.024400000000000005,-0.26150249999999997,95.0,20,9,0.0,-20.0,-20.0,0.0,20.0,0.0,0.0,-20.0
22.23021149635315,0.06451249999999999,0.025949999999999987,-0.2632575,95.0,20,9,0.0,-20.0,-20.0,0.0,20.0,0.0,0.0,-20.0
22.36485004425049,0.06835000000000002,0.027849999999999993,-0.265355,95.0,20,9,0.0,-20.0,-20.0,0.0,20.0,0.0,0.0,-20.0
22.46684980392456,0.07405,0.030824999999999988,-0.26847750000000004,95.0,20,8,0.0,-20.0,-20.0,0.0,20.0,0.0,0.0,-20.0
22.56286907196045,0.07776249999999998,0.0328125,-0.2705075,95.0,20,8,0.0,-20.0,-20.0,0.0,20.0,0.0,0.0,-20.0
22.658854961395264,0.0815625,0.0349375,-0.2725825,95.0,20,7,0.0,-20.0,-20.0,0.0,20.0,0.0,0.0,-20.0
22.75485062599182,0.08527499999999998,0.03710000000000002,-0.274615,95.0,20,7,0.0,-20.0,-20.0,0.0,20.0,0.0,0.0,-20.0
22.847854137420654,0.08898750000000001,0.0393125,-0.27663499999999996,95.0,20,6,0.0,-20.0,-20.0,0.0,20.0,0.0,0.0,-20.0
22.928393125534058,0.09257499999999999,0.0415625,-0.278605,95.0,20,6,0.0,-20.0,-20.0,0.0,20.0,0.0,0.0,-20.0
23.025408029556274,0.0955,0.04346249999999998,-0.2801975,95.0,20,6,0.0,-20.0,-20.0,0.0,20.0,0.0,0.0,-20.0
23.122396230697632,0.0987375,0.045649999999999975,-0.28197249999999996,95.0,20,5,0.0,-20.0,-20.0,0.0,20.0,0.0,0.0,-20.0
23.199397087097168,0.10186250000000001,0.04783749999999998,-0.2836775,95.0,20,5,0.0,-20.0,-20.0,0.0,20.0,0.0,0.0,-20.0
23.29439353942871,0.10407499999999999,0.04944999999999999,-0.2849,95.0,20,5,0.0,-20.0,-20.0,0.0,20.0,0.0,0.0,-20.0
23.372394561767578,0.10678750000000002,0.0515,-0.286375,95.0,20,4,0.0,-20.0,-20.0,0.0,20.0,0.0,0.0,-20.0
23.47640061378479,0.10897500000000002,0.053212499999999975,-0.2875725,95.0,20,4,0.0,-20.0,-20.0,0.0,20.0,0.0,0.0,-20.0
23.580908060073853,0.11189999999999997,0.055600000000000024,-0.2891725,95.0,20,3,0.0,-20.0,-20.0,0.0,20.0,0.0,0.0,-20.0
23.659908294677734,0.11446249999999998,0.05778750000000002,-0.2905675,95.0,20,2,0.0,-20.0,-20.0,0.0,20.0,0.0,0.0,-20.0
23.736907482147217,0.11647500000000002,0.05960000000000002,-0.2916725,95.0,20,2,0.0,-20.0,-20.0,0.0,20.0,0.0,0.0,-20.0
23.81291127204895,0.117875,0.06088749999999999,-0.2924325,95.0,20,2,0.0,-20.0,-20.0,0.0,20.0,0.0,0.0,-20.0
23.89190983772278,0.11832499999999999,0.061300000000000014,-0.29267750000000003,95.0,20,2,0.0,-20.0,-20.0,0.0,20.0,0.0,0.0,-20.0
23.98690915107727,0.11942500000000002,0.06236250000000001,-0.29328,95.0,20,3,0.0,-20.0,-20.0,0.0,20.0,0.0,0.0,-20.0
24.068887948989868,0.12166250000000002,0.064575,-0.2945075,95.0,20,2,0.0,-20.0,-20.0,0.0,20.0,0.0,0.0,-20.0
24.163492918014526,0.12286250000000001,0.065825,-0.29516000000000003,95.0,20,2,0.0,-20.0,-20.0,0.0,20.0,0.0,0.0,-20.0
24.23947024345398,0.12352499999999998,0.06653750000000003,-0.295525,95.0,20,2,0.0,-20.0,-20.0,0.0,20.0,0.0,0.0,-20.0
24.319480419158936,0.12410000000000002,0.06713749999999999,-0.29583499999999996,95.0,20,2,0.0,-20.0,-20.0,0.0,20.0,0.0,0.0,-20.0
24.3974711894989,0.12497500000000002,0.06808749999999998,-0.296315,95.0,20,3,0.0,-20.0,-20.0,0.0,20.0,0.0,0.0,-20.0
24.475473165512085,0.12660000000000002,0.0699375,-0.29720749999999996,95.0,20,2,0.0,-20.0,-20.0,0.0,20.0,0.0,0.0,-20.0
24.553475618362427,0.12780000000000002,0.07135000000000002,-0.297865,95.0,20,2,0.0,-20.0,-20.0,0.0,20.0,0.0,0.0,-20.0
24.68247652053833,0.1284375,0.072125,-0.2982125,95.0,20,2,0.0,-20.0,-20.0,0.0,20.0,0.0,0.0,-20.0
24.76147484779358,0.12971249999999998,0.0736875,-0.29890249999999996,95.0,20,1,0.0,-20.0,-20.0,0.0,20.0,0.0,0.0,-20.0
24.839471101760864,0.13033749999999997,0.0745,-0.2992475,95.0,20,2,0.0,-20.0,-20.0,0.0,20.0,0.0,0.0,-20.0
24.915477752685547,0.13078750000000003,0.07508749999999997,-0.29949000000000003,95.0,20,2,0.0,-20.0,-20.0,0.0,20.0,0.0,0.0,-20.0
24.995604753494263,0.131975,0.07671249999999998,-0.30014749999999996,95.0,20,2,0.0,-20.0,-20.0,0.0,20.0,0.0,0.0,-20.0
25.0746066570282,0.13276249999999998,0.07777499999999998,-0.3005775,95.0,20,2,0.0,-20.0,-20.0,0.0,20.0,0.0,0.0,-20.0
25.150607109069824,0.13333749999999997,0.078625,-0.3008925,95.0,20,2,0.0,-20.0,-20.0,0.0,20.0,0.0,0.0,-20.0
25.22760796546936,0.13378750000000003,0.07927499999999997,-0.301135,95.0,20,2,0.0,-20.0,-20.0,0.0,20.0,0.0,0.0,-20.0
25.306602954864502,0.13425,0.07995,-0.3013825,95.0,20,2,0.0,-20.0,-20.0,0.0,20.0,0.0,0.0,-20.0
25.38360285758972,0.1353125,0.08158749999999998,-0.30197,95.0,20,2,0.0,-20.0,-20.0,0.0,20.0,0.0,0.0,-20.0
25.463614463806152,0.1359625,0.082625,-0.30232749999999997,95.0,20,1,0.0,-20.0,-20.0,0.0,20.0,0.0,0.0,-20.0
25.54060387611389,0.1365,0.08351249999999999,-0.302615,95.0,20,2,-20.0,-20.0,-20.0,0.0,0.0,20.0,0.0,0.0
25.618603229522705,0.1369875,0.08432499999999998,-0.3028825,95.0,20,2,-20.0,-20.0,-20.0,0.0,0.0,20.0,0.0,0.0
25.69560718536377,0.13745,0.08511250000000001,-0.30313249999999997,95.0,20,2,-20.0,-20.0,-20.0,0.0,0.0,20.0,0.0,0.0
25.80660343170166,0.138,0.08611250000000001,-0.3034375,95.0,20,2,-20.0,-20.0,-20.0,0.0,0.0,20.0,0.0,0.0
25.885603427886963,0.13852499999999998,0.0870625,-0.3037225,95.0,20,2,-20.0,-20.0,-20.0,0.0,0.0,20.0,0.0,0.0
25.96160054206848,0.1389875,0.08791250000000002,-0.30397,95.0,20,2,-20.0,-20.0,-20.0,0.0,0.0,20.0,0.0,0.0
26.03760528564453,0.13939999999999997,0.08873750000000001,-0.30421,95.0,20,2,-20.0,-20.0,-20.0,0.0,0.0,20.0,0.0,0.0
26.1166090965271,0.13982499999999998,0.08955,-0.3044375,95.0,20,2,-20.0,-20.0,-20.0,0.0,0.0,20.0,0.0,0.0
26.19661259651184,0.14025,0.090425,-0.30466750000000004,95.0,20,2,-20.0,-20.0,-20.0,0.0,0.0,20.0,0.0,0.0
26.275607585906982,0.14066250000000002,0.09128750000000002,-0.30489,95.0,20,1,-20.0,-20.0,-20.0,0.0,0.0,20.0,0.0,0.0
26.352604389190674,0.1410375,0.09211250000000001,-0.30510750000000003,95.0,20,1,-20.0,-20.0,-20.0,0.0,0.0,20.0,0.0,0.0
26.42915177345276,0.1414375,0.09297500000000002,-0.305315,95.0,20,1,-20.0,-20.0,-20.0,0.0,0.0,20.0,0.0,0.0
26.509165287017822,0.1418125,0.093875,-0.30552749999999995,95.0,20,1,-20.0,-20.0,-20.0,0.0,0.0,20.0,0.0,0.0
26.588159322738647,0.14223750000000002,0.094875,-0.3057575,95.0,20,1,-20.0,-20.0,-20.0,0.0,0.0,20.0,0.0,0.0
26.665220737457275,0.1426375,0.0958125,-0.30597,95.0,20,1,-20.0,-20.0,-20.0,0.0,0.0,20.0,0.0,0.0
26.742239236831665,0.14292500000000002,0.096575,-0.306135,95.0,20,1,-20.0,-20.0,-20.0,0.0,0.0,20.0,0.0,0.0
26.84222412109375,0.14322500000000002,0.097325,-0.30629,95.0,20,1,-20.0,-20.0,-20.0,0.0,0.0,20.0,0.0,0.0
26.931220054626465,0.14352499999999999,0.09813749999999999,-0.30645999999999995,95.0,20,0,-20.0,-20.0,-20.0,0.0,0.0,20.0,0.0,0.0
27.01123046875,0.1437625,0.09878750000000003,-0.30658749999999996,95.0,20,1,-20.0,-20.0,-20.0,0.0,0.0,20.0,0.0,0.0
27.102314472198486,0.1440125,0.0994875,-0.30672750000000004,95.0,20,1,-20.0,-20.0,-20.0,0.0,0.0,20.0,0.0,0.0
27.1802921295166,0.144275,0.10023750000000001,-0.30687000000000003,95.0,20,0,-20.0,-20.0,-20.0,0.0,0.0,20.0,0.0,0.0
27.2592933177948,0.14447500000000002,0.10086250000000001,-0.30698000000000003,95.0,20,1,-20.0,-20.0,-20.0,0.0,0.0,20.0,0.0,0.0
27.335289478302002,0.1447,0.10153750000000002,-0.30710750000000003,95.0,20,1,-20.0,-20.0,-20.0,0.0,0.0,20.0,0.0,0.0
27.413291454315186,0.14489999999999997,0.10217500000000002,-0.30721499999999996,95.0,20,1,-20.0,-20.0,-20.0,0.0,0.0,20.0,0.0,0.0
27.49529528617859,0.145125,0.102875,-0.3073325,95.0,20,1,-20.0,-20.0,-20.0,0.0,0.0,20.0,0.0,0.0
27.573348999023438,0.1453125,0.10352499999999998,-0.3074425,95.0,20,1,-20.0,-20.0,-20.0,0.0,0.0,20.0,0.0,0.0
27.652344465255737,0.1455125,0.10416250000000002,-0.307545,95.0,20,1,-20.0,-20.0,-20.0,0.0,0.0,20.0,0.0,0.0
27.732343673706055,0.1456875,0.10478750000000002,-0.307645,95.0,20,1,-20.0,-20.0,-20.0,0.0,0.0,20.0,0.0,0.0
27.809341430664062,0.145875,0.105425,-0.3077375,95.0,20,1,-20.0,-20.0,-20.0,0.0,0.0,20.0,0.0,0.0
27.88733696937561,0.146025,0.10602499999999998,-0.3078275,95.0,20,1,-20.0,-20.0,-20.0,0.0,0.0,20.0,0.0,0.0
27.995338678359985,0.1461875,0.10664999999999998,-0.30792,95.0,20,0,-20.0,-20.0,-20.0,0.0,0.0,20.0,0.0,0.0
28.07133722305298,0.14635000000000004,0.10725,-0.308,95.0,20,0,-20.0,-20.0,-20.0,0.0,0.0,20.0,0.0,0.0
28.151342391967773,0.14648750000000002,0.1078,-0.3080775,95.0,20,1,-20.0,-20.0,-20.0,0.0,0.0,20.0,0.0,0.0
28.22634983062744,0.146625,0.10841250000000002,-0.30816000000000004,95.0,20,0,-20.0,-20.0,-20.0,0.0,0.0,20.0,0.0,0.0
28.30433964729309,0.1467625,0.10894999999999999,-0.30822750000000004,95.0,20,1,-20.0,-20.0,-20.0,0.0,0.0,20.0,0.0,0.0
28.383341312408447,0.14689999999999998,0.10952499999999998,-0.3082975,95.0,20,1,-20.0,-20.0,-20.0,0.0,0.0,20.0,0.0,0.0
28.461339712142944,0.147025,0.11010000000000002,-0.30837,95.0,20,0,-20.0,-20.0,-20.0,0.0,0.0,20.0,0.0,0.0
28.541349411010742,0.14713749999999998,0.11063749999999999,-0.30844,95.0,20,0,-20.0,-20.0,-20.0,0.0,0.0,20.0,0.0,0.0
28.620342254638672,0.14725,0.11117500000000001,-0.3085,95.0,20,0,-20.0,-20.0,-20.0,0.0,0.0,20.0,0.0,0.0
28.69733691215515,0.1473625,0.11171249999999998,-0.30856,95.0,20,0,-20.0,-20.0,-20.0,0.0,0.0,20.0,0.0,0.0
28.77534580230713,0.14747500000000002,0.11223750000000002,-0.30862,95.0,20,0,-20.0,-20.0,-20.0,0.0,0.0,20.0,0.0,0.0
28.8543438911438,0.14757499999999998,0.11276249999999999,-0.30867,95.0,20,0,-20.0,-20.0,-20.0,0.0,0.0,20.0,0.0,0.0
28.933340549468994,0.147675,0.11327499999999997,-0.30872000000000005,95.0,20,0,-20.0,-20.0,-20.0,0.0,0.0,20.0,0.0,0.0
29.029341220855713,0.1477625,0.11377499999999997,-0.30878,95.0,20,0,-20.0,-20.0,-20.0,0.0,0.0,20.0,0.0,0.0
29.116343021392822,0.14785,0.11426249999999999,-0.30882,95.0,20,0,-20.0,-20.0,-20.0,0.0,0.0,20.0,0.0,0.0
29.193341732025146,0.1479375,0.1147375,-0.3088675,95.0,20,1,-20.0,-20.0,-20.0,0.0,0.0,20.0,0.0,0.0
29.289343118667603,0.148025,0.1152375,-0.30892000000000003,95.0,20,0,-20.0,-20.0,-20.0,0.0,0.0,20.0,0.0,0.0
29.36733865737915,0.1481,0.11571249999999998,-0.30895999999999996,95.0,20,0,-20.0,-20.0,-20.0,0.0,0.0,20.0,0.0,0.0
29.445340156555176,0.148175,0.11617500000000001,-0.309,95.0,20,0,-20.0,-20.0,-20.0,0.0,0.0,20.0,0.0,0.0
29.523874282836914,0.14825,0.11664999999999998,-0.30904000000000004,95.0,20,0,-20.0,-20.0,-20.0,0.0,0.0,20.0,0.0,0.0
29.5988712310791,0.14832499999999998,0.11710000000000002,-0.30907999999999997,95.0,20,0,-20.0,-20.0,-20.0,0.0,0.0,20.0,0.0,0.0
29.677886486053467,0.14838749999999998,0.11755000000000002,-0.30912,95.0,20,0,-20.0,-20.0,-20.0,0.0,0.0,20.0,0.0,0.0
29.756413459777832,0.14845,0.118,-0.30915,95.0,20,0,-20.0,-20.0,-20.0,0.0,0.0,20.0,0.0,0.0
29.834405422210693,0.1485125,0.1184375,-0.30919,95.0,20,0,-20.0,-20.0,-20.0,0.0,0.0,20.0,0.0,0.0
29.928399324417114,0.14857499999999998,0.118875,-0.30922000000000005,95.0,20,0,-20.0,-20.0,-20.0,0.0,0.0,20.0,0.0,0.0
30.006412267684937,0.148625,0.11930000000000002,-0.30925,95.0,20,0,-20.0,-20.0,-20.0,0.0,0.0,20.0,0.0,0.0
30.10740089416504,0.148675,0.11972500000000003,-0.30928,95.0,20,0,-20.0,-20.0,-20.0,0.0,0.0,20.0,0.0,0.0
30.18740224838257,0.14873750000000002,0.120125,-0.30931000000000003,95.0,20,0,-20.0,-20.0,-20.0,0.0,0.0,20.0,0.0,0.0
30.264402389526367,0.14878750000000002,0.12053750000000002,-0.30933999999999995,95.0,20,0,-20.0,-20.0,-20.0,0.0,0.0,20.0,0.0,0.0
30.342410802841187,0.14883749999999998,0.1209375,-0.30936,95.0,20,0,-20.0,-20.0,-20.0,0.0,0.0,20.0,0.0,0.0
30.420398235321045,0.148875,0.12133749999999997,-0.30939,95.0,20,0,-20.0,-20.0,-20.0,0.0,0.0,20.0,0.0,0.0
30.49839997291565,0.148925,0.12172500000000003,-0.30941,95.0,20,0,-20.0,-20.0,-20.0,0.0,0.0,20.0,0.0,0.0
30.576404571533203,0.14897500000000002,0.122125,-0.30944,95.0,20,0,-20.0,-20.0,-20.0,0.0,0.0,20.0,0.0,0.0
30.65440273284912,0.1490125,0.1225,-0.30945999999999996,95.0,20,0,-20.0,-20.0,-20.0,0.0,0.0,20.0,0.0,0.0
30.734400749206543,0.14905000000000002,0.122875,-0.30948000000000003,95.0,20,0,-20.0,-20.0,-20.0,0.0,0.0,20.0,0.0,0.0
30.830421209335327,0.14908749999999998,0.12325,-0.3095,95.0,20,0,-20.0,-20.0,-20.0,0.0,0.0,20.0,0.0,0.0
30.907397508621216,0.149125,0.123625,-0.30951999999999996,95.0,20,0,-20.0,-20.0,-20.0,0.0,0.0,20.0,0.0,0.0
30.985399961471558,0.14916250000000003,0.12397500000000003,-0.30954000000000004,95.0,20,0,-20.0,-20.0,-20.0,0.0,0.0,20.0,0.0,0.0
31.063398838043213,0.1491875,0.12433749999999998,-0.30956,95.0,20,0,-20.0,-20.0,-20.0,0.0,0.0,20.0,0.0,0.0
31.139405250549316,0.14922500000000002,0.1246875,-0.30957999999999997,95.0,20,0,-20.0,-20.0,-20.0,0.0,0.0,20.0,0.0,0.0
31.240403413772583,0.1492625,0.12502499999999997,-0.30959,95.0,20,0,-20.0,-20.0,-20.0,0.0,0.0,20.0,0.0,0.0
31.317401885986328,0.14928750000000002,0.125375,-0.30961,95.0,20,0,-20.0,-20.0,-20.0,0.0,0.0,20.0,0.0,0.0
31.3944034576416,0.1493125,0.12571249999999998,-0.30963,95.0,20,0,-20.0,-20.0,-20.0,0.0,0.0,20.0,0.0,0.0
31.47239899635315,0.14933749999999998,0.12605000000000002,-0.30963999999999997,95.0,20,0,-20.0,-20.0,-20.0,0.0,0.0,20.0,0.0,0.0
31.54939842224121,0.149375,0.126375,-0.30965,95.0,20,0,-20.0,-20.0,-20.0,0.0,0.0,20.0,0.0,0.0
31.62740468978882,0.14938749999999998,0.12669999999999998,-0.30967,95.0,20,0,-20.0,-20.0,-20.0,0.0,0.0,20.0,0.0,0.0
31.70741629600525,0.149425,0.12702499999999997,-0.30968,95.0,20,0,-20.0,-20.0,-20.0,0.0,0.0,20.0,0.0,0.0
31.78239893913269,0.1494375,0.127325,-0.30969,95.0,20,0,-20.0,-20.0,-20.0,0.0,0.0,20.0,0.0,0.0
31.86040449142456,0.14946249999999997,0.1276375,-0.30971,95.0,20,0,-20.0,-20.0,-20.0,0.0,0.0,20.0,0.0,0.0
31.94040012359619,0.14948750000000002,0.12794999999999998,-0.30972000000000005,95.0,20,0,-20.0,-20.0,-20.0,0.0,0.0,20.0,0.0,0.0
32.017399311065674,0.1495125,0.12825,-0.30973,95.0,20,0,-20.0,-20.0,-20.0,0.0,0.0,20.0,0.0,0.0
32.09539818763733,0.14952499999999996,0.12855,-0.30974,95.0,20,0,-20.0,-20.0,-20.0,0.0,0.0,20.0,0.0,0.0
32.17139911651611,0.14953750000000002,0.12883749999999997,-0.30975,95.0,20,0,-20.0,-20.0,-20.0,0.0,0.0,20.0,0.0,0.0
32.247397661209106,0.1495625,0.129125,-0.30976,95.0,20,0,-20.0,-20.0,-20.0,0.0,0.0,20.0,0.0,0.0
32.34841513633728,0.14957499999999999,0.129425,-0.30977,95.0,20,0,-20.0,-20.0,-20.0,0.0,0.0,20.0,0.0,0.0
32.42640495300293,0.1496,0.12969999999999998,-0.30978,95.0,20,0,-20.0,-20.0,-20.0,0.0,0.0,20.0,0.0,0.0
32.50040006637573,0.1496125,0.12997500000000003,-0.30979,95.0,20,0,-20.0,-20.0,-20.0,0.0,0.0,20.0,0.0,0.0
32.57940411567688,0.149625,0.13025,-0.3098,95.0,20,0,-20.0,-20.0,-20.0,0.0,0.0,20.0,0.0,0.0
32.65794634819031,0.14963749999999998,0.13052499999999997,-0.30981000000000003,95.0,20,0,-20.0,-20.0,-20.0,0.0,0.0,20.0,0.0,0.0
32.732940673828125,0.14966250000000003,0.13078750000000003,-0.30981000000000003,95.0,20,0,-20.0,-20.0,-20.0,0.0,0.0,20.0,0.0,0.0
32.810950756073,0.149675,0.13105,-0.30982,95.0,20,0,-20.0,-20.0,-20.0,0.0,0.0,20.0,0.0,0.0
32.88594722747803,0.149675,0.1313125,-0.30983,95.0,20,0,-20.0,-20.0,-20.0,0.0,0.0,20.0,0.0,0.0
32.96194243431091,0.1497,0.131575,-0.30983,95.0,20,0,-20.0,-20.0,-20.0,0.0,0.0,20.0,0.0,0.0
33.05394148826599,0.14971249999999997,0.131825,-0.30983999999999995,95.0,20,0,-20.0,-20.0,-20.0,0.0,0.0,20.0,0.0,0.0
33.13294839859009,0.14972500000000002,0.132075,-0.30985,95.0,20,0,-20.0,-20.0,-20.0,0.0,0.0,20.0,0.0,0.0
33.212945222854614,0.14972500000000002,0.132325,-0.30985,95.0,20,0,-20.0,-20.0,-20.0,0.0,0.0,20.0,0.0,0.0
33.2889506816864,0.14973750000000002,0.1325625,-0.30986,95.0,20,0,-20.0,-20.0,-20.0,0.0,0.0,20.0,0.0,0.0
33.36448860168457,0.14975,0.1328,-0.30986,95.0,20,0,-20.0,-20.0,-20.0,0.0,0.0,20.0,0.0,0.0
33.473488330841064,0.1497625,0.13302499999999998,-0.30987,95.0,20,0,-20.0,-20.0,-20.0,0.0,0.0,20.0,0.0,0.0
33.55148696899414,0.14977499999999996,0.13327499999999998,-0.30988,95.0,20,0,-20.0,-20.0,-20.0,0.0,0.0,20.0,0.0,0.0
33.62950372695923,0.14977499999999996,0.1334875,-0.30988,95.0,20,0,-20.0,-20.0,-20.0,0.0,0.0,20.0,0.0,0.0
33.70950675010681,0.14978750000000002,0.133725,-0.30989,95.0,20,0,-20.0,-20.0,-20.0,0.0,0.0,20.0,0.0,0.0
33.7844877243042,0.14980000000000002,0.1339375,-0.30989,95.0,20,0,-20.0,-20.0,-20.0,0.0,0.0,20.0,0.0,0.0
33.86449432373047,0.1498125,0.13416250000000002,-0.30989,95.0,20,0,-20.0,-20.0,-20.0,0.0,0.0,20.0,0.0,0.0
33.94349384307861,0.1498125,0.134375,-0.30989999999999995,95.0,20,0,-20.0,-20.0,-20.0,0.0,0.0,20.0,0.0,0.0
34.021485567092896,0.14982499999999999,0.13458749999999997,-0.30989999999999995,95.0,20,0,-20.0,-20.0,-20.0,0.0,0.0,20.0,0.0,0.0
34.09749245643616,0.14982499999999999,0.1348125,-0.30991,95.0,20,0,-20.0,-20.0,-20.0,0.0,0.0,20.0,0.0,0.0
34.17350363731384,0.14983749999999998,0.13501249999999998,-0.30991,95.0,20,0,-20.0,-20.0,-20.0,0.0,0.0,20.0,0.0,0.0
34.25048804283142,0.14983749999999998,0.135225,-0.30991,95.0,20,0,-20.0,-20.0,-20.0,0.0,0.0,20.0,0.0,0.0
34.33049464225769,0.14985,0.13542500000000002,-0.30992000000000003,95.0,20,0,-20.0,-20.0,-20.0,0.0,0.0,20.0,0.0,0.0
34.40849256515503,0.1498625,0.135625,-0.30992000000000003,95.0,20,0,-20.0,-20.0,-20.0,0.0,0.0,20.0,0.0,0.0
34.50548601150513,0.1498625,0.135825,-0.30992000000000003,95.0,20,0,-20.0,-20.0,-20.0,0.0,0.0,20.0,0.0,0.0
34.59749794006348,0.149875,0.13601249999999998,-0.30993,95.0,20,0,-20.0,-20.0,-20.0,0.0,0.0,20.0,0.0,0.0
34.675504207611084,0.149875,0.1362,-0.30993,95.0,20,0,-20.0,-20.0,-20.0,0.0,0.0,20.0,0.0,0.0
34.75348949432373,0.149875,0.1363875,-0.30993,95.0,20,0,-20.0,-20.0,-20.0,0.0,0.0,20.0,0.0,0.0
34.83350133895874,0.149875,0.136575,-0.30994,95.0,20,0,-20.0,-20.0,-20.0,0.0,0.0,20.0,0.0,0.0
34.91248679161072,0.14988749999999998,0.13676249999999998,-0.30994,95.0,20,0,-20.0,-20.0,-20.0,0.0,0.0,20.0,0.0,0.0
34.99149012565613,0.14988749999999998,0.1369375,-0.30994,95.0,20,0,-20.0,-20.0,-20.0,0.0,0.0,20.0,0.0,0.0
35.06848430633545,0.14989999999999998,0.137125,-0.30994,95.0,20,0,-20.0,-20.0,-20.0,0.0,0.0,20.0,0.0,0.0
35.14648675918579,0.14989999999999998,0.1373,-0.30994,95.0,20,0,-20.0,-20.0,-20.0,0.0,0.0,20.0,0.0,0.0
35.224488973617554,0.14989999999999998,0.137475,-0.30995,95.0,20,0,-20.0,-20.0,-20.0,0.0,0.0,20.0,0.0,0.0
35.30348825454712,0.14991250000000003,0.13764999999999997,-0.30995,95.0,20,0,-20.0,-20.0,-20.0,0.0,0.0,20.0,0.0,0.0
35.37900710105896,0.14991250000000003,0.13782499999999998,-0.30995,95.0,20,0,-20.0,-20.0,-20.0,0.0,0.0,20.0,0.0,0.0
35.45600509643555,0.14991250000000003,0.13797500000000001,-0.30995,95.0,20,0,-20.0,-20.0,-20.0,0.0,0.0,20.0,0.0,0.0
35.53601050376892,0.149925,0.13814999999999997,-0.30995999999999996,95.0,20,0,-20.0,-20.0,-20.0,0.0,0.0,20.0,0.0,0.0
35.650572299957275,0.149925,0.1383125,-0.30995999999999996,95.0,20,0,-20.0,-20.0,-20.0,0.0,0.0,20.0,0.0,0.0
35.73120999336243,0.149925,0.13847500000000001,-0.30995999999999996,95.0,20,0,-20.0,-20.0,-20.0,0.0,0.0,20.0,0.0,0.0
35.81120777130127,0.149925,0.138625,-0.30995999999999996,95.0,20,0,-20.0,-20.0,-20.0,0.0,0.0,20.0,0.0,0.0
35.888230085372925,0.149925,0.13877499999999998,-0.30995999999999996,95.0,20,0,-20.0,-20.0,-20.0,0.0,0.0,20.0,0.0,0.0
35.967217683792114,0.149925,0.1389375,-0.30995999999999996,95.0,20,0,-20.0,-20.0,-20.0,0.0,0.0,20.0,0.0,0.0
36.045215368270874,0.1499375,0.13908749999999998,-0.30995999999999996,95.0,20,0,-20.0,-20.0,-20.0,0.0,0.0,20.0,0.0,0.0
36.12322735786438,0.1499375,0.13923750000000001,-0.30997,95.0,20,0,-20.0,-20.0,-20.0,0.0,0.0,20.0,0.0,0.0
36.20021343231201,0.1499375,0.1393875,-0.30997,95.0,20,0,-20.0,-20.0,-20.0,0.0,0.0,20.0,0.0,0.0
36.27720904350281,0.1499375,0.13952499999999998,-0.30997,95.0,20,0,-20.0,-20.0,-20.0,0.0,0.0,20.0,0.0,0.0
36.35621094703674,0.14995,0.13967500000000002,-0.30997,95.0,20,0,-20.0,-20.0,-20.0,0.0,0.0,20.0,0.0,0.0
36.43521332740784,0.14995,0.13982499999999998,-0.30997,95.0,20,0,-20.0,-20.0,-20.0,0.0,0.0,20.0,0.0,0.0
36.51220917701721,0.14995,0.1399625,-0.30997,95.0,20,0,-20.0,-20.0,-20.0,0.0,0.0,20.0,0.0,0.0
36.591209411621094,0.14995,0.14008749999999998,-0.30997,95.0,20,0,-20.0,-20.0,-20.0,0.0,0.0,20.0,0.0,0.0
36.6702094078064,0.14995,0.14022500000000002,-0.30997,95.0,20,0,-20.0,-20.0,-20.0,0.0,0.0,20.0,0.0,0.0
36.776209592819214,0.14996249999999997,0.1403625,-0.30998000000000003,95.0,20,0,-20.0,-20.0,-20.0,0.0,0.0,20.0,0.0,0.0
36.856215953826904,0.14996249999999997,0.14048750000000002,-0.30998000000000003,95.0,20,0,-20.0,-20.0,-20.0,0.0,0.0,20.0,0.0,0.0
36.93321442604065,0.14996249999999997,0.140625,-0.30998000000000003,95.0,20,0,-20.0,-20.0,-20.0,0.0,0.0,20.0,0.0,0.0
37.00721096992493,0.14996249999999997,0.14075,-0.30998000000000003,95.0,20,0,-20.0,-20.0,-20.0,0.0,0.0,20.0,0.0,0.0
37.14821004867554,0.14996249999999997,0.140875,-0.30998000000000003,79.74715042114258,20,0,-20.0,-20.0,-20.0,0.0,0.0,9.351501,10.648499,0.0
37.29021096229553,0.14996249999999997,0.141,-0.30998000000000003,66.35211181640625,20,0,-20.0,-20.0,-20.0,0.0,0.0,0.0,20.0,0.0
37.36621379852295,0.14997500000000002,0.141125,-0.30998000000000003,66.35211181640625,20,0,-20.0,-20.0,-20.0,0.0,0.0,0.0,20.0,0.0
37.44120955467224,0.14997500000000002,0.14125,-0.30998000000000003,66.35211181640625,20,0,-20.0,-20.0,-20.0,0.0,0.0,0.0,20.0,0.0
37.519227027893066,0.14997500000000002,0.141375,-0.30998000000000003,66.35211181640625,20,0,-20.0,-20.0,-20.0,0.0,0.0,0.0,20.0,0.0
37.59620904922485,0.14997500000000002,0.14148750000000002,-0.30998000000000003,66.35211181640625,20,0,-20.0,-20.0,-20.0,0.0,0.0,0.0,20.0,0.0
37.67421054840088,0.14997500000000002,0.14160000000000003,-0.30998000000000003,66.35211181640625,20,0,-20.0,-20.0,-20.0,0.0,0.0,0.0,20.0,0.0
37.752224922180176,0.14997500000000002,0.14172500000000002,-0.30998000000000003,66.35211181640625,20,0,-20.0,-20.0,-20.0,0.0,0.0,0.0,20.0,0.0
37.86826205253601,0.14997500000000002,0.14182499999999998,-0.30999,66.35211181640625,20,0,-20.0,-20.0,-20.0,0.0,0.0,0.0,20.0,0.0
37.94724726676941,0.14997500000000002,0.1419375,-0.30999,66.35211181640625,20,0,-20.0,-20.0,-20.0,0.0,0.0,0.0,20.0,0.0
38.02425718307495,0.14997500000000002,0.14205,-0.30999,66.35211181640625,20,0,-20.0,-20.0,-20.0,0.0,0.0,0.0,20.0,0.0
38.101253271102905,0.14997500000000002,0.14216250000000002,-0.30999,66.35211181640625,0,0,-20.0,-20.0,-20.0,0.0,0.0,0.0,20.0,0.0
38.18125033378601,0.14997500000000002,0.14227499999999998,-0.30999,66.35211181640625,0,0,0.0,0.0,0.0,-20.0,-20.0,-20.0,0.0,20.0
38.27525854110718,0.14997500000000002,0.14227499999999998,-0.30982499999999996,66.35211181640625,0,1,0.0,0.0,0.0,-20.0,-20.0,-20.0,0.0,20.0
38.354249477386475,0.14997500000000002,0.1423,-0.30882,66.35211181640625,0,2,0.0,0.0,0.0,-20.0,-20.0,-20.0,0.0,20.0
38.451268434524536,0.14997500000000002,0.14233749999999998,-0.307395,66.35211181640625,0,3,0.0,0.0,0.0,-20.0,-20.0,0.0,-20.0,20.0
38.52825093269348,0.14997500000000002,0.1423625,-0.306245,66.35211181640625,0,4,0.0,0.0,0.0,-20.0,-20.0,0.0,-20.0,20.0
38.608248710632324,0.14997500000000002,0.142375,-0.30595249999999996,66.35211181640625,0,4,0.0,0.0,0.0,-20.0,-20.0,0.0,-20.0,20.0
38.700246810913086,0.14997500000000002,0.1423875,-0.30541500000000005,66.35211181640625,0,5,0.0,0.0,0.0,-20.0,-20.0,0.0,-20.0,20.0
38.797250509262085,0.14997500000000002,0.14242500000000002,-0.303985,66.35211181640625,0,6,0.0,0.0,0.0,-20.0,-20.0,0.0,-20.0,20.0
38.910253047943115,0.14997500000000002,0.14248750000000002,-0.30161,66.35211181640625,0,6,0.0,0.0,0.0,-20.0,-20.0,0.0,-20.0,20.0
39.04325866699219,0.14997500000000002,0.1426125,-0.29729,66.35211181640625,0,6,0.0,0.0,0.0,-20.0,-20.0,0.0,-20.0,20.0
39.14178466796875,0.14997500000000002,0.14273750000000002,-0.29314999999999997,66.35211181640625,0,6,0.0,0.0,0.0,-20.0,-20.0,0.0,-20.0,20.0
39.236804246902466,0.14997500000000002,0.14283749999999998,-0.289715,66.35211181640625,0,6,0.0,0.0,0.0,-20.0,-20.0,0.0,-20.0,20.0
39.33378505706787,0.14997500000000002,0.1429375,-0.28640499999999997,66.35211181640625,0,6,0.0,0.0,0.0,-20.0,-20.0,0.0,-20.0,20.0
39.43079662322998,0.14997500000000002,0.1430375,-0.283265,66.35211181640625,0,6,0.0,0.0,0.0,-20.0,-20.0,0.0,-20.0,20.0
39.52478623390198,0.14997500000000002,0.1431375,-0.280235,66.35211181640625,0,6,0.0,0.0,0.0,-20.0,-20.0,0.0,-20.0,20.0
39.61978721618652,0.14997500000000002,0.14325,-0.277325,66.35211181640625,0,6,0.0,0.0,0.0,-20.0,-20.0,0.0,-20.0,20.0
39.71678447723389,0.14998750000000002,0.14335000000000003,-0.27438,66.35211181640625,0,6,0.0,0.0,0.0,-20.0,-20.0,0.0,-20.0,20.0
39.81380605697632,0.14998750000000002,0.1434375,-0.27159249999999996,66.35211181640625,0,6,0.0,0.0,0.0,-20.0,-20.0,0.0,-20.0,20.0
39.90979027748108,0.14998750000000002,0.14352499999999999,-0.2690425,66.35211181640625,0,6,0.0,0.0,0.0,-20.0,-20.0,0.0,-20.0,20.0
40.007784843444824,0.14998750000000002,0.143625,-0.266575,66.35211181640625,0,6,0.0,0.0,0.0,-20.0,-20.0,0.0,-20.0,20.0
40.153796672821045,0.14998750000000002,0.14375,-0.263615,66.35211181640625,0,5,0.0,0.0,0.0,-20.0,-20.0,0.0,-20.0,20.0
40.257808446884155,0.14998750000000002,0.143875,-0.26031,66.35211181640625,0,5,0.0,0.0,0.0,-20.0,-20.0,0.0,-20.0,20.0
40.35578632354736,0.14998750000000002,0.14396249999999997,-0.2581725,66.35211181640625,0,5,0.0,0.0,0.0,-20.0,-20.0,0.0,-20.0,20.0
40.45178294181824,0.14998750000000002,0.14405,-0.2561175,66.35211181640625,0,5,0.0,0.0,0.0,-20.0,-20.0,0.0,-20.0,20.0
40.53378486633301,0.14998750000000002,0.144125,-0.2541,66.35211181640625,0,4,0.0,0.0,0.0,-20.0,-20.0,0.0,-20.0,20.0
40.62978649139404,0.14998750000000002,0.14422500000000002,-0.2523975,66.35211181640625,0,4,0.0,0.0,0.0,-20.0,-20.0,0.0,-20.0,20.0
40.725786209106445,0.14998750000000002,0.1443,-0.25045999999999996,66.35211181640625,0,4,0.0,0.0,0.0,-20.0,-20.0,0.0,-20.0,20.0
40.82278347015381,0.14998750000000002,0.14439999999999997,-0.2485725,66.35211181640625,0,4,0.0,0.0,0.0,-20.0,-20.0,0.0,-20.0,20.0
40.91878294944763,0.14998750000000002,0.14448750000000002,-0.24667250000000002,66.35211181640625,0,4,0.0,0.0,0.0,-20.0,-20.0,0.0,-20.0,20.0
41.014792680740356,0.14998750000000002,0.14458749999999998,-0.2448725,66.35211181640625,0,4,0.0,0.0,0.0,-20.0,-20.0,0.0,-20.0,20.0
41.1097846031189,0.14998750000000002,0.144675,-0.24313749999999998,66.35211181640625,0,3,0.0,0.0,0.0,-20.0,-20.0,0.0,-20.0,20.0
41.246784687042236,0.14998750000000002,0.144775,-0.241425,66.35211181640625,0,3,0.0,0.0,0.0,-20.0,-20.0,0.0,-20.0,20.0
41.34378504753113,0.14998750000000002,0.14491250000000003,-0.2390175,66.35211181640625,0,2,0.0,0.0,0.0,-20.0,-20.0,0.0,-20.0,20.0
41.438798666000366,0.14998750000000002,0.1450125,-0.23741500000000001,66.35211181640625,0,2,0.0,0.0,0.0,-20.0,-20.0,0.0,-20.0,20.0
41.51779770851135,0.14998750000000002,0.14508749999999998,-0.2362625,66.35211181640625,0,2,20.0,0.0,0.0,-20.0,0.0,-20.0,-20.0,0.0
41.59578561782837,0.14998750000000002,0.14510000000000003,-0.2359675,66.35211181640625,0,2,20.0,0.0,0.0,-20.0,0.0,-20.0,-20.0,0.0
41.691789865493774,0.14998750000000002,0.14513749999999997,-0.23545249999999998,66.35211181640625,0,3,20.0,0.0,0.0,-20.0,0.0,-20.0,-20.0,0.0
41.77179193496704,0.1494375,0.14498750000000002,-0.23410750000000002,66.35211181640625,0,3,20.0,0.0,0.0,-20.0,0.0,-20.0,-20.0,0.0
41.870787620544434,0.14833749999999998,0.1446125,-0.2323775,66.35211181640625,0,4,20.0,0.0,0.0,-20.0,0.0,-20.0,-20.0,0.0
41.96801805496216,0.14641250000000003,0.14397500000000002,-0.22936250000000002,66.35211181640625,0,5,20.0,0.0,0.0,-20.0,0.0,-20.0,-20.0,0.0
42.06602072715759,0.14423750000000002,0.1432625,-0.22595749999999998,66.35211181640625,0,6,20.0,0.0,0.0,-20.0,0.0,-20.0,-20.0,0.0
42.165016651153564,0.1420625,0.14252499999999999,-0.222555,66.35211181640625,0,6,20.0,0.0,0.0,-20.0,0.0,-20.0,-20.0,0.0
42.26210045814514,0.1398625,0.14177499999999998,-0.21910500000000002,66.35211181640625,0,7,20.0,0.0,0.0,-20.0,0.0,-20.0,-20.0,0.0
42.385090589523315,0.1377125,0.14102499999999998,-0.215725,66.35211181640625,0,7,20.0,0.0,0.0,-20.0,0.0,-20.0,-20.0,0.0
42.49408721923828,0.13467500000000002,0.1399625,-0.210965,66.35211181640625,0,8,20.0,0.0,0.0,-20.0,0.0,-20.0,-20.0,0.0
42.591089725494385,0.132575,0.13922500000000002,-0.207655,66.35211181640625,0,8,20.0,0.0,0.0,-20.0,0.0,-20.0,-20.0,0.0
42.68609046936035,0.1304,0.13845,-0.204255,66.35211181640625,0,9,20.0,0.0,0.0,-20.0,0.0,-20.0,-20.0,0.0
42.759087800979614,0.12830000000000003,0.1377,-0.20097,66.35211181640625,0,10,20.0,0.0,0.0,-20.0,0.0,-20.0,-20.0,0.0
42.85608983039856,0.1266625,0.13710000000000003,-0.198415,66.35211181640625,0,9,20.0,0.0,0.0,-20.0,0.0,-20.0,-20.0,0.0
42.929091453552246,0.12452499999999998,0.1363125,-0.19506,66.35211181640625,0,10,20.0,0.0,0.0,-20.0,0.0,-20.0,-20.0,0.0
43.00009083747864,0.12288749999999998,0.1357,-0.19249000000000002,66.35211181640625,0,10,20.0,0.0,0.0,-20.0,0.0,-20.0,-20.0,0.0
43.09416723251343,0.1213125,0.13511250000000002,-0.190025,66.35211181640625,0,9,20.0,0.0,0.0,-20.0,0.0,-20.0,-20.0,0.0
43.1641800403595,0.11921249999999997,0.1343125,-0.18674000000000002,66.35211181640625,0,10,20.0,0.0,0.0,-20.0,0.0,-20.0,-20.0,0.0
43.23816800117493,0.11764999999999998,0.13371249999999998,-0.184275,66.35211181640625,0,10,20.0,0.0,0.0,-20.0,0.0,-20.0,-20.0,0.0
43.31924223899841,0.116,0.133075,-0.181705,66.35211181640625,0,9,20.0,0.0,0.0,-20.0,0.0,-20.0,-20.0,0.0
43.38924312591553,0.11421249999999998,0.1323875,-0.178915,66.35211181640625,0,10,20.0,0.0,0.0,-20.0,0.0,-20.0,-20.0,0.0
43.52525019645691,0.11263749999999999,0.13177499999999998,-0.17645,66.35211181640625,0,9,20.0,0.0,0.0,-20.0,0.0,-20.0,-20.0,0.0
43.61224603652954,0.10932499999999999,0.13044999999999998,-0.171245,66.35211181640625,0,10,20.0,0.0,0.0,-20.0,0.0,-20.0,-20.0,0.0
43.70925998687744,0.10769999999999999,0.12978750000000003,-0.1687,66.35211181640625,0,9,20.0,0.0,0.0,-20.0,0.0,-20.0,-20.0,0.0
43.78224444389343,0.10552499999999998,0.1289,-0.165295,66.35211181640625,0,10,20.0,0.0,0.0,-20.0,0.0,-20.0,-20.0,0.0
43.85525035858154,0.10389999999999998,0.1282375,-0.16274,66.35211181640625,0,10,20.0,0.0,0.0,-20.0,0.0,-20.0,-20.0,0.0
43.95187258720398,0.10227499999999998,0.12755000000000002,-0.16020500000000001,66.35211181640625,0,9,20.0,0.0,0.0,-20.0,0.0,-20.0,-20.0,0.0
44.01987147331238,0.100125,0.1266375,-0.156845,66.35211181640625,0,10,20.0,0.0,0.0,-20.0,0.0,-20.0,-20.0,0.0
44.11588907241821,0.098625,0.1259875,-0.1545,66.35211181640625,0,9,20.0,0.0,0.0,-20.0,0.0,-20.0,-20.0,0.0
44.18788027763367,0.09647500000000002,0.12505000000000002,-0.15113,66.35211181640625,0,10,20.0,0.0,0.0,-20.0,0.0,-20.0,-20.0,0.0
44.28487753868103,0.09488749999999999,0.12435000000000002,-0.14865,66.35211181640625,0,9,20.0,0.0,0.0,-20.0,0.0,-20.0,-20.0,0.0
44.35487341880798,0.09272500000000003,0.12338749999999998,-0.14526,66.35211181640625,0,10,20.0,0.0,0.0,-20.0,0.0,-20.0,-20.0,0.0
44.44888877868652,0.09116250000000002,0.1226875,-0.14281,66.35211181640625,0,9,20.0,0.0,0.0,-20.0,0.0,-20.0,-20.0,0.0
44.519880533218384,0.08907499999999999,0.12172500000000003,-0.13954,66.35211181640625,0,10,20.0,0.0,0.0,-20.0,0.0,-20.0,-20.0,0.0
44.63487458229065,0.08748750000000001,0.12098750000000001,-0.137045,66.35211181640625,0,9,20.0,0.0,0.0,-20.0,0.0,-20.0,-20.0,0.0
44.73188591003418,0.08460000000000002,0.11960000000000003,-0.13253,66.35211181640625,0,10,20.0,0.0,0.0,-20.0,0.0,-20.0,-20.0,0.0
44.802873373031616,0.08264999999999997,0.11866250000000002,-0.12947,66.35211181640625,0,10,20.0,0.0,0.0,-20.0,0.0,-20.0,-20.0,0.0
44.895873069763184,0.0812,0.11797500000000002,-0.12719999999999998,66.35211181640625,0,9,20.0,0.0,0.0,-20.0,0.0,-20.0,-20.0,0.0
44.969881772994995,0.07913749999999999,0.11691250000000002,-0.123965,66.35211181640625,0,10,20.0,0.0,0.0,-20.0,0.0,-20.0,-20.0,0.0
45.03887438774109,0.07748750000000001,0.11607499999999998,-0.12138999999999998,66.35211181640625,0,10,20.0,0.0,0.0,-20.0,0.0,-20.0,-20.0,0.0
45.107871770858765,0.07596249999999997,0.11530000000000001,-0.118995,66.35211181640625,0,10,20.0,0.0,0.0,-20.0,0.0,-20.0,-20.0,0.0
45.17987394332886,0.074425,0.11451249999999999,-0.11658500000000001,66.35211181640625,0,10,20.0,0.0,0.0,-20.0,0.0,-20.0,-20.0,0.0
45.251880168914795,0.07282499999999999,0.1137,-0.114085,66.35211181640625,0,10,20.0,0.0,0.0,-20.0,0.0,-20.0,-20.0,0.0
45.34749436378479,0.07121249999999998,0.11285000000000002,-0.11156,66.35211181640625,0,9,20.0,0.0,0.0,-20.0,0.0,-20.0,-20.0,0.0
45.417495250701904,0.06910000000000002,0.11167500000000001,-0.10824500000000001,66.35211181640625,0,10,20.0,0.0,0.0,-20.0,0.0,-20.0,-20.0,0.0
45.49002242088318,0.06752499999999997,0.1108125,-0.10578,66.35211181640625,0,10,20.0,0.0,0.0,-20.0,0.0,-20.0,-20.0,0.0
45.56201505661011,0.06591250000000003,0.10991250000000002,-0.103255,66.35211181640625,0,10,20.0,0.0,0.0,-20.0,0.0,-20.0,-20.0,0.0
45.63101267814636,0.064325,0.10903750000000002,-0.10076499999999998,66.35211181640625,0,10,20.0,0.0,0.0,-20.0,0.0,-20.0,-20.0,0.0
45.72901272773743,0.06277499999999998,0.10813749999999998,-0.09833000000000001,66.35211181640625,0,9,20.0,0.0,0.0,-20.0,0.0,-20.0,-20.0,0.0
45.81001353263855,0.06060000000000002,0.10685000000000003,-0.09492500000000001,66.35211181640625,0,10,20.0,0.0,0.0,-20.0,0.0,-20.0,-20.0,0.0
45.945021867752075,0.0585,0.10560000000000003,-0.091625,66.35211181640625,0,9,20.0,0.0,0.0,-20.0,0.0,-20.0,-20.0,0.0
46.01302194595337,0.0558125,0.10391250000000002,-0.08741,66.35211181640625,0,10,20.0,0.0,0.0,-20.0,0.0,-20.0,-20.0,0.0
46.084017276763916,0.054274999999999976,0.10296249999999997,-0.08501499999999998,66.35211181640625,0,10,20.0,0.0,0.0,-20.0,0.0,-20.0,-20.0,0.0
46.18302297592163,0.0526875,0.10189999999999998,-0.08252000000000001,66.35211181640625,0,9,20.0,0.0,0.0,-20.0,0.0,-20.0,-20.0,0.0
46.252010107040405,0.0505,0.10044999999999998,-0.079105,66.35211181640625,0,10,20.0,0.0,0.0,-20.0,0.0,-20.0,-20.0,0.0
46.323020458221436,0.048975000000000025,0.09942500000000001,-0.07671000000000001,66.35211181640625,0,10,20.0,0.0,0.0,-20.0,0.0,-20.0,-20.0,0.0
46.40501427650452,0.04739999999999998,0.09835000000000002,-0.074245,66.35211181640625,0,9,20.0,0.0,0.0,-20.0,0.0,-20.0,-20.0,0.0
46.474019289016724,0.04557499999999999,0.09705000000000001,-0.07139500000000001,66.35211181640625,0,10,20.0,0.0,0.0,-20.0,0.0,-20.0,-20.0,0.0
46.570016384124756,0.044024999999999974,0.0959375,-0.06896000000000001,66.35211181640625,0,9,20.0,0.0,0.0,-20.0,0.0,-20.0,-20.0,0.0
46.641010999679565,0.04188749999999999,0.09432499999999999,-0.065615,66.35211181640625,0,10,20.0,0.0,0.0,-20.0,0.0,-20.0,-20.0,0.0
46.73902344703674,0.0403125,0.09311250000000001,-0.06313999999999999,66.35211181640625,0,9,20.0,0.0,0.0,-20.0,0.0,-20.0,-20.0,0.0
46.809017181396484,0.038149999999999976,0.09138749999999998,-0.059754999999999996,66.35211181640625,0,10,20.0,0.0,0.0,-20.0,0.0,-20.0,-20.0,0.0
46.904547929763794,0.03660000000000002,0.09011250000000001,-0.05732499999999999,66.35211181640625,0,9,20.0,0.0,0.0,-20.0,0.0,-20.0,-20.0,0.0
47.031538248062134,0.03444999999999999,0.0883125,-0.05396499999999998,66.35211181640625,0,9,20.0,0.0,0.0,-20.0,0.0,-20.0,-20.0,0.0
47.12153768539429,0.03136250000000001,0.08552499999999998,-0.049115000000000006,66.35211181640625,0,10,20.0,0.0,0.0,-20.0,0.0,-20.0,-20.0,0.0
47.21906924247742,0.029625,0.0838625,-0.046404999999999974,66.35211181640625,0,9,20.0,0.0,0.0,-20.0,0.0,-20.0,-20.0,0.0
47.28807234764099,0.02744999999999999,0.08164999999999997,-0.042995000000000005,66.35211181640625,0,10,20.0,0.0,0.0,-20.0,0.0,-20.0,-20.0,0.0
47.35806846618652,0.02592500000000001,0.08011250000000002,-0.040625,66.35211181640625,0,10,20.0,0.0,0.0,-20.0,0.0,-20.0,-20.0,0.0
47.428064823150635,0.024362500000000013,0.07852499999999998,-0.038180000000000006,66.35211181640625,0,10,20.0,0.0,0.0,-20.0,0.0,-20.0,-20.0,0.0
47.52211093902588,0.0228125,0.07676249999999998,-0.03574000000000001,66.35211181640625,0,9,20.0,0.0,0.0,-20.0,0.0,-20.0,-20.0,0.0
47.59610939025879,0.02069999999999999,0.07428750000000002,-0.032444999999999995,66.35211181640625,0,10,20.0,0.0,0.0,-20.0,0.0,-20.0,-20.0,0.0
47.69112038612366,0.019275000000000007,0.07257499999999999,-0.030199999999999987,66.35211181640625,0,9,20.0,0.0,0.0,-20.0,0.0,-20.0,-20.0,0.0
47.76263236999512,0.017962500000000006,0.070875,-0.028147499999999978,66.35211181640625,0,10,20.0,0.0,0.0,-20.0,0.0,-20.0,-20.0,0.0
47.86063742637634,0.0170625,0.06961250000000001,-0.026722500000000024,66.35211181640625,0,9,20.0,0.0,0.0,-20.0,0.0,-20.0,-20.0,0.0
47.93363046646118,0.015900000000000004,0.068,-0.024902499999999973,66.35211181640625,0,10,20.0,0.0,0.0,-20.0,0.0,-20.0,-20.0,0.0
48.02863121032715,0.015137499999999988,0.06685000000000002,-0.02370999999999998,66.35211181640625,0,9,20.0,0.0,0.0,-20.0,0.0,-20.0,-20.0,0.0
48.140629529953,0.014050000000000012,0.06522500000000002,-0.022007499999999992,66.35211181640625,0,9,20.0,0.0,0.0,-20.0,0.0,-20.0,-20.0,0.0
48.27163124084473,0.012599999999999995,0.06286250000000002,-0.01975,66.35211181640625,0,9,20.0,0.0,0.0,-20.0,0.0,-20.0,-20.0,0.0
48.36363339424133,0.01113749999999999,0.06030000000000001,-0.017452499999999985,66.35211181640625,0,9,20.0,0.0,0.0,-20.0,0.0,-20.0,-20.0,0.0
48.4586296081543,0.010137499999999989,0.05839999999999998,-0.0158775,66.35211181640625,0,8,20.0,0.0,0.0,-20.0,0.0,-20.0,-20.0,0.0
48.554654121398926,0.009287499999999994,0.0566875,-0.014564999999999998,66.35211181640625,0,8,20.0,0.0,0.0,-20.0,0.0,-20.0,-20.0,0.0
48.649144411087036,0.008400000000000006,0.054774999999999976,-0.013139999999999987,66.35211181640625,0,9,20.0,0.0,0.0,-20.0,0.0,-20.0,-20.0,0.0
48.74415040016174,0.00775,0.053337499999999975,-0.012134999999999991,66.35211181640625,0,9,20.0,0.0,0.0,-20.0,0.0,-20.0,-20.0,0.0
48.839144229888916,0.007,0.05151249999999999,-0.010954999999999984,66.35211181640625,0,8,0.0,20.0,0.0,0.0,-20.0,-20.0,-20.0,0.0
48.93515872955322,0.006037499999999994,0.04901249999999999,-0.00944749999999999,66.35211181640625,0,7,0.0,20.0,0.0,0.0,-20.0,-20.0,-20.0,0.0
49.032143354415894,0.005300000000000011,0.04692500000000001,-0.008307500000000004,66.35211181640625,0,5,0.0,20.0,0.0,0.0,-20.0,-20.0,-20.0,0.0
49.11014437675476,0.004762499999999989,0.045237500000000014,-0.007449999999999989,66.35211181640625,0,3,0.0,20.0,0.0,0.0,-20.0,-20.0,-20.0,0.0
49.1901752948761,0.0043499999999999945,0.04391250000000002,-0.006827499999999986,66.35211181640625,0,2,0.0,20.0,0.0,0.0,-20.0,-20.0,-20.0,0.0
49.30214476585388,0.004125,0.04310000000000002,-0.00645999999999998,66.35211181640625,0,1,0.0,20.0,0.0,0.0,-20.0,-20.0,-20.0,0.0
49.39614963531494,0.0038625000000000113,0.04214999999999998,-0.006045000000000016,66.35211181640625,0,1,0.0,20.0,0.0,0.0,-20.0,-20.0,-20.0,0.0
49.49216032028198,0.0036999999999999885,0.0415625,-0.005800000000000012,66.35211181640625,0,1,0.0,20.0,0.0,0.0,-20.0,-20.0,-20.0,0.0
49.57114768028259,0.0035250000000000056,0.040887499999999986,-0.0055199999999999815,66.35211181640625,0,1,0.0,20.0,0.0,0.0,-20.0,-20.0,-20.0,0.0
49.65014410018921,0.0034124999999999945,0.04039999999999998,-0.005329999999999984,66.35211181640625,0,1,0.0,20.0,0.0,0.0,-20.0,-20.0,-20.0,0.0
49.72715187072754,0.0032750000000000058,0.039875,-0.005125,66.35211181640625,0,1,0.0,20.0,0.0,0.0,-20.0,-20.0,-20.0,0.0
49.80514407157898,0.003137499999999989,0.039287500000000024,-0.004910000000000025,66.35211181640625,0,1,0.0,20.0,0.0,0.0,-20.0,-20.0,-20.0,0.0
49.88514566421509,0.0030124999999999887,0.03876249999999999,-0.004717499999999973,66.35211181640625,0,1,0.0,20.0,0.0,0.0,-20.0,-20.0,-20.0,0.0
49.96415328979492,0.0028874999999999886,0.038212499999999976,-0.00452249999999998,66.35211181640625,0,1,0.0,20.0,0.0,0.0,-20.0,-20.0,-20.0,0.0
50.041144371032715,0.0027750000000000058,0.0376875,-0.004339999999999975,66.35211181640625,0,1,0.0,20.0,0.0,0.0,-20.0,-20.0,-20.0,0.0
50.121177434921265,0.0026624999999999943,0.03716250000000002,-0.004167500000000018,66.35211181640625,0,1,0.0,20.0,0.0,0.0,-20.0,-20.0,-20.0,0.0
50.1991491317749,0.0025500000000000115,0.036649999999999974,-0.003995000000000005,66.35211181640625,0,1,0.0,20.0,0.0,0.0,-20.0,-20.0,-20.0,0.0
50.27814793586731,0.0024375,0.03610000000000002,-0.003829999999999984,66.35211181640625,0,1,0.0,20.0,0.0,0.0,-20.0,-20.0,-20.0,0.0
50.355144023895264,0.002337500000000006,0.03561250000000001,-0.003670000000000016,66.35211181640625,0,1,0.0,20.0,0.0,0.0,-20.0,-20.0,-20.0,0.0
50.46614408493042,0.002237500000000011,0.0350625,-0.003509999999999991,66.35211181640625,0,0,0.0,20.0,0.0,0.0,-20.0,-20.0,-20.0,0.0
50.544145345687866,0.0021500000000000056,0.03458750000000001,-0.0033725000000000022,66.35211181640625,0,1,0.0,20.0,0.0,0.0,-20.0,-20.0,-20.0,0.0
50.62214398384094,0.0020749999999999887,0.03415000000000001,-0.003240000000000009,66.35211181640625,0,1,0.0,20.0,0.0,0.0,-20.0,-20.0,-20.0,0.0
50.698148012161255,0.0019875000000000114,0.03367500000000001,-0.003110000000000014,66.35211181640625,0,1,0.0,20.0,0.0,0.0,-20.0,-20.0,-20.0,0.0
50.77814316749573,0.0019000000000000056,0.033199999999999986,-0.0029875000000000114,66.35211181640625,0,1,0.0,20.0,0.0,0.0,-20.0,-20.0,-20.0,0.0
50.85714411735535,0.0018249999999999885,0.03273750000000001,-0.0028625000000000113,66.35211181640625,0,1,0.0,20.0,0.0,0.0,-20.0,-20.0,-20.0,0.0
50.93614387512207,0.00175,0.032275000000000005,-0.00275,66.35211181640625,0,0,0.0,20.0,0.0,0.0,-20.0,-20.0,-20.0,0.0
51.013147830963135,0.0016750000000000113,0.031837500000000005,-0.0026399999999999865,66.35211181640625,0,0,0.0,20.0,0.0,0.0,-20.0,-20.0,-20.0,0.0
51.08715105056763,0.001625,0.03142500000000001,-0.002535000000000025,66.35211181640625,0,1,0.0,20.0,0.0,0.0,-20.0,-20.0,-20.0,0.0
51.164146423339844,0.0015500000000000114,0.031,-0.0024350000000000023,66.35211181640625,0,1,0.0,20.0,0.0,0.0,-20.0,-20.0,-20.0,0.0
51.243149518966675,0.0014875000000000114,0.03055000000000001,-0.002329999999999984,66.35211181640625,0,0,0.0,20.0,0.0,0.0,-20.0,-20.0,-20.0,0.0
51.3216667175293,0.0014250000000000113,0.030125,-0.002240000000000009,66.35211181640625,0,0,0.0,20.0,0.0,0.0,-20.0,-20.0,-20.0,0.0
51.40066456794739,0.001375,0.029712500000000006,-0.0021499999999999774,66.35211181640625,0,0,0.0,20.0,0.0,0.0,-20.0,-20.0,-20.0,0.0
51.50166726112366,0.0013249999999999887,0.0293125,-0.0020600000000000024,66.35211181640625,0,0,0.0,20.0,0.0,0.0,-20.0,-20.0,-20.0,0.0
51.59466552734375,0.0012624999999999887,0.028912499999999994,-0.001980000000000018,66.35211181640625,0,0,0.0,20.0,0.0,0.0,-20.0,-20.0,-20.0,0.0
51.67266225814819,0.0012125000000000057,0.02851249999999999,-0.0018999999999999772,66.35211181640625,0,0,0.0,20.0,0.0,0.0,-20.0,-20.0,-20.0,0.0
51.749669313430786,0.0011750000000000113,0.028125,-0.0018199999999999933,66.35211181640625,0,0,0.0,20.0,0.0,0.0,-20.0,-20.0,-20.0,0.0
51.826666831970215,0.001125,0.027724999999999993,-0.00175,66.35211181640625,0,0,0.0,20.0,0.0,0.0,-20.0,-20.0,-20.0,0.0
51.90566682815552,0.0010749999999999887,0.027349999999999996,-0.0016800000000000068,66.35211181640625,0,0,0.0,20.0,0.0,0.0,-20.0,-20.0,-20.0,0.0
51.98466444015503,0.0010250000000000057,0.026974999999999996,-0.0016100000000000135,66.35211181640625,0,0,0.0,20.0,0.0,0.0,-20.0,-20.0,-20.0,0.0
52.06366539001465,0.0009875000000000114,0.02661250000000001,-0.0015500000000000114,66.35211181640625,0,0,0.0,20.0,0.0,0.0,-20.0,-20.0,-20.0,0.0
52.143665075302124,0.0009499999999999886,0.02625,-0.0014900000000000091,66.35211181640625,0,0,0.0,20.0,0.0,0.0,-20.0,-20.0,-20.0,0.0
52.222673416137695,0.0009124999999999943,0.025887499999999987,-0.0014300000000000068,66.35211181640625,0,0,0.0,20.0,0.0,0.0,-20.0,-20.0,-20.0,0.0
52.30066680908203,0.000875,0.025525000000000006,-0.0013700000000000045,66.35211181640625,0,0,0.0,20.0,0.0,0.0,-20.0,-20.0,-20.0,0.0
52.381683111190796,0.0008375000000000057,0.02517500000000001,-0.0013199999999999933,66.35211181640625,0,0,0.0,20.0,0.0,0.0,-20.0,-20.0,-20.0,0.0
52.45918846130371,0.0008125,0.024837500000000005,-0.001259999999999991,66.35211181640625,0,0,0.0,20.0,0.0,0.0,-20.0,-20.0,-20.0,0.0
52.53619194030762,0.0007750000000000057,0.0245,-0.0012099999999999795,66.35211181640625,0,0,0.0,20.0,0.0,0.0,-20.0,-20.0,-20.0,0.0
52.646183490753174,0.0007375000000000114,0.024162499999999993,-0.001160000000000025,66.35211181640625,0,0,0.0,20.0,0.0,0.0,-20.0,-20.0,-20.0,0.0
52.724183797836304,0.0007125000000000057,0.02382499999999999,-0.0011200000000000045,66.35211181640625,0,0,0.0,20.0,0.0,0.0,-20.0,-20.0,-20.0,0.0
52.803186893463135,0.0006875,0.0235,-0.0010699999999999933,66.35211181640625,0,0,0.0,20.0,0.0,0.0,-20.0,-20.0,-20.0,0.0
52.880712032318115,0.0006624999999999944,0.02317500000000001,-0.0010299999999999728,66.35211181640625,0,0,0.0,20.0,0.0,0.0,-20.0,-20.0,-20.0,0.0
52.96071934700012,0.000625,0.02286250000000001,-0.000990000000000009,66.35211181640625,0,0,0.0,20.0,0.0,0.0,-20.0,-20.0,-20.0,0.0
53.03871154785156,0.0006125000000000114,0.02255000000000001,-0.0009499999999999886,66.35211181640625,0,0,0.0,20.0,0.0,0.0,-20.0,-20.0,-20.0,0.0
53.11822700500488,0.0005749999999999886,0.02223750000000001,-0.000910000000000025,66.35211181640625,0,0,0.0,20.0,0.0,0.0,-20.0,-20.0,-20.0,0.0
53.19722843170166,0.0005625,0.0219375,-0.0008799999999999955,66.35211181640625,0,0,0.0,20.0,0.0,0.0,-20.0,-20.0,-20.0,0.0
53.27523183822632,0.0005374999999999944,0.02163749999999999,-0.000839999999999975,66.35211181640625,0,0,0.0,20.0,0.0,0.0,-20.0,-20.0,-20.0,0.0
53.352227210998535,0.0005250000000000057,0.021337500000000006,-0.0008100000000000022,66.35211181640625,0,0,0.0,20.0,0.0,0.0,-20.0,-20.0,-20.0,0.0
53.42923307418823,0.00048750000000001136,0.02105000000000001,-0.0007699999999999819,66.35211181640625,0,0,0.0,20.0,0.0,0.0,-20.0,-20.0,-20.0,0.0
53.52322816848755,0.0004749999999999943,0.02076249999999999,-0.0007400000000000091,66.35211181640625,0,0,0.0,20.0,0.0,0.0,-20.0,-20.0,-20.0,0.0
53.6012282371521,0.00046250000000000566,0.020474999999999993,-0.0007099999999999795,66.35211181640625,0,0,0.0,20.0,0.0,0.0,-20.0,-20.0,-20.0,0.0
53.70323181152344,0.0004375,0.02019999999999999,-0.0006899999999999977,66.35211181640625,0,0,0.0,20.0,0.0,0.0,-20.0,-20.0,-20.0,0.0
53.780229568481445,0.00042500000000001136,0.019925000000000012,-0.000660000000000025,66.35211181640625,0,0,0.0,20.0,0.0,0.0,-20.0,-20.0,-20.0,0.0
53.85722780227661,0.0004000000000000057,0.019650000000000004,-0.0006299999999999955,66.35211181640625,0,0,0.0,20.0,0.0,0.0,-20.0,-20.0,-20.0,0.0
53.93323826789856,0.00038749999999998866,0.019375,-0.0006100000000000136,66.35211181640625,0,0,0.0,20.0,0.0,0.0,-20.0,-20.0,-20.0,0.0
54.010233640670776,0.000375,0.01911250000000001,-0.0005799999999999841,66.35211181640625,0,0,0.0,20.0,0.0,0.0,-20.0,-20.0,-20.0,0.0
54.086246490478516,0.00036250000000001136,0.018849999999999995,-0.0005600000000000022,66.35211181640625,0,0,0.0,20.0,0.0,0.0,-20.0,-20.0,-20.0,0.0
54.16722869873047,0.0003375000000000057,0.018587500000000007,-0.0005400000000000205,66.35211181640625,0,0,0.0,20.0,0.0,0.0,-20.0,-20.0,-20.0,0.0
54.2452290058136,0.00032499999999998866,0.018337500000000007,-0.0005099999999999909,66.35211181640625,0,0,0.0,20.0,0.0,0.0,-20.0,-20.0,-20.0,0.0
54.3222336769104,0.00032499999999998866,0.018087500000000006,-0.0004900000000000091,66.35211181640625,0,0,0.0,20.0,0.0,0.0,-20.0,-20.0,-20.0,0.0
54.41822838783264,0.00030000000000001136,0.017837500000000006,-0.0004700000000000273,66.35211181640625,0,0,0.0,20.0,0.0,0.0,-20.0,-20.0,-20.0,0.0
54.49522876739502,0.0002874999999999943,0.017587500000000006,-0.0004599999999999795,66.35211181640625,0,0,0.0,20.0,0.0,0.0,-20.0,-20.0,-20.0,0.0
54.5762414932251,0.0002750000000000057,0.017349999999999994,-0.00043999999999999774,66.35211181640625,0,0,0.0,20.0,0.0,0.0,-20.0,-20.0,-20.0,0.0
54.65622878074646,0.0002750000000000057,0.01711250000000001,-0.0004200000000000159,66.35211181640625,0,0,0.0,20.0,0.0,0.0,-20.0,-20.0,-20.0,0.0
54.73523235321045,0.00026249999999998865,0.016875,-0.00039999999999997725,66.35211181640625,0,0,0.0,20.0,0.0,0.0,-20.0,-20.0,-20.0,0.0
54.840229511260986,0.00025,0.016650000000000005,-0.00038999999999998633,66.35211181640625,0,0,0.0,20.0,0.0,0.0,-20.0,-20.0,-20.0,0.0
54.91822934150696,0.00023750000000001136,0.016425000000000013,-0.00037000000000000455,66.35211181640625,0,0,0.0,20.0,0.0,0.0,-20.0,-20.0,-20.0,0.0
54.99523305892944,0.00022499999999999433,0.01619999999999999,-0.00036000000000001363,66.35211181640625,0,0,0.0,20.0,0.0,0.0,-20.0,-20.0,-20.0,0.0
55.0722451210022,0.00022499999999999433,0.015974999999999993,-0.000339999999999975,66.35211181640625,0,0,0.0,20.0,0.0,0.0,-20.0,-20.0,-20.0,0.0
55.14976930618286,0.00021250000000000568,0.01576249999999999,-0.00032999999999998406,66.35211181640625,0,0,0.0,20.0,0.0,0.0,-20.0,-20.0,-20.0,0.0
55.229772090911865,0.00019999999999998863,0.015537499999999994,-0.0003199999999999932,66.35211181640625,0,0,0.0,20.0,0.0,0.0,-20.0,-20.0,-20.0,0.0
55.3057644367218,0.0001875,0.015324999999999988,-0.00030000000000001136,66.35211181640625,0,0,0.0,20.0,0.0,0.0,-20.0,-20.0,-20.0,0.0
55.38477396965027,0.0001875,0.015125,-0.00029000000000002044,66.35211181640625,0,0,0.0,20.0,0.0,0.0,-20.0,-20.0,-20.0,0.0
55.48076009750366,0.00017500000000001136,0.014912499999999993,-0.0002799999999999727,66.35211181640625,0,0,0.0,20.0,0.0,0.0,-20.0,-20.0,-20.0,0.0
55.55676054954529,0.00017500000000001136,0.014712500000000005,-0.0002699999999999818,66.35211181640625,0,0,0.0,20.0,0.0,0.0,-20.0,-20.0,-20.0,0.0
55.637776613235474,0.00016249999999999433,0.0145,-0.0002599999999999909,66.35211181640625,0,0,0.0,20.0,0.0,0.0,-20.0,-20.0,-20.0,0.0
55.73376154899597,0.00016249999999999433,0.0143125,-0.00025,66.35211181640625,0,0,0.0,20.0,0.0,0.0,-20.0,-20.0,-20.0,0.0
55.81076693534851,0.00015000000000000568,0.014112500000000012,-0.00024000000000000909,66.35211181640625,0,0,0.0,20.0,0.0,0.0,-20.0,-20.0,-20.0,0.0
55.918760538101196,0.00015000000000000568,0.013925000000000012,-0.0002300000000000182,66.35211181640625,0,0,0.0,20.0,0.0,0.0,-20.0,-20.0,-20.0,0.0
55.995760440826416,0.00013749999999998862,0.013724999999999994,-0.00022000000000002728,66.35211181640625,0,0,0.0,20.0,0.0,0.0,-20.0,-20.0,-20.0,0.0
56.07576608657837,0.000125,0.013537499999999994,-0.00020999999999997954,66.35211181640625,0,0,0.0,20.0,0.0,0.0,-20.0,-20.0,-20.0,0.0
56.15575909614563,0.000125,0.013349999999999994,-0.00019999999999998863,66.35211181640625,0,0,0.0,20.0,0.0,0.0,-20.0,-20.0,-20.0,0.0
56.2347629070282,0.000125,0.013175000000000011,-0.00018999999999999773,66.35211181640625,0,0,0.0,20.0,0.0,0.0,-20.0,-20.0,-20.0,0.0
56.315773487091064,0.000125,0.012987500000000011,-0.00018999999999999773,66.35211181640625,0,0,0.0,20.0,0.0,0.0,-20.0,-20.0,-20.0,0.0
56.39576077461243,0.00011250000000001137,0.0128125,-0.00018000000000000681,66.35211181640625,0,0,0.0,20.0,0.0,0.0,-20.0,-20.0,-20.0,0.0
56.47476887702942,0.00011250000000001137,0.012637499999999989,-0.00017000000000001592,66.35211181640625,0,0,0.0,20.0,0.0,0.0,-20.0,-20.0,-20.0,0.0
56.55376100540161,9.999999999999431e-05,0.012462500000000005,-0.000160000000000025,66.35211181640625,0,0,0.0,20.0,0.0,0.0,-20.0,-20.0,-20.0,0.0
56.630759477615356,9.999999999999431e-05,0.012287499999999995,-0.000160000000000025,66.35211181640625,0,0,0.0,20.0,0.0,0.0,-20.0,-20.0,-20.0,0.0
56.71076440811157,9.999999999999431e-05,0.012125,-0.00014999999999997727,66.35211181640625,0,0,0.0,20.0,0.0,0.0,-20.0,-20.0,-20.0,0.0
56.78875970840454,8.750000000000568e-05,0.011962500000000006,-0.00014999999999997727,66.35211181640625,0,0,0.0,20.0,0.0,0.0,-20.0,-20.0,-20.0,0.0
56.86375880241394,8.750000000000568e-05,0.011787499999999994,-0.00013999999999998635,66.35211181640625,0,0,0.0,20.0,0.0,0.0,-20.0,-20.0,-20.0,0.0
56.965770959854126,8.750000000000568e-05,0.011625,-0.00012999999999999546,66.35211181640625,0,0,0.0,20.0,0.0,0.0,-20.0,-20.0,-20.0,0.0
57.04476809501648,7.499999999998864e-05,0.011474999999999994,-0.00012999999999999546,66.35211181640625,0,0,0.0,20.0,0.0,0.0,-20.0,-20.0,-20.0,0.0
57.12280344963074,7.499999999998864e-05,0.011324999999999988,-0.00012000000000000454,66.35211181640625,0,0,0.0,20.0,0.0,0.0,-20.0,-20.0,-20.0,0.0
57.20276999473572,7.499999999998864e-05,0.011162499999999994,-0.00012000000000000454,66.35211181640625,0,0,0.0,20.0,0.0,0.0,-20.0,-20.0,-20.0,0.0
57.28176259994507,7.499999999998864e-05,0.01101249999999999,-0.00011000000000001364,66.35211181640625,0,0,0.0,20.0,0.0,0.0,-20.0,-20.0,-20.0,0.0
57.36076259613037,7.499999999998864e-05,0.010862500000000011,-0.00011000000000001364,66.35211181640625,0,0,0.0,20.0,0.0,0.0,-20.0,-20.0,-20.0,0.0
57.43776559829712,7.499999999998864e-05,0.010712500000000005,-0.00010000000000002273,66.35211181640625,0,0,0.0,20.0,0.0,0.0,-20.0,-20.0,-20.0,0.0
57.51576471328735,6.25e-05,0.0105625,-0.00010000000000002273,66.35211181640625,0,0,0.0,20.0,0.0,0.0,-20.0,-20.0,-20.0,0.0
57.59476089477539,6.25e-05,0.01042500000000001,-0.00010000000000002273,66.35211181640625,0,0,0.0,20.0,0.0,0.0,-20.0,-20.0,-20.0,0.0
57.67376160621643,6.25e-05,0.010275000000000006,-8.999999999997499e-05,66.35211181640625,0,0,0.0,20.0,0.0,0.0,-20.0,-20.0,-20.0,0.0
57.75076127052307,6.25e-05,0.010125,-8.999999999997499e-05,66.35211181640625,0,0,0.0,20.0,0.0,0.0,-20.0,-20.0,-20.0,0.0
57.829763889312744,5.0000000000011366e-05,0.009987500000000012,-8.999999999997499e-05,66.35211181640625,0,0,0.0,20.0,0.0,0.0,-20.0,-20.0,-20.0,0.0
57.908769845962524,5.0000000000011366e-05,0.009862500000000012,-7.999999999998408e-05,66.35211181640625,0,0,0.0,20.0,0.0,0.0,-20.0,-20.0,-20.0,0.0
57.985806941986084,5.0000000000011366e-05,0.009724999999999994,-7.999999999998408e-05,66.35211181640625,0,0,0.0,20.0,0.0,0.0,-20.0,-20.0,-20.0,0.0
58.10281205177307,5.0000000000011366e-05,0.009587500000000006,-7.999999999998408e-05,66.35211181640625,0,0,0.0,20.0,0.0,0.0,-20.0,-20.0,-20.0,0.0
58.24185633659363,5.0000000000011366e-05,0.009462500000000006,-6.999999999999318e-05,68.46749305725098,0,0,0.0,18.523188,1.4768124,0.0,-20.0,-20.0,-20.0,0.0
58.38438844680786,3.749999999999432e-05,0.009324999999999988,-6.999999999999318e-05,73.6412525177002,0,0,0.0,14.911221,5.0887794,0.0,-20.0,-20.0,-20.0,0.0
58.52639555931091,3.749999999999432e-05,0.00919999999999999,-6.999999999999318e-05,77.90360069274902,0,0,0.0,11.935539,8.064461,0.0,-20.0,-20.0,-20.0,0.0
58.66844868659973,3.749999999999432e-05,0.00907499999999999,-6.000000000000227e-05,82.45007801055908,0,0,0.0,8.7614975,11.2385025,0.0,-20.0,-20.0,-20.0,0.0
58.81144833564758,3.749999999999432e-05,0.00894999999999999,-6.000000000000227e-05,86.72529125213623,0,0,0.0,5.7768373,14.223163,0.0,-20.0,-20.0,-20.0,0.0
58.955981492996216,3.749999999999432e-05,0.008824999999999989,-6.000000000000227e-05,91.00731062889099,0,0,0.0,2.7874222,17.212578,0.0,-20.0,-20.0,-20.0,0.0
59.098971366882324,3.749999999999432e-05,0.008712500000000005,-6.000000000000227e-05,94.86748750507832,0,0,0.0,0.09251128,19.907488,0.0,-20.0,-20.0,-20.0,0.0
59.24148941040039,2.5000000000005683e-05,0.008587500000000005,-5.0000000000011366e-05,95.0,0,0,0.0,0.0,20.0,0.0,-20.0,-20.0,-20.0,0.0
59.31951427459717,2.5000000000005683e-05,0.008474999999999995,-5.0000000000011366e-05,95.0,0,0,0.0,0.0,20.0,0.0,-20.0,-20.0,-20.0,0.0
59.416494846343994,2.5000000000005683e-05,0.008349999999999995,-5.0000000000011366e-05,95.0,0,0,0.0,0.0,20.0,0.0,-20.0,-20.0,-20.0,0.0
59.522489070892334,2.5000000000005683e-05,0.008237500000000012,-5.0000000000011366e-05,95.0,0,0,0.0,0.0,20.0,0.0,-20.0,-20.0,-20.0,0.0
59.602492332458496,2.5000000000005683e-05,0.008125,-5.0000000000011366e-05,95.0,0,0,0.0,0.0,20.0,0.0,-20.0,-20.0,-20.0,0.0
59.681490421295166,2.5000000000005683e-05,0.008025000000000006,-4.000000000002046e-05,95.0,0,0,0.0,0.0,20.0,0.0,-20.0,-20.0,-20.0,0.0
59.75950050354004,2.5000000000005683e-05,0.007912499999999994,-4.000000000002046e-05,95.0,0,0,0.0,0.0,20.0,0.0,-20.0,-20.0,-20.0,0.0
59.83949112892151,2.5000000000005683e-05,0.007800000000000012,-4.000000000002046e-05,95.0,0,0,0.0,0.0,20.0,0.0,-20.0,-20.0,-20.0,0.0
59.918490171432495,2.5000000000005683e-05,0.0076875,-4.000000000002046e-05,95.0,0,0,0.0,0.0,20.0,0.0,-20.0,-20.0,-20.0,0.0
59.997496128082275,2.5000000000005683e-05,0.007574999999999989,-4.000000000002046e-05,95.0,0,0,0.0,0.0,20.0,0.0,-20.0,-20.0,-20.0,0.0
60.09349083900452,2.5000000000005683e-05,0.007474999999999995,-4.000000000002046e-05,95.0,0,0,0.0,0.0,20.0,0.0,-20.0,-20.0,-20.0,0.0
60.1674964427948,2.5000000000005683e-05,0.007375,-2.9999999999972716e-05,95.0,0,0,0.0,0.0,20.0,0.0,-20.0,-20.0,-20.0,0.0
60.24649906158447,2.5000000000005683e-05,0.007275000000000005,-2.9999999999972716e-05,95.0,0,0,0.0,0.0,20.0,0.0,-20.0,-20.0,-20.0,0.0
60.32449984550476,2.5000000000005683e-05,0.007175000000000011,-2.9999999999972716e-05,95.0,0,0,0.0,0.0,20.0,0.0,-20.0,-20.0,-20.0,0.0
60.40549111366272,2.5000000000005683e-05,0.007074999999999988,-2.9999999999972716e-05,95.0,0,0,0.0,0.0,20.0,0.0,-20.0,-20.0,-20.0,0.0
60.5024938583374,2.5000000000005683e-05,0.006974999999999994,-2.9999999999972716e-05,95.0,0,0,0.0,0.0,20.0,0.0,-20.0,-20.0,-20.0,0.0
60.608492612838745,2.5000000000005683e-05,0.006887499999999988,-2.9999999999972716e-05,95.0,0,0,0.0,0.0,20.0,0.0,-20.0,-20.0,-20.0,0.0
60.68649220466614,2.5000000000005683e-05,0.006787499999999994,-2.9999999999972716e-05,95.0,0,0,0.0,0.0,20.0,0.0,-20.0,-20.0,-20.0,0.0
60.782492876052856,2.5000000000005683e-05,0.006699999999999989,-2.9999999999972716e-05,95.0,0,0,0.0,0.0,20.0,0.0,-20.0,-20.0,-20.0,0.0
60.85949420928955,2.5000000000005683e-05,0.006612500000000012,-2.9999999999972716e-05,95.0,0,0,0.0,0.0,20.0,0.0,-20.0,-20.0,-20.0,0.0
60.95449185371399,2.5000000000005683e-05,0.006525000000000006,-1.999999999998181e-05,95.0,0,0,0.0,0.0,20.0,0.0,-20.0,-20.0,-20.0,0.0
61.034022092819214,1.2499999999988632e-05,0.006425000000000011,-1.999999999998181e-05,95.0,0,0,0.0,0.0,20.0,0.0,-20.0,-20.0,-20.0,0.0
61.11103343963623,1.2499999999988632e-05,0.0063375000000000055,-1.999999999998181e-05,95.0,0,0,0.0,0.0,20.0,0.0,-20.0,-20.0,-20.0,0.0
61.188547134399414,1.2499999999988632e-05,0.00625,-1.999999999998181e-05,95.0,0,0,0.0,0.0,20.0,0.0,-20.0,-20.0,-20.0,0.0
61.266549825668335,1.2499999999988632e-05,0.006175000000000011,-1.999999999998181e-05,95.0,0,0,0.0,0.0,20.0,0.0,-20.0,-20.0,-20.0,0.0
61.34754967689514,1.2499999999988632e-05,0.006074999999999988,-1.999999999998181e-05,95.0,0,0,0.0,0.0,20.0,0.0,-20.0,-20.0,-20.0,0.0
61.426549196243286,1.2499999999988632e-05,0.006,-1.999999999998181e-05,95.0,0,0,0.0,0.0,20.0,0.0,-20.0,-20.0,-20.0,0.0
61.50554800033569,1.2499999999988632e-05,0.005925000000000011,-1.999999999998181e-05,95.0,0,0,0.0,0.0,20.0,0.0,-20.0,-20.0,-20.0,0.0
61.59954500198364,1.2499999999988632e-05,0.005837500000000006,-1.999999999998181e-05,95.0,0,0,0.0,0.0,20.0,0.0,-20.0,-20.0,-20.0,0.0
61.69154691696167,1.2499999999988632e-05,0.005762499999999989,-1.999999999998181e-05,95.0,0,0,0.0,0.0,20.0,0.0,-20.0,-20.0,-20.0,0.0
61.77255034446716,1.2499999999988632e-05,0.005675000000000012,-1.999999999998181e-05,95.0,0,0,0.0,0.0,20.0,0.0,-20.0,-20.0,-20.0,0.0
61.85254955291748,1.2499999999988632e-05,0.005599999999999995,-1.999999999998181e-05,95.0,0,0,0.0,0.0,20.0,0.0,-20.0,-20.0,-20.0,0.0
61.93255043029785,1.2499999999988632e-05,0.005525000000000006,-9.999999999990905e-06,95.0,0,0,0.0,0.0,20.0,0.0,-20.0,-20.0,-20.0,0.0
62.02755522727966,1.2499999999988632e-05,0.005449999999999989,-9.999999999990905e-06,95.0,0,0,0.0,0.0,20.0,0.0,-20.0,-20.0,-20.0,0.0
62.104549407958984,1.2499999999988632e-05,0.005375,-9.999999999990905e-06,95.0,0,0,0.0,0.0,20.0,0.0,-20.0,-20.0,-20.0,0.0
62.184547662734985,1.2499999999988632e-05,0.005300000000000011,-9.999999999990905e-06,95.0,0,0,0.0,0.0,20.0,0.0,-20.0,-20.0,-20.0,0.0
62.26056981086731,1.2499999999988632e-05,0.005224999999999994,-9.999999999990905e-06,95.0,0,0,0.0,0.0,20.0,0.0,-20.0,-20.0,-20.0,0.0
62.33755159378052,1.2499999999988632e-05,0.005224999999999994,-9.999999999990905e-06,95.0,0,0,0.0,0.0,20.0,0.0,-20.0,-20.0,-20.0,0.0
62.41654992103577,1.2499999999988632e-05,0.005074999999999988,-9.999999999990905e-06,95.0,0,0,0.0,0.0,20.0,0.0,-20.0,-20.0,-20.0,0.0
62.49354672431946,1.2499999999988632e-05,0.005074999999999988,-9.999999999990905e-06,95.0,0,0,0.0,0.0,20.0,0.0,-20.0,-20.0,-20.0,0.0
62.57255458831787,1.2499999999988632e-05,0.004949999999999988,-9.999999999990905e-06,95.0,0,0,0.0,0.0,20.0,0.0,-20.0,-20.0,-20.0,0.0
62.65054774284363,1.2499999999988632e-05,0.004875,-9.999999999990905e-06,95.0,0,0,0.0,0.0,20.0,0.0,-20.0,-20.0,-20.0,0.0
62.76354670524597,1.2499999999988632e-05,0.004875,-9.999999999990905e-06,95.0,0,0,0.0,0.0,20.0,0.0,-20.0,-20.0,-20.0,0.0