Current Date: Thu 08 Sep 2022 22:19:06
Object Position (x,y,z)(m): 0,0,-0.305
Target Position (x,y,z)(m): 0.15,0.15,-0.31
Time,x (m),y (m),z (m),grasp angle (deg),force,Buffer Length,Move to Pre Grasp,Move to grasp,grasp,lift after grasp,move to pre release,move to release,release,lift after release
0.160996675491333,0.0,0.0,0.0,66.35211181640625,0,0,20.0,0.0,0.0,-20.0,0.0,-20.0,-20.0,0.0
0.25499629974365234,0.0,0.0,-0.0009125000000000228,66.35211181640625,0,1,20.0,0.0,0.0,-20.0,0.0,-20.0,-20.0,0.0
0.39107513427734375,0.0,0.0,-0.0030049999999999955,66.35211181640625,0,2,20.0,0.0,0.0,-20.0,0.0,-20.0,-20.0,0.0
0.4856114387512207,0.0,0.0,-0.007035000000000025,66.35211181640625,0,3,20.0,0.0,0.0,-20.0,0.0,-20.0,-20.0,0.0
0.5666136741638184,0.0,0.0,-0.009350000000000023,66.35211181640625,0,4,20.0,0.0,0.0,-20.0,0.0,-20.0,-20.0,0.0
0.6626112461090088,0.0,0.0,-0.01094999999999999,66.35211181640625,0,5,20.0,0.0,0.0,-20.0,0.0,-20.0,-20.0,0.0
0.7416112422943115,0.0,0.0,-0.012014999999999986,66.35211181640625,0,6,20.0,0.0,0.0,-20.0,0.0,-20.0,-20.0,0.0
0.8216249942779541,0.0,0.0,-0.012287500000000022,66.35211181640625,0,6,20.0,0.0,0.0,-20.0,0.0,-20.0,-20.0,0.0
0.898611307144165,0.0,0.0,-0.01294999999999999,66.35211181640625,0,7,20.0,0.0,0.0,-20.0,0.0,-20.0,-20.0,0.0
0.9946181774139404,0.0,0.0,-0.014197499999999991,66.35211181640625,0,8,20.0,0.0,0.0,-20.0,0.0,-20.0,-20.0,0.0
1.074610948562622,0.0,0.0,-0.016545000000000015,66.35211181640625,0,9,20.0,0.0,0.0,-20.0,0.0,-20.0,-20.0,0.0
1.1406097412109375,0.0,0.0,-0.019214999999999975,66.35211181640625,0,10,20.0,0.0,0.0,-20.0,0.0,-20.0,-20.0,0.0
1.2116289138793945,0.0,0.0,-0.0215,66.35211181640625,0,10,20.0,0.0,0.0,-20.0,0.0,-20.0,-20.0,0.0
1.3076119422912598,0.0,0.0,-0.023964999999999976,66.35211181640625,0,9,20.0,0.0,0.0,-20.0,0.0,-20.0,-20.0,0.0
1.3796188831329346,0.0,0.0,-0.027305000000000006,66.35211181640625,0,10,20.0,0.0,0.0,-20.0,0.0,-20.0,-20.0,0.0
1.460618495941162,0.0,0.0,-0.029850000000000022,66.35211181640625,0,10,20.0,0.0,0.0,-20.0,0.0,-20.0,-20.0,0.0
1.5531346797943115,0.0,0.0,-0.03312999999999999,66.35211181640625,0,10,20.0,0.0,0.0,-20.0,0.0,-20.0,-20.0,0.0
1.6391377449035645,0.0,0.0,-0.036160000000000025,66.35211181640625,0,9,20.0,0.0,0.0,-20.0,0.0,-20.0,-20.0,0.0
1.7091338634490967,0.0,0.0,-0.03892000000000002,66.35211181640625,0,10,20.0,0.0,0.0,-20.0,0.0,-20.0,-20.0,0.0
1.7801342010498047,0.0,0.0,-0.041329999999999985,66.35211181640625,0,10,20.0,0.0,0.0,-20.0,0.0,-20.0,-20.0,0.0
1.8531420230865479,0.0,0.0,-0.04383499999999998,66.35211181640625,0,10,20.0,0.0,0.0,-20.0,0.0,-20.0,-20.0,0.0
1.9502017498016357,0.0,0.0,-0.04635500000000002,66.35211181640625,0,9,20.0,0.0,0.0,-20.0,0.0,-20.0,-20.0,0.0
2.0227184295654297,0.0,0.0,-0.049725000000000026,66.35211181640625,0,10,20.0,0.0,0.0,-20.0,0.0,-20.0,-20.0,0.0
2.0947153568267822,0.0,0.0,-0.052254999999999996,66.35211181640625,0,10,20.0,0.0,0.0,-20.0,0.0,-20.0,-20.0,0.0
2.167712450027466,0.0,0.0,-0.054805000000000006,66.35211181640625,0,10,20.0,0.0,0.0,-20.0,0.0,-20.0,-20.0,0.0
2.263725519180298,0.0,0.0,-0.057319999999999996,66.35211181640625,0,9,20.0,0.0,0.0,-20.0,0.0,-20.0,-20.0,0.0
2.3357138633728027,0.0,0.0,-0.060675000000000014,66.35211181640625,0,10,20.0,0.0,0.0,-20.0,0.0,-20.0,-20.0,0.0
2.4077250957489014,0.0,0.0,-0.06321500000000001,66.35211181640625,0,10,20.0,0.0,0.0,-20.0,0.0,-20.0,-20.0,0.0
2.4807229042053223,0.0,0.0,-0.06571,66.35211181640625,0,10,20.0,0.0,0.0,-20.0,0.0,-20.0,-20.0,0.0
2.578711986541748,0.0,0.0,-0.06824000000000001,66.35211181640625,0,9,20.0,0.0,0.0,-20.0,0.0,-20.0,-20.0,0.0
2.6677143573760986,0.0,0.0,-0.07189500000000001,66.35211181640625,0,10,20.0,0.0,0.0,-20.0,0.0,-20.0,-20.0,0.0
2.7527174949645996,0.0,0.0,-0.075175,66.35211181640625,0,10,20.0,0.0,0.0,-20.0,0.0,-20.0,-20.0,0.0
2.8487136363983154,0.0,0.0,-0.07772,66.35211181640625,0,9,20.0,0.0,0.0,-20.0,0.0,-20.0,-20.0,0.0
2.918712615966797,0.0,0.0,-0.08105000000000001,66.35211181640625,0,10,20.0,0.0,0.0,-20.0,0.0,-20.0,-20.0,0.0
2.9927191734313965,0.0,0.0,-0.083505,66.35211181640625,0,10,20.0,0.0,0.0,-20.0,0.0,-20.0,-20.0,0.0
3.08823561668396,0.0,0.0,-0.086065,66.35211181640625,0,9,20.0,0.0,0.0,-20.0,0.0,-20.0,-20.0,0.0
3.16023850440979,0.0,0.0,-0.08938999999999998,66.35211181640625,0,10,20.0,0.0,0.0,-20.0,0.0,-20.0,-20.0,0.0
3.2282378673553467,0.0,0.0,-0.091905,66.35211181640625,0,10,20.0,0.0,0.0,-20.0,0.0,-20.0,-20.0,0.0
3.305236577987671,0.0,0.0,-0.09427,66.35211181640625,0,9,20.0,0.0,0.0,-20.0,0.0,-20.0,-20.0,0.0
3.3762428760528564,0.0,0.0,-0.09695,66.35211181640625,0,10,20.0,0.0,0.0,-20.0,0.0,-20.0,-20.0,0.0
3.447237730026245,0.0,0.0,-0.099435,66.35211181640625,0,10,20.0,0.0,0.0,-20.0,0.0,-20.0,-20.0,0.0
3.5183265209198,0.0,0.0,-0.10189500000000001,66.35211181640625,0,10,20.0,0.0,0.0,-20.0,0.0,-20.0,-20.0,0.0
3.6153066158294678,0.0,0.0,-0.10438,66.35211181640625,0,9,20.0,0.0,0.0,-20.0,0.0,-20.0,-20.0,0.0
3.6863059997558594,0.0,0.0,-0.10777500000000001,66.35211181640625,0,10,20.0,0.0,0.0,-20.0,0.0,-20.0,-20.0,0.0
3.7583179473876953,0.0,0.0,-0.11024500000000001,66.35211181640625,0,10,20.0,0.0,0.0,-20.0,0.0,-20.0,-20.0,0.0
3.8893072605133057,0.0,0.0,-0.11297,66.35211181640625,0,9,20.0,0.0,0.0,-20.0,0.0,-20.0,-20.0,0.0
3.959306240081787,0.0,0.0,-0.11742500000000002,66.35211181640625,0,10,20.0,0.0,0.0,-20.0,0.0,-20.0,-20.0,0.0
4.030864477157593,0.0,0.0,-0.11975,66.35211181640625,0,10,20.0,0.0,0.0,-20.0,0.0,-20.0,-20.0,0.0
4.1008641719818115,0.0,0.0,-0.12223500000000001,66.35211181640625,0,10,20.0,0.0,0.0,-20.0,0.0,-20.0,-20.0,0.0
4.16886305809021,0.0,0.0,-0.12467500000000001,66.35211181640625,0,10,20.0,0.0,0.0,-20.0,0.0,-20.0,-20.0,0.0
4.2408599853515625,0.0,0.0,-0.127035,66.35211181640625,0,10,20.0,0.0,0.0,-20.0,0.0,-20.0,-20.0,0.0
4.310864448547363,0.0,0.0,-0.12956,66.35211181640625,0,10,20.0,0.0,0.0,-20.0,0.0,-20.0,-20.0,0.0
4.38387131690979,0.0,0.0,-0.13198500000000002,66.35211181640625,0,10,20.0,0.0,0.0,-20.0,0.0,-20.0,-20.0,0.0
4.465859889984131,0.0,0.0,-0.13457,66.35211181640625,0,9,20.0,0.0,0.0,-20.0,0.0,-20.0,-20.0,0.0
4.537862777709961,0.0,0.0,-0.137405,66.35211181640625,0,10,20.0,0.0,0.0,-20.0,0.0,-20.0,-20.0,0.0
4.609867334365845,0.0,0.0,-0.13992,66.35211181640625,0,10,20.0,0.0,0.0,-20.0,0.0,-20.0,-20.0,0.0
4.677859783172607,0.0,0.0,-0.14241499999999999,66.35211181640625,0,10,20.0,0.0,0.0,-20.0,0.0,-20.0,-20.0,0.0
4.749879360198975,0.0,0.0,-0.144785,66.35211181640625,0,10,20.0,0.0,0.0,-20.0,0.0,-20.0,-20.0,0.0
4.820872783660889,0.0,0.0,-0.14729499999999998,66.35211181640625,0,10,20.0,0.0,0.0,-20.0,0.0,-20.0,-20.0,0.0
4.894861936569214,0.0,0.0,-0.14977500000000002,66.35211181640625,0,10,20.0,0.0,0.0,-20.0,0.0,-20.0,-20.0,0.0
4.9698638916015625,0.0,0.0,-0.15234,66.35211181640625,0,10,20.0,0.0,0.0,-20.0,0.0,-20.0,-20.0,0.0
5.066870927810669,0.0,0.0,-0.155485,66.35211181640625,0,10,20.0,0.0,0.0,-20.0,0.0,-20.0,-20.0,0.0
5.137865781784058,0.0,0.0,-0.15850999999999998,66.35211181640625,0,10,20.0,0.0,0.0,-20.0,0.0,-20.0,-20.0,0.0
5.217866659164429,0.0,0.0,-0.160805,66.35211181640625,0,9,20.0,0.0,0.0,-20.0,0.0,-20.0,-20.0,0.0
5.287861585617065,0.0,0.0,-0.16359,66.35211181640625,0,10,20.0,0.0,0.0,-20.0,0.0,-20.0,-20.0,0.0
5.356861352920532,0.0,0.0,-0.166055,66.35211181640625,0,10,20.0,0.0,0.0,-20.0,0.0,-20.0,-20.0,0.0
5.428892135620117,0.0,0.0,-0.16842500000000002,66.35211181640625,0,10,20.0,0.0,0.0,-20.0,0.0,-20.0,-20.0,0.0
5.500874996185303,0.0,0.0,-0.17098,66.35211181640625,0,10,20.0,0.0,0.0,-20.0,0.0,-20.0,-20.0,0.0
5.571865797042847,0.0,0.0,-0.173445,66.35211181640625,0,10,20.0,0.0,0.0,-20.0,0.0,-20.0,-20.0,0.0
5.645728826522827,0.0,0.0,-0.17596,66.35211181640625,0,10,20.0,0.0,0.0,-20.0,0.0,-20.0,-20.0,0.0
5.717413663864136,0.0,0.0,-0.17851,66.35211181640625,0,10,20.0,0.0,0.0,-20.0,0.0,-20.0,-20.0,0.0
5.797419309616089,0.0,0.0,-0.18101499999999998,66.35211181640625,0,9,20.0,0.0,0.0,-20.0,0.0,-20.0,-20.0,0.0
5.8684163093566895,0.0,0.0,-0.183805,66.35211181640625,0,10,20.0,0.0,0.0,-20.0,0.0,-20.0,-20.0,0.0
5.940431356430054,0.0,0.0,-0.18628999999999998,66.35211181640625,0,10,20.0,0.0,0.0,-20.0,0.0,-20.0,-20.0,0.0
6.010412216186523,0.0,0.0,-0.188785,66.35211181640625,0,10,20.0,0.0,0.0,-20.0,0.0,-20.0,-20.0,0.0
6.079425096511841,0.0,0.0,-0.19123,66.35211181640625,0,10,20.0,0.0,0.0,-20.0,0.0,-20.0,-20.0,0.0
6.169416666030884,0.0,0.0,-0.193865,66.35211181640625,0,10,20.0,0.0,0.0,-20.0,0.0,-20.0,-20.0,0.0
6.253419399261475,0.0,0.0,-0.197125,66.35211181640625,0,10,20.0,0.0,0.0,-20.0,0.0,-20.0,-20.0,0.0
6.348418235778809,0.0,0.0,-0.19966,66.35211181640625,0,9,20.0,0.0,0.0,-20.0,0.0,-20.0,-20.0,0.0
6.417412281036377,0.0,0.0,-0.20301999999999998,66.35211181640625,0,10,20.0,0.0,0.0,-20.0,0.0,-20.0,-20.0,0.0
6.490429401397705,0.0,0.0,-0.205405,66.35211181640625,0,10,20.0,0.0,0.0,-20.0,0.0,-20.0,-20.0,0.0
6.562506675720215,0.0,0.0,-0.20793999999999999,66.35211181640625,0,10,20.0,0.0,0.0,-20.0,0.0,-20.0,-20.0,0.0
6.6314146518707275,0.0,0.0,-0.210445,66.35211181640625,0,10,20.0,0.0,0.0,-20.0,0.0,-20.0,-20.0,0.0
6.69941782951355,0.0,0.0,-0.212865,66.35211181640625,0,10,20.0,0.0,0.0,-20.0,0.0,-20.0,-20.0,0.0
6.7714197635650635,0.0,0.0,-0.21523,66.35211181640625,0,10,20.0,0.0,0.0,-20.0,0.0,-20.0,-20.0,0.0
6.866413354873657,0.0,0.0,-0.217755,66.35211181640625,0,9,20.0,0.0,0.0,-20.0,0.0,-20.0,-20.0,0.0
6.935415267944336,0.0,0.0,-0.221035,66.35211181640625,0,10,20.0,0.0,0.0,-20.0,0.0,-20.0,-20.0,0.0
7.006432056427002,0.0,0.0,-0.22344999999999998,66.35211181640625,0,10,20.0,0.0,0.0,-20.0,0.0,-20.0,-20.0,0.0
7.102414846420288,0.0,0.0,-0.22593000000000002,66.35211181640625,0,9,20.0,0.0,0.0,-20.0,0.0,-20.0,-20.0,0.0
7.172417640686035,0.0,0.0,-0.229275,66.35211181640625,0,10,20.0,0.0,0.0,-20.0,0.0,-20.0,-20.0,0.0
7.243427515029907,0.0,0.0,-0.23168,66.35211181640625,0,10,0.0,20.0,0.0,0.0,-20.0,-20.0,-20.0,0.0
7.333415269851685,0.0,0.0,-0.234455,66.35211181640625,0,10,0.0,20.0,0.0,0.0,-20.0,-20.0,-20.0,0.0
7.4404120445251465,0.0,0.0,-0.23770999999999998,66.35211181640625,0,9,0.0,20.0,0.0,0.0,-20.0,-20.0,-20.0,0.0
7.512450933456421,0.0,0.0,-0.24105000000000001,66.35211181640625,0,10,0.0,20.0,0.0,0.0,-20.0,-20.0,-20.0,0.0
7.608423233032227,0.0,0.0,-0.243545,66.35211181640625,0,9,0.0,20.0,0.0,0.0,-20.0,-20.0,-20.0,0.0
7.678465843200684,0.0,0.0,-0.24694,66.35211181640625,0,10,0.0,20.0,0.0,0.0,-20.0,-20.0,-20.0,0.0
7.749985456466675,0.0,0.0,-0.24933499999999997,66.35211181640625,0,10,0.0,20.0,0.0,0.0,-20.0,-20.0,-20.0,0.0
7.819981575012207,0.0,0.0,-0.25183500000000003,66.35211181640625,0,10,0.0,20.0,0.0,0.0,-20.0,-20.0,-20.0,0.0
7.917992115020752,0.0,0.0,-0.25427500000000003,66.35211181640625,0,9,0.0,20.0,0.0,0.0,-20.0,-20.0,-20.0,0.0
7.989980459213257,0.0,0.0,-0.25769,66.35211181640625,0,10,0.0,20.0,0.0,0.0,-20.0,-20.0,-20.0,0.0
8.088005065917969,0.0,0.0,-0.260185,66.35211181640625,0,9,0.0,20.0,0.0,0.0,-20.0,-20.0,-20.0,0.0
8.158024787902832,0.0,0.0,-0.263615,66.35211181640625,0,10,0.0,20.0,0.0,0.0,-20.0,-20.0,-20.0,0.0
8.22602105140686,0.0,0.0,-0.26604,66.35211181640625,0,10,0.0,20.0,0.0,0.0,-20.0,-20.0,-20.0,0.0
8.297041416168213,0.0,0.0,-0.26840499999999995,66.35211181640625,0,10,0.0,20.0,0.0,0.0,-20.0,-20.0,-20.0,0.0
8.368022203445435,0.0,0.0,-0.27090499999999995,66.35211181640625,0,10,0.0,20.0,0.0,0.0,-20.0,-20.0,-20.0,0.0
8.485543012619019,0.0,0.0,-0.27336,66.35211181640625,0,9,0.0,20.0,0.0,0.0,-20.0,-20.0,-20.0,0.0
8.573545932769775,0.0,0.0,-0.278005,66.35211181640625,0,10,0.0,20.0,0.0,0.0,-20.0,-20.0,-20.0,0.0
8.643542766571045,0.0,0.0,-0.28052499999999997,66.35211181640625,0,10,0.0,20.0,0.0,0.0,-20.0,-20.0,-20.0,0.0
8.741544246673584,0.0,0.0,-0.28298,66.35211181640625,0,9,0.0,20.0,0.0,0.0,-20.0,-20.0,-20.0,0.0
8.813549518585205,0.0,0.0,-0.28636,66.35211181640625,0,10,0.0,20.0,0.0,0.0,-20.0,-20.0,-20.0,0.0
8.909548282623291,0.0,0.0,-0.288885,66.35211181640625,0,9,0.0,20.0,0.0,0.0,-20.0,-20.0,-20.0,0.0
8.98254656791687,0.0,0.0,-0.29222000000000004,66.35211181640625,0,10,0.0,20.0,0.0,0.0,-20.0,-20.0,-20.0,0.0
9.143064260482788,0.0,0.0,-0.294755,92.81046676635742,0,9,0.0,1.5285821,18.471418,0.0,-20.0,-20.0,-20.0,0.0
9.30007004737854,0.0,0.0,-0.29902,95.0,0,6,0.0,0.0,20.0,0.0,-20.0,-20.0,-20.0,0.0
9.378069162368774,0.0,0.0,-0.301265,95.0,0,4,0.0,0.0,20.0,0.0,-20.0,-20.0,-20.0,0.0
9.45607304573059,0.0,0.0,-0.301885,95.0,0,3,0.0,0.0,20.0,0.0,-20.0,-20.0,-20.0,0.0
9.532074213027954,0.0,0.0,-0.302285,95.0,0,1,0.0,0.0,20.0,0.0,-20.0,-20.0,-20.0,0.0
9.634074687957764,0.0,0.0,-0.3024275,95.0,0,1,0.0,0.0,20.0,0.0,-20.0,-20.0,-20.0,0.0
9.737067222595215,0.0,0.0,-0.30252999999999997,95.0,0,0,0.0,0.0,20.0,0.0,-20.0,-20.0,-20.0,0.0
9.81307077407837,0.0,0.0,-0.30263,95.0,20,0,0.0,0.0,20.0,0.0,-20.0,-20.0,-20.0,0.0
9.891077756881714,0.0,0.0,-0.30273,95.0,20,0,-20.0,-20.0,0.0,20.0,0.0,0.0,0.0,-20.0
9.984064102172852,0.0,0.0,-0.3025825,95.0,20,1,-20.0,-20.0,0.0,20.0,0.0,0.0,0.0,-20.0
10.065070152282715,0.0,0.0,-0.3016175,95.0,20,2,-20.0,-20.0,0.0,20.0,0.0,0.0,0.0,-20.0
10.162070274353027,0.0,0.0,-0.30019,95.0,20,3,-20.0,-20.0,0.0,20.0,0.0,0.0,0.0,-20.0
10.241065502166748,0.0,0.0,-0.299055,95.0,20,4,-20.0,-20.0,0.0,20.0,0.0,0.0,0.0,-20.0
10.33506965637207,0.0,0.0,-0.29877,95.0,20,4,-20.0,-20.0,0.0,20.0,0.0,0.0,0.0,-20.0
10.428064346313477,0.0,0.0,-0.2980075,95.0,20,5,-20.0,-20.0,0.0,20.0,0.0,0.0,0.0,-20.0
10.52606749534607,0.0,0.0,-0.29639,95.0,20,6,-20.0,-20.0,0.0,20.0,0.0,0.0,0.0,-20.0
10.623089075088501,0.0,0.0,-0.29375,95.0,20,6,-20.0,0.0,-20.0,20.0,0.0,0.0,0.0,-20.0
10.757065773010254,0.0,0.0,-0.29045499999999996,95.0,20,6,-20.0,0.0,-20.0,20.0,0.0,0.0,0.0,-20.0
10.868154764175415,0.0,0.0,-0.28529000000000004,95.0,20,6,-20.0,0.0,-20.0,20.0,0.0,0.0,0.0,-20.0
10.966158628463745,0.0,0.0,-0.28218,95.0,20,6,-20.0,0.0,-20.0,20.0,0.0,0.0,0.0,-20.0
11.060698747634888,0.0,0.0,-0.27924,95.0,20,6,-20.0,0.0,-20.0,20.0,0.0,0.0,0.0,-20.0
11.158684968948364,0.0,0.0,-0.276495,95.0,20,6,-20.0,0.0,-20.0,20.0,0.0,0.0,0.0,-20.0
11.25268816947937,0.0,0.0,-0.273475,95.0,20,6,-20.0,0.0,-20.0,20.0,0.0,0.0,0.0,-20.0
11.349695920944214,0.0,0.0,-0.270625,95.0,20,6,-20.0,0.0,-20.0,20.0,0.0,0.0,0.0,-20.0
11.44632339477539,0.0,0.0,-0.26798500000000003,95.0,20,6,-20.0,0.0,-20.0,20.0,0.0,0.0,0.0,-20.0
11.538879156112671,0.0,0.0,-0.265425,95.0,20,6,-20.0,0.0,-20.0,20.0,0.0,0.0,0.0,-20.0
11.63691258430481,0.0,0.0,-0.2629925,95.0,20,6,-20.0,0.0,-20.0,20.0,0.0,0.0,0.0,-20.0
11.732961893081665,0.0,0.0,-0.26050249999999997,95.0,20,6,-20.0,0.0,-20.0,20.0,0.0,0.0,0.0,-20.0
11.859959602355957,0.0,0.0,-0.2581225,95.0,20,6,-20.0,0.0,-20.0,20.0,0.0,0.0,0.0,-20.0
11.989475727081299,0.0,0.0,-0.25467,95.0,20,5,-20.0,0.0,-20.0,20.0,0.0,0.0,0.0,-20.0
12.086475849151611,0.0,0.0,-0.2521125,95.0,20,5,-20.0,0.0,-20.0,20.0,0.0,0.0,0.0,-20.0
12.181475639343262,0.0,0.0,-0.2500425,95.0,20,5,-20.0,0.0,-20.0,20.0,0.0,0.0,0.0,-20.0
12.276479721069336,0.0,0.0,-0.2480925,95.0,20,4,-20.0,0.0,-20.0,20.0,0.0,0.0,0.0,-20.0
12.371474027633667,0.0,0.0,-0.246175,95.0,20,4,-20.0,0.0,-20.0,20.0,0.0,0.0,0.0,-20.0
12.451490879058838,0.0,0.0,-0.2442625,95.0,20,4,-20.0,0.0,-20.0,20.0,0.0,0.0,0.0,-20.0
12.544474601745605,0.0,0.0,-0.2427125,95.0,20,4,-20.0,0.0,-20.0,20.0,0.0,0.0,0.0,-20.0
12.625476837158203,0.0,0.0,-0.240905,95.0,20,4,-20.0,0.0,-20.0,20.0,0.0,0.0,0.0,-20.0
12.724481344223022,0.0,0.0,-0.23938749999999998,95.0,20,4,-20.0,0.0,-20.0,20.0,0.0,0.0,0.0,-20.0
12.800474405288696,0.0,0.0,-0.23761000000000002,95.0,20,4,-20.0,0.0,-20.0,20.0,0.0,0.0,0.0,-20.0
12.895475387573242,0.0,0.0,-0.23625,95.0,20,4,-20.0,0.0,-20.0,20.0,0.0,0.0,0.0,-20.0
12.99902606010437,0.0,0.0,-0.2346225,95.0,20,3,-20.0,0.0,-20.0,20.0,0.0,0.0,0.0,-20.0
13.110593318939209,0.0,0.0,-0.23270249999999998,95.0,20,3,-20.0,0.0,-20.0,20.0,0.0,0.0,0.0,-20.0
13.205588102340698,0.0,0.0,-0.23104500000000003,95.0,20,2,-20.0,0.0,-20.0,20.0,0.0,0.0,0.0,-20.0
13.284594297409058,0.0,0.0,-0.229525,95.0,20,2,0.0,-20.0,-20.0,0.0,20.0,0.0,0.0,-20.0
13.364672422409058,0.0,0.0,-0.2286625,95.0,20,2,0.0,-20.0,-20.0,0.0,20.0,0.0,0.0,-20.0
13.45866084098816,8.750000000000568e-05,2.5000000000005683e-05,-0.2284675,95.0,20,2,0.0,-20.0,-20.0,0.0,20.0,0.0,0.0,-20.0
13.538651466369629,0.0014625000000000057,0.0005,-0.229215,95.0,20,3,0.0,-20.0,-20.0,0.0,20.0,0.0,0.0,-20.0
13.633652687072754,0.003925000000000011,0.0013375000000000058,-0.23055,95.0,20,4,0.0,-20.0,-20.0,0.0,20.0,0.0,0.0,-20.0
13.712168455123901,0.007837500000000006,0.0026875,-0.23267500000000002,95.0,20,4,0.0,-20.0,-20.0,0.0,20.0,0.0,0.0,-20.0
13.80916714668274,0.011112500000000011,0.0038499999999999945,-0.23445749999999999,95.0,20,5,0.0,-20.0,-20.0,0.0,20.0,0.0,0.0,-20.0
13.903690099716187,0.015137499999999988,0.005300000000000011,-0.23664749999999998,95.0,20,5,0.0,-20.0,-20.0,0.0,20.0,0.0,0.0,-20.0
13.985695362091064,0.019074999999999988,0.006737500000000012,-0.23879250000000002,95.0,20,5,0.0,-20.0,-20.0,0.0,20.0,0.0,0.0,-20.0
14.082200765609741,0.022474999999999995,0.008,-0.24064499999999997,95.0,20,6,0.0,-20.0,-20.0,0.0,20.0,0.0,0.0,-20.0
14.196207284927368,0.026474999999999995,0.009537499999999994,-0.24281999999999998,95.0,20,6,0.0,-20.0,-20.0,0.0,20.0,0.0,0.0,-20.0
14.292200088500977,0.0314375,0.011462500000000006,-0.2455125,95.0,20,6,0.0,-20.0,-20.0,0.0,20.0,0.0,0.0,-20.0
14.390211582183838,0.03513749999999999,0.01294999999999999,-0.247525,95.0,20,6,0.0,-20.0,-20.0,0.0,20.0,0.0,0.0,-20.0
14.484203100204468,0.03917500000000001,0.014599999999999995,-0.249725,95.0,20,6,0.0,-20.0,-20.0,0.0,20.0,0.0,0.0,-20.0
14.577200889587402,0.04303750000000002,0.016212500000000005,-0.25183,95.0,20,6,0.0,-20.0,-20.0,0.0,20.0,0.0,0.0,-20.0
14.67421293258667,0.046850000000000024,0.017837500000000006,-0.2538975,95.0,20,6,0.0,-20.0,-20.0,0.0,20.0,0.0,0.0,-20.0
14.76819920539856,0.0508125,0.019574999999999988,-0.25605500000000003,95.0,20,6,0.0,-20.0,-20.0,0.0,20.0,0.0,0.0,-20.0
14.863203287124634,0.054649999999999976,0.02130000000000001,-0.25814,95.0,20,6,0.0,-20.0,-20.0,0.0,20.0,0.0,0.0,-20.0
14.959199666976929,0.05851249999999999,0.023074999999999988,-0.2602375,95.0,20,6,0.0,-20.0,-20.0,0.0,20.0,0.0,0.0,-20.0
15.054207563400269,0.06236250000000001,0.024912499999999994,-0.26233249999999997,95.0,20,6,0.0,-20.0,-20.0,0.0,20.0,0.0,0.0,-20.0
15.150269508361816,0.06622500000000002,0.02680000000000001,-0.26443,95.0,20,6,0.0,-20.0,-20.0,0.0,20.0,0.0,0.0,-20.0
15.243268013000488,0.0700625,0.028737500000000013,-0.26651749999999996,95.0,20,6,0.0,-20.0,-20.0,0.0,20.0,0.0,0.0,-20.0
15.377280712127686,0.07433749999999997,0.030962500000000007,-0.2688425,95.0,20,6,0.0,-20.0,-20.0,0.0,20.0,0.0,0.0,-20.0
15.473266124725342,0.07894999999999999,0.03347499999999999,-0.271355,95.0,20,5,0.0,-20.0,-20.0,0.0,20.0,0.0,0.0,-20.0
15.571271419525146,0.08255000000000001,0.0355,-0.2733175,95.0,20,5,0.0,-20.0,-20.0,0.0,20.0,0.0,0.0,-20.0
15.65232253074646,0.08594999999999998,0.037487500000000014,-0.27516250000000003,95.0,20,5,0.0,-20.0,-20.0,0.0,20.0,0.0,0.0,-20.0
15.748492240905762,0.08866250000000002,0.039125,-0.27664249999999996,95.0,20,5,0.0,-20.0,-20.0,0.0,20.0,0.0,0.0,-20.0
15.845486879348755,0.09182499999999999,0.04108749999999998,-0.2783625,95.0,20,4,0.0,-20.0,-20.0,0.0,20.0,0.0,0.0,-20.0
15.924488306045532,0.09497500000000002,0.043125,-0.28007499999999996,95.0,20,4,0.0,-20.0,-20.0,0.0,20.0,0.0,0.0,-20.0
16.021018028259277,0.0974875,0.04478750000000002,-0.2814375,95.0,20,4,0.0,-20.0,-20.0,0.0,20.0,0.0,0.0,-20.0
16.099023818969727,0.10036250000000001,0.046774999999999976,-0.283005,95.0,20,3,0.0,-20.0,-20.0,0.0,20.0,0.0,0.0,-20.0
16.17801785469055,0.10269999999999999,0.0484375,-0.284275,95.0,20,3,0.0,-20.0,-20.0,0.0,20.0,0.0,0.0,-20.0
16.27302312850952,0.1050125,0.05014999999999998,-0.28554,95.0,20,3,0.0,-20.0,-20.0,0.0,20.0,0.0,0.0,-20.0
16.353018760681152,0.10771249999999997,0.052212499999999974,-0.2869975,95.0,20,2,0.0,-20.0,-20.0,0.0,20.0,0.0,0.0,-20.0
16.471017360687256,0.10988749999999999,0.0539375,-0.2881875,95.0,20,2,0.0,-20.0,-20.0,0.0,20.0,0.0,0.0,-20.0
16.551533460617065,0.112325,0.055949999999999986,-0.28951,95.0,20,2,0.0,-20.0,-20.0,0.0,20.0,0.0,0.0,-20.0
16.646557331085205,0.11277499999999997,0.056324999999999986,-0.2897525,95.0,20,2,0.0,-20.0,-20.0,0.0,20.0,0.0,0.0,-20.0
16.725533723831177,0.11446249999999998,0.05778750000000002,-0.2906675,95.0,20,2,0.0,-20.0,-20.0,0.0,20.0,0.0,0.0,-20.0
16.805537223815918,0.11647500000000002,0.05960000000000002,-0.2917625,95.0,20,2,0.0,-20.0,-20.0,0.0,20.0,0.0,0.0,-20.0
16.885535717010498,0.11789999999999998,0.06091250000000002,-0.2925475,95.0,20,2,0.0,-20.0,-20.0,0.0,20.0,0.0,0.0,-20.0
16.979061603546143,0.118375,0.06135000000000002,-0.2928025,95.0,20,2,0.0,-20.0,-20.0,0.0,20.0,0.0,0.0,-20.0
17.060059785842896,0.1199375,0.06286250000000002,-0.2936475,95.0,20,2,0.0,-20.0,-20.0,0.0,20.0,0.0,0.0,-20.0
17.136059522628784,0.1215,0.06441250000000003,-0.294495,95.0,20,2,0.0,-20.0,-20.0,0.0,20.0,0.0,0.0,-20.0
17.213062047958374,0.12238749999999998,0.065325,-0.29498,95.0,20,2,0.0,-20.0,-20.0,0.0,20.0,0.0,0.0,-20.0
17.29206156730652,0.12376249999999998,0.06677499999999997,-0.29573,95.0,20,2,0.0,-20.0,-20.0,0.0,20.0,0.0,0.0,-20.0
17.369065523147583,0.12423750000000001,0.06728750000000003,-0.295985,95.0,20,2,0.0,-20.0,-20.0,0.0,20.0,0.0,0.0,-20.0
17.449061632156372,0.12536250000000002,0.06851249999999999,-0.2965925,95.0,20,2,0.0,-20.0,-20.0,0.0,20.0,0.0,0.0,-20.0
17.528062343597412,0.1270625,0.07047500000000002,-0.29752,95.0,20,1,0.0,-20.0,-20.0,0.0,20.0,0.0,0.0,-20.0
17.637057065963745,0.1279875,0.07157499999999999,-0.2980275,95.0,20,1,0.0,-20.0,-20.0,0.0,20.0,0.0,0.0,-20.0
17.716063261032104,0.12878750000000003,0.07252499999999998,-0.2984575,95.0,20,2,0.0,-20.0,-20.0,0.0,20.0,0.0,0.0,-20.0
17.808579444885254,0.1293,0.07317500000000002,-0.2987375,95.0,20,2,0.0,-20.0,-20.0,0.0,20.0,0.0,0.0,-20.0
17.887614250183105,0.12991250000000001,0.07394999999999999,-0.2990675,95.0,20,2,0.0,-20.0,-20.0,0.0,20.0,0.0,0.0,-20.0
17.982582092285156,0.131125,0.07555,-0.29973500000000003,95.0,20,2,0.0,-20.0,-20.0,0.0,20.0,0.0,0.0,-20.0
18.061579704284668,0.13205,0.0768125,-0.30024,95.0,20,1,0.0,-20.0,-20.0,0.0,20.0,0.0,0.0,-20.0
18.140585899353027,0.1326875,0.07767500000000001,-0.3005775,95.0,20,2,0.0,-20.0,-20.0,0.0,20.0,0.0,0.0,-20.0
18.220580101013184,0.1331875,0.07838749999999998,-0.3008525,95.0,20,2,0.0,-20.0,-20.0,0.0,20.0,0.0,0.0,-20.0
18.296638250350952,0.1336375,0.07905000000000001,-0.30110000000000003,95.0,20,2,0.0,-20.0,-20.0,0.0,20.0,0.0,0.0,-20.0
18.373661518096924,0.1347375,0.0807,-0.30169999999999997,95.0,20,2,0.0,-20.0,-20.0,0.0,20.0,0.0,0.0,-20.0
18.46764326095581,0.135375,0.0817,-0.30205,95.0,20,1,0.0,-20.0,-20.0,0.0,20.0,0.0,0.0,-20.0
18.54364514350891,0.1359625,0.082625,-0.30237,95.0,20,1,0.0,-20.0,-20.0,0.0,20.0,0.0,0.0,-20.0
18.635637998580933,0.1364875,0.0835,-0.30265,95.0,20,2,-20.0,-20.0,-20.0,0.0,0.0,20.0,0.0,0.0
18.731638431549072,0.13710000000000003,0.08451249999999999,-0.30297500000000005,95.0,20,1,-20.0,-20.0,-20.0,0.0,0.0,20.0,0.0,0.0
18.812641143798828,0.13758749999999997,0.08533749999999998,-0.303245,95.0,20,1,-20.0,-20.0,-20.0,0.0,0.0,20.0,0.0,0.0
18.889657258987427,0.1380625,0.08623750000000001,-0.30351249999999996,95.0,20,1,-20.0,-20.0,-20.0,0.0,0.0,20.0,0.0,0.0
18.967650175094604,0.13852499999999998,0.08707499999999999,-0.303765,95.0,20,2,-20.0,-20.0,-20.0,0.0,0.0,20.0,0.0,0.0
19.0476496219635,0.1389875,0.08791250000000002,-0.30401,95.0,20,2,-20.0,-20.0,-20.0,0.0,0.0,20.0,0.0,0.0
19.124637365341187,0.13942500000000002,0.08877499999999998,-0.3042525,95.0,20,2,-20.0,-20.0,-20.0,0.0,0.0,20.0,0.0,0.0
19.203648567199707,0.13985000000000003,0.08961250000000001,-0.3044825,95.0,20,2,-20.0,-20.0,-20.0,0.0,0.0,20.0,0.0,0.0
19.281644105911255,0.14027499999999998,0.09047500000000003,-0.30471,95.0,20,1,-20.0,-20.0,-20.0,0.0,0.0,20.0,0.0,0.0
19.35964012145996,0.14067500000000002,0.0913125,-0.304925,95.0,20,1,-20.0,-20.0,-20.0,0.0,0.0,20.0,0.0,0.0
19.439167976379395,0.1410625,0.09216250000000002,-0.3051375,95.0,20,1,-20.0,-20.0,-20.0,0.0,0.0,20.0,0.0,0.0
19.53416633605957,0.1414625,0.0930625,-0.30536250000000004,95.0,20,1,-20.0,-20.0,-20.0,0.0,0.0,20.0,0.0,0.0
19.609164476394653,0.142,0.09430000000000001,-0.30564749999999996,95.0,20,1,-20.0,-20.0,-20.0,0.0,0.0,20.0,0.0,0.0
19.687177658081055,0.1422875,0.09497500000000002,-0.3058075,95.0,20,1,-20.0,-20.0,-20.0,0.0,0.0,20.0,0.0,0.0
19.788172721862793,0.14264999999999997,0.09585000000000002,-0.306,95.0,20,1,-20.0,-20.0,-20.0,0.0,0.0,20.0,0.0,0.0
19.86616826057434,0.14297500000000002,0.09667500000000001,-0.3061775,95.0,20,1,-20.0,-20.0,-20.0,0.0,0.0,20.0,0.0,0.0
19.94616985321045,0.14323750000000002,0.0973625,-0.3063175,95.0,20,1,-20.0,-20.0,-20.0,0.0,0.0,20.0,0.0,0.0
20.02116847038269,0.14348750000000002,0.09803750000000003,-0.30645999999999995,95.0,20,1,-20.0,-20.0,-20.0,0.0,0.0,20.0,0.0,0.0
20.10117816925049,0.14375,0.09875,-0.30660000000000004,95.0,20,1,-20.0,-20.0,-20.0,0.0,0.0,20.0,0.0,0.0
20.17816662788391,0.144025,0.09951249999999999,-0.3067525,95.0,20,1,-20.0,-20.0,-20.0,0.0,0.0,20.0,0.0,0.0
20.2567195892334,0.14423750000000002,0.10013749999999999,-0.30687000000000003,95.0,20,1,-20.0,-20.0,-20.0,0.0,0.0,20.0,0.0,0.0
20.335724115371704,0.14447500000000002,0.10085000000000002,-0.3069975,95.0,20,1,-20.0,-20.0,-20.0,0.0,0.0,20.0,0.0,0.0
20.41473388671875,0.14471249999999997,0.1015625,-0.3071225,95.0,20,1,-20.0,-20.0,-20.0,0.0,0.0,20.0,0.0,0.0
20.49370765686035,0.14491250000000003,0.10221249999999998,-0.3072325,95.0,20,1,-20.0,-20.0,-20.0,0.0,0.0,20.0,0.0,0.0
20.572715044021606,0.145125,0.102875,-0.30735250000000003,95.0,20,1,-20.0,-20.0,-20.0,0.0,0.0,20.0,0.0,0.0
20.652722597122192,0.1453125,0.10352499999999998,-0.307455,95.0,20,1,-20.0,-20.0,-20.0,0.0,0.0,20.0,0.0,0.0
20.731708765029907,0.1455125,0.10416250000000002,-0.307555,95.0,20,1,-20.0,-20.0,-20.0,0.0,0.0,20.0,0.0,0.0
20.809715509414673,0.1456875,0.10478750000000002,-0.30765499999999996,95.0,20,1,-20.0,-20.0,-20.0,0.0,0.0,20.0,0.0,0.0
20.921711444854736,0.145875,0.1054375,-0.30775,95.0,20,0,-20.0,-20.0,-20.0,0.0,0.0,20.0,0.0,0.0
20.998710870742798,0.14603750000000001,0.10605,-0.30784,95.0,20,0,-20.0,-20.0,-20.0,0.0,0.0,20.0,0.0,0.0
21.07771325111389,0.1461875,0.10663749999999998,-0.3079275,95.0,20,1,-20.0,-20.0,-20.0,0.0,0.0,20.0,0.0,0.0
21.155718564987183,0.14633749999999998,0.10722500000000003,-0.3080075,95.0,20,1,-20.0,-20.0,-20.0,0.0,0.0,20.0,0.0,0.0
21.232715606689453,0.14648750000000002,0.1078125,-0.30808749999999996,95.0,20,1,-20.0,-20.0,-20.0,0.0,0.0,20.0,0.0,0.0
21.310789346694946,0.146625,0.10839999999999998,-0.30816750000000004,95.0,20,1,-20.0,-20.0,-20.0,0.0,0.0,20.0,0.0,0.0
21.38978886604309,0.146775,0.10896249999999998,-0.3082375,95.0,20,1,-20.0,-20.0,-20.0,0.0,0.0,20.0,0.0,0.0
21.466788291931152,0.14689999999999998,0.10953750000000002,-0.30831000000000003,95.0,20,0,-20.0,-20.0,-20.0,0.0,0.0,20.0,0.0,0.0
21.543790578842163,0.147025,0.11010000000000002,-0.30838,95.0,20,0,-20.0,-20.0,-20.0,0.0,0.0,20.0,0.0,0.0
21.624792098999023,0.14713749999999998,0.110625,-0.3084375,95.0,20,1,-20.0,-20.0,-20.0,0.0,0.0,20.0,0.0,0.0
21.70378875732422,0.14725,0.11117500000000001,-0.30851,95.0,20,0,-20.0,-20.0,-20.0,0.0,0.0,20.0,0.0,0.0
21.782790184020996,0.1473625,0.11171249999999998,-0.30857,95.0,20,0,-20.0,-20.0,-20.0,0.0,0.0,20.0,0.0,0.0
21.862334728240967,0.14747500000000002,0.11223750000000002,-0.30862,95.0,20,0,-20.0,-20.0,-20.0,0.0,0.0,20.0,0.0,0.0
21.960334300994873,0.14757499999999998,0.11276249999999999,-0.30868,95.0,20,0,-20.0,-20.0,-20.0,0.0,0.0,20.0,0.0,0.0
22.049331426620483,0.147675,0.11327499999999997,-0.30873,95.0,20,0,-20.0,-20.0,-20.0,0.0,0.0,20.0,0.0,0.0
22.125330686569214,0.1477625,0.11377499999999997,-0.30878,95.0,20,0,-20.0,-20.0,-20.0,0.0,0.0,20.0,0.0,0.0
22.20233726501465,0.14785,0.11426249999999999,-0.30883,95.0,20,0,-20.0,-20.0,-20.0,0.0,0.0,20.0,0.0,0.0
22.279330492019653,0.1479375,0.11475,-0.30888,95.0,20,0,-20.0,-20.0,-20.0,0.0,0.0,20.0,0.0,0.0
22.35634756088257,0.148025,0.1152375,-0.30892000000000003,95.0,20,0,-20.0,-20.0,-20.0,0.0,0.0,20.0,0.0,0.0
22.435335397720337,0.1481,0.11571249999999998,-0.30897,95.0,20,0,-20.0,-20.0,-20.0,0.0,0.0,20.0,0.0,0.0
22.51233458518982,0.148175,0.11617500000000001,-0.30901,95.0,20,0,-20.0,-20.0,-20.0,0.0,0.0,20.0,0.0,0.0
22.592398405075073,0.14825,0.11664999999999998,-0.30905,95.0,20,0,-20.0,-20.0,-20.0,0.0,0.0,20.0,0.0,0.0
22.687399864196777,0.14832499999999998,0.11710000000000002,-0.30907999999999997,95.0,20,0,-20.0,-20.0,-20.0,0.0,0.0,20.0,0.0,0.0
22.76740550994873,0.14838749999999998,0.11755000000000002,-0.30912,95.0,20,0,-20.0,-20.0,-20.0,0.0,0.0,20.0,0.0,0.0
22.847408771514893,0.14845,0.118,-0.30916000000000005,95.0,20,0,-20.0,-20.0,-20.0,0.0,0.0,20.0,0.0,0.0
22.94239902496338,0.1485125,0.1184375,-0.30919,95.0,20,0,-20.0,-20.0,-20.0,0.0,0.0,20.0,0.0,0.0
23.029401302337646,0.14857499999999998,0.118875,-0.30922000000000005,95.0,20,0,-20.0,-20.0,-20.0,0.0,0.0,20.0,0.0,0.0
23.121402263641357,0.148625,0.11930000000000002,-0.30925,95.0,20,0,-20.0,-20.0,-20.0,0.0,0.0,20.0,0.0,0.0
23.195937395095825,0.148675,0.11972500000000003,-0.30928,95.0,20,0,-20.0,-20.0,-20.0,0.0,0.0,20.0,0.0,0.0
23.27393889427185,0.14873750000000002,0.120125,-0.30931000000000003,95.0,20,0,-20.0,-20.0,-20.0,0.0,0.0,20.0,0.0,0.0
23.350937128067017,0.14878750000000002,0.12053750000000002,-0.30933999999999995,95.0,20,0,-20.0,-20.0,-20.0,0.0,0.0,20.0,0.0,0.0
23.42493176460266,0.14883749999999998,0.1209375,-0.30937,95.0,20,0,-20.0,-20.0,-20.0,0.0,0.0,20.0,0.0,0.0
23.503941297531128,0.148875,0.12133749999999997,-0.30939,95.0,20,0,-20.0,-20.0,-20.0,0.0,0.0,20.0,0.0,0.0
23.598932027816772,0.148925,0.12172500000000003,-0.30942000000000003,95.0,20,0,-20.0,-20.0,-20.0,0.0,0.0,20.0,0.0,0.0
23.676936149597168,0.14897500000000002,0.122125,-0.30944,95.0,20,0,-20.0,-20.0,-20.0,0.0,0.0,20.0,0.0,0.0
23.75593900680542,0.1490125,0.1225,-0.30945999999999996,95.0,20,0,-20.0,-20.0,-20.0,0.0,0.0,20.0,0.0,0.0
23.83293628692627,0.14905000000000002,0.122875,-0.30948000000000003,95.0,20,0,-20.0,-20.0,-20.0,0.0,0.0,20.0,0.0,0.0
23.912938356399536,0.14908749999999998,0.12325,-0.3095,95.0,20,0,-20.0,-20.0,-20.0,0.0,0.0,20.0,0.0,0.0
24.008933782577515,0.149125,0.123625,-0.30951999999999996,95.0,20,0,-20.0,-20.0,-20.0,0.0,0.0,20.0,0.0,0.0
24.085484266281128,0.14916250000000003,0.12397500000000003,-0.30954000000000004,95.0,20,0,-20.0,-20.0,-20.0,0.0,0.0,20.0,0.0,0.0
24.19648838043213,0.1491875,0.12433749999999998,-0.30956,95.0,20,0,-20.0,-20.0,-20.0,0.0,0.0,20.0,0.0,0.0
24.271488189697266,0.14922500000000002,0.1246875,-0.30957999999999997,95.0,20,0,-20.0,-20.0,-20.0,0.0,0.0,20.0,0.0,0.0
24.34801173210144,0.1492625,0.12502499999999997,-0.30960000000000004,95.0,20,0,-20.0,-20.0,-20.0,0.0,0.0,20.0,0.0,0.0
24.425023317337036,0.14928750000000002,0.125375,-0.30961,95.0,20,0,-20.0,-20.0,-20.0,0.0,0.0,20.0,0.0,0.0
24.504014492034912,0.1493125,0.12571249999999998,-0.30963,95.0,20,0,-20.0,-20.0,-20.0,0.0,0.0,20.0,0.0,0.0
24.583016872406006,0.14933749999999998,0.12605000000000002,-0.30963999999999997,95.0,20,0,-20.0,-20.0,-20.0,0.0,0.0,20.0,0.0,0.0
24.66201138496399,0.149375,0.126375,-0.30966000000000005,95.0,20,0,-20.0,-20.0,-20.0,0.0,0.0,20.0,0.0,0.0
24.740549564361572,0.14938749999999998,0.12669999999999998,-0.30967,95.0,20,0,-20.0,-20.0,-20.0,0.0,0.0,20.0,0.0,0.0
24.82057023048401,0.149425,0.12702499999999997,-0.30968,95.0,20,0,-20.0,-20.0,-20.0,0.0,0.0,20.0,0.0,0.0
24.900556802749634,0.1494375,0.127325,-0.3097,95.0,20,0,-20.0,-20.0,-20.0,0.0,0.0,20.0,0.0,0.0
24.977088689804077,0.14946249999999997,0.1276375,-0.30971,95.0,20,0,-20.0,-20.0,-20.0,0.0,0.0,20.0,0.0,0.0
25.05606508255005,0.14948750000000002,0.12794999999999998,-0.30972000000000005,95.0,20,0,-20.0,-20.0,-20.0,0.0,0.0,20.0,0.0,0.0
25.133063793182373,0.1495125,0.12825,-0.30973,95.0,20,0,-20.0,-20.0,-20.0,0.0,0.0,20.0,0.0,0.0
25.23459219932556,0.14952499999999996,0.12855,-0.30974,95.0,20,0,-20.0,-20.0,-20.0,0.0,0.0,20.0,0.0,0.0
25.312602996826172,0.14953750000000002,0.12883749999999997,-0.30975,95.0,20,0,-20.0,-20.0,-20.0,0.0,0.0,20.0,0.0,0.0
25.3916916847229,0.1495625,0.129125,-0.30976,95.0,20,0,-20.0,-20.0,-20.0,0.0,0.0,20.0,0.0,0.0
25.46869444847107,0.14957499999999999,0.129425,-0.30977,95.0,20,0,-20.0,-20.0,-20.0,0.0,0.0,20.0,0.0,0.0
25.549241065979004,0.1496,0.12969999999999998,-0.30978,95.0,20,0,-20.0,-20.0,-20.0,0.0,0.0,20.0,0.0,0.0
25.627785682678223,0.1496125,0.12997500000000003,-0.30979,95.0,20,0,-20.0,-20.0,-20.0,0.0,0.0,20.0,0.0,0.0
25.704786777496338,0.149625,0.13025,-0.3098,95.0,20,0,-20.0,-20.0,-20.0,0.0,0.0,20.0,0.0,0.0
25.799792528152466,0.14963749999999998,0.13052499999999997,-0.30981000000000003,95.0,20,0,-20.0,-20.0,-20.0,0.0,0.0,20.0,0.0,0.0
25.877326250076294,0.14966250000000003,0.13078750000000003,-0.30981000000000003,95.0,20,0,-20.0,-20.0,-20.0,0.0,0.0,20.0,0.0,0.0
25.95633053779602,0.149675,0.13105,-0.30982,95.0,20,0,-20.0,-20.0,-20.0,0.0,0.0,20.0,0.0,0.0
26.05034303665161,0.149675,0.1313125,-0.30983,95.0,20,0,-20.0,-20.0,-20.0,0.0,0.0,20.0,0.0,0.0
26.128331899642944,0.1497,0.131575,-0.30983999999999995,95.0,20,0,-20.0,-20.0,-20.0,0.0,0.0,20.0,0.0,0.0
26.207329750061035,0.14971249999999997,0.131825,-0.30983999999999995,95.0,20,0,-20.0,-20.0,-20.0,0.0,0.0,20.0,0.0,0.0
26.30033016204834,0.14972500000000002,0.132075,-0.30985,95.0,20,0,-20.0,-20.0,-20.0,0.0,0.0,20.0,0.0,0.0
26.396329879760742,0.14972500000000002,0.132325,-0.30985,95.0,20,0,-20.0,-20.0,-20.0,0.0,0.0,20.0,0.0,0.0
26.473331451416016,0.14973750000000002,0.1325625,-0.30986,95.0,20,0,-20.0,-20.0,-20.0,0.0,0.0,20.0,0.0,0.0
26.552337646484375,0.14975,0.1328,-0.30987,95.0,20,0,-20.0,-20.0,-20.0,0.0,0.0,20.0,0.0,0.0
26.632333755493164,0.1497625,0.13302499999999998,-0.30987,95.0,20,0,-20.0,-20.0,-20.0,0.0,0.0,20.0,0.0,0.0
26.709848642349243,0.14977499999999996,0.13327499999999998,-0.30988,95.0,20,0,-20.0,-20.0,-20.0,0.0,0.0,20.0,0.0,0.0
26.807846307754517,0.14977499999999996,0.1334875,-0.30988,95.0,20,0,-20.0,-20.0,-20.0,0.0,0.0,20.0,0.0,0.0
26.893845081329346,0.14978750000000002,0.133725,-0.30989,95.0,20,0,-20.0,-20.0,-20.0,0.0,0.0,20.0,0.0,0.0
26.970845222473145,0.14980000000000002,0.1339375,-0.30989,95.0,20,0,-20.0,-20.0,-20.0,0.0,0.0,20.0,0.0,0.0
27.047852516174316,0.1498125,0.13416250000000002,-0.30989,95.0,20,0,-20.0,-20.0,-20.0,0.0,0.0,20.0,0.0,0.0
27.125850200653076,0.1498125,0.134375,-0.30989999999999995,95.0,20,0,-20.0,-20.0,-20.0,0.0,0.0,20.0,0.0,0.0
27.202844858169556,0.14982499999999999,0.13458749999999997,-0.30989999999999995,95.0,20,0,-20.0,-20.0,-20.0,0.0,0.0,20.0,0.0,0.0
27.281854391098022,0.14982499999999999,0.1348125,-0.30991,95.0,20,0,-20.0,-20.0,-20.0,0.0,0.0,20.0,0.0,0.0
27.375844717025757,0.14983749999999998,0.13501249999999998,-0.30991,95.0,20,0,-20.0,-20.0,-20.0,0.0,0.0,20.0,0.0,0.0
27.45384454727173,0.14983749999999998,0.135225,-0.30991,95.0,20,0,-20.0,-20.0,-20.0,0.0,0.0,20.0,0.0,0.0
27.530855417251587,0.14985,0.13542500000000002,-0.30992000000000003,95.0,20,0,-20.0,-20.0,-20.0,0.0,0.0,20.0,0.0,0.0
27.60684561729431,0.1498625,0.135625,-0.30992000000000003,95.0,20,0,-20.0,-20.0,-20.0,0.0,0.0,20.0,0.0,0.0
27.684843063354492,0.1498625,0.135825,-0.30992000000000003,95.0,20,0,-20.0,-20.0,-20.0,0.0,0.0,20.0,0.0,0.0
27.76484727859497,0.149875,0.13601249999999998,-0.30993,95.0,20,0,-20.0,-20.0,-20.0,0.0,0.0,20.0,0.0,0.0
27.86584496498108,0.149875,0.1362,-0.30993,95.0,20,0,-20.0,-20.0,-20.0,0.0,0.0,20.0,0.0,0.0
27.961843490600586,0.149875,0.1363875,-0.30993,95.0,20,0,-20.0,-20.0,-20.0,0.0,0.0,20.0,0.0,0.0
28.04139256477356,0.149875,0.136575,-0.30994,95.0,20,0,-20.0,-20.0,-20.0,0.0,0.0,20.0,0.0,0.0
28.11837911605835,0.14988749999999998,0.13676249999999998,-0.30994,95.0,20,0,-20.0,-20.0,-20.0,0.0,0.0,20.0,0.0,0.0
28.19638204574585,0.14988749999999998,0.1369375,-0.30994,95.0,20,0,-20.0,-20.0,-20.0,0.0,0.0,20.0,0.0,0.0
28.274890899658203,0.14989999999999998,0.137125,-0.30994,95.0,20,0,-20.0,-20.0,-20.0,0.0,0.0,20.0,0.0,0.0
28.354898929595947,0.14989999999999998,0.1373,-0.30995,95.0,20,0,-20.0,-20.0,-20.0,0.0,0.0,20.0,0.0,0.0
28.43590235710144,0.14989999999999998,0.137475,-0.30995,95.0,20,0,-20.0,-20.0,-20.0,0.0,0.0,20.0,0.0,0.0
28.514904022216797,0.14991250000000003,0.13764999999999997,-0.30995,95.0,20,0,-20.0,-20.0,-20.0,0.0,0.0,20.0,0.0,0.0
28.59290623664856,0.14991250000000003,0.13782499999999998,-0.30995,95.0,20,0,-20.0,-20.0,-20.0,0.0,0.0,20.0,0.0,0.0
28.671899557113647,0.14991250000000003,0.13797500000000001,-0.30995,95.0,20,0,-20.0,-20.0,-20.0,0.0,0.0,20.0,0.0,0.0
28.749900102615356,0.149925,0.13814999999999997,-0.30995999999999996,95.0,20,0,-20.0,-20.0,-20.0,0.0,0.0,20.0,0.0,0.0
28.82689929008484,0.149925,0.1383125,-0.30995999999999996,95.0,20,0,-20.0,-20.0,-20.0,0.0,0.0,20.0,0.0,0.0
28.906914949417114,0.149925,0.13847500000000001,-0.30995999999999996,95.0,20,0,-20.0,-20.0,-20.0,0.0,0.0,20.0,0.0,0.0
29.00489854812622,0.149925,0.138625,-0.30995999999999996,95.0,20,0,-20.0,-20.0,-20.0,0.0,0.0,20.0,0.0,0.0
29.093897819519043,0.149925,0.13877499999999998,-0.30995999999999996,95.0,20,0,-20.0,-20.0,-20.0,0.0,0.0,20.0,0.0,0.0
29.17090344429016,0.149925,0.1389375,-0.30995999999999996,95.0,20,0,-20.0,-20.0,-20.0,0.0,0.0,20.0,0.0,0.0
29.247915744781494,0.1499375,0.13908749999999998,-0.30997,95.0,20,0,-20.0,-20.0,-20.0,0.0,0.0,20.0,0.0,0.0
29.328905820846558,0.1499375,0.13923750000000001,-0.30997,95.0,20,0,-20.0,-20.0,-20.0,0.0,0.0,20.0,0.0,0.0
29.406902313232422,0.1499375,0.1393875,-0.30997,95.0,20,0,-20.0,-20.0,-20.0,0.0,0.0,20.0,0.0,0.0
29.482900619506836,0.1499375,0.13952499999999998,-0.30997,95.0,20,0,-20.0,-20.0,-20.0,0.0,0.0,20.0,0.0,0.0
29.56290030479431,0.14995,0.13967500000000002,-0.30997,95.0,20,0,-20.0,-20.0,-20.0,0.0,0.0,20.0,0.0,0.0
29.63894534111023,0.14995,0.13982499999999998,-0.30997,95.0,20,0,-20.0,-20.0,-20.0,0.0,0.0,20.0,0.0,0.0
29.71795630455017,0.14995,0.1399625,-0.30997,95.0,20,0,-20.0,-20.0,-20.0,0.0,0.0,20.0,0.0,0.0
29.798959970474243,0.14995,0.14008749999999998,-0.30997,95.0,20,0,-20.0,-20.0,-20.0,0.0,0.0,20.0,0.0,0.0
29.874948024749756,0.14995,0.14022500000000002,-0.30997,95.0,20,0,-20.0,-20.0,-20.0,0.0,0.0,20.0,0.0,0.0
29.954959392547607,0.14996249999999997,0.1403625,-0.30998000000000003,95.0,20,0,-20.0,-20.0,-20.0,0.0,0.0,20.0,0.0,0.0
30.03396511077881,0.14996249999999997,0.14048750000000002,-0.30998000000000003,95.0,20,0,-20.0,-20.0,-20.0,0.0,0.0,20.0,0.0,0.0
30.14694595336914,0.14996249999999997,0.140625,-0.30998000000000003,95.0,20,0,-20.0,-20.0,-20.0,0.0,0.0,20.0,0.0,0.0
30.22494864463806,0.14996249999999997,0.14075,-0.30998000000000003,95.0,20,0,-20.0,-20.0,-20.0,0.0,0.0,20.0,0.0,0.0
30.36794924736023,0.14996249999999997,0.140875,-0.30998000000000003,79.74715042114258,20,0,-20.0,-20.0,-20.0,0.0,0.0,9.351501,10.648499,0.0
30.51009202003479,0.14996249999999997,0.141,-0.30998000000000003,66.35211181640625,20,0,-20.0,-20.0,-20.0,0.0,0.0,0.0,20.0,0.0
30.587096214294434,0.14997500000000002,0.141125,-0.30998000000000003,66.35211181640625,20,0,-20.0,-20.0,-20.0,0.0,0.0,0.0,20.0,0.0
30.665093183517456,0.14997500000000002,0.14125,-0.30998000000000003,66.35211181640625,20,0,-20.0,-20.0,-20.0,0.0,0.0,0.0,20.0,0.0
30.741091012954712,0.14997500000000002,0.141375,-0.30998000000000003,66.35211181640625,20,0,-20.0,-20.0,-20.0,0.0,0.0,0.0,20.0,0.0
30.819098949432373,0.14997500000000002,0.14148750000000002,-0.30998000000000003,66.35211181640625,20,0,-20.0,-20.0,-20.0,0.0,0.0,0.0,20.0,0.0
30.89609146118164,0.14997500000000002,0.14160000000000003,-0.30998000000000003,66.35211181640625,20,0,-20.0,-20.0,-20.0,0.0,0.0,0.0,20.0,0.0
30.971090078353882,0.14997500000000002,0.14172500000000002,-0.30998000000000003,66.35211181640625,20,0,-20.0,-20.0,-20.0,0.0,0.0,0.0,20.0,0.0
31.051101446151733,0.14997500000000002,0.14182499999999998,-0.30999,66.35211181640625,0,0,-20.0,-20.0,-20.0,0.0,0.0,0.0,20.0,0.0
31.13009476661682,0.14997500000000002,0.1419375,-0.30999,66.35211181640625,0,0,0.0,0.0,0.0,-20.0,-20.0,-20.0,0.0,20.0
31.209091901779175,0.14997500000000002,0.1419375,-0.30983499999999997,66.35211181640625,0,1,0.0,0.0,0.0,-20.0,-20.0,-20.0,0.0,20.0
31.34709668159485,0.14997500000000002,0.14197500000000002,-0.30867,66.35211181640625,0,2,0.0,0.0,0.0,-20.0,-20.0,0.0,-20.0,20.0
31.42709183692932,0.14997500000000002,0.14202499999999998,-0.30679500000000004,66.35211181640625,0,3,0.0,0.0,0.0,-20.0,-20.0,0.0,-20.0,20.0
31.50609040260315,0.14997500000000002,0.14205,-0.306095,66.35211181640625,0,4,0.0,0.0,0.0,-20.0,-20.0,0.0,-20.0,20.0
31.58509612083435,0.14997500000000002,0.14205,-0.30584750000000005,66.35211181640625,0,4,0.0,0.0,0.0,-20.0,-20.0,0.0,-20.0,20.0
31.66108989715576,0.14997500000000002,0.14207499999999998,-0.30510750000000003,66.35211181640625,0,5,0.0,0.0,0.0,-20.0,-20.0,0.0,-20.0,20.0
31.75709342956543,0.14997500000000002,0.1421125,-0.30378750000000004,66.35211181640625,0,6,0.0,0.0,0.0,-20.0,-20.0,0.0,-20.0,20.0
31.852089643478394,0.14997500000000002,0.1421875,-0.301325,66.35211181640625,0,6,0.0,0.0,0.0,-20.0,-20.0,0.0,-20.0,20.0
31.933116912841797,0.14997500000000002,0.1422875,-0.298105,66.35211181640625,0,6,0.0,0.0,0.0,-20.0,-20.0,0.0,-20.0,20.0
32.027093172073364,0.14997500000000002,0.1423625,-0.29528,66.35211181640625,0,7,0.0,0.0,0.0,-20.0,-20.0,0.0,-20.0,20.0
32.12311577796936,0.14997500000000002,0.14246249999999996,-0.292025,66.35211181640625,0,7,0.0,0.0,0.0,-20.0,-20.0,0.0,-20.0,20.0
32.22009205818176,0.14997500000000002,0.1425625,-0.288635,66.35211181640625,0,7,0.0,0.0,0.0,-20.0,-20.0,0.0,-20.0,20.0
32.31610035896301,0.14997500000000002,0.1426875,-0.285295,66.35211181640625,0,7,0.0,0.0,0.0,-20.0,-20.0,0.0,-20.0,20.0
32.45809602737427,0.14997500000000002,0.1428125,-0.281435,66.35211181640625,0,6,0.0,0.0,0.0,-20.0,-20.0,0.0,-20.0,20.0
32.565091371536255,0.14997500000000002,0.14296249999999996,-0.27672,66.35211181640625,0,6,0.0,0.0,0.0,-20.0,-20.0,0.0,-20.0,20.0
32.6600923538208,0.14997500000000002,0.14307499999999998,-0.2739675,66.35211181640625,0,6,0.0,0.0,0.0,-20.0,-20.0,0.0,-20.0,20.0
32.75517153739929,0.14997500000000002,0.14317500000000002,-0.27140250000000005,66.35211181640625,0,6,0.0,0.0,0.0,-20.0,-20.0,0.0,-20.0,20.0
32.85317516326904,0.14997500000000002,0.14327499999999999,-0.26891750000000003,66.35211181640625,0,6,0.0,0.0,0.0,-20.0,-20.0,0.0,-20.0,20.0
32.9481680393219,0.14998750000000002,0.1433625,-0.266395,66.35211181640625,0,5,0.0,0.0,0.0,-20.0,-20.0,0.0,-20.0,20.0
33.044167280197144,0.14998750000000002,0.14346249999999997,-0.263985,66.35211181640625,0,5,0.0,0.0,0.0,-20.0,-20.0,0.0,-20.0,20.0
33.13879346847534,0.14998750000000002,0.14355,-0.2616,66.35211181640625,0,5,0.0,0.0,0.0,-20.0,-20.0,0.0,-20.0,20.0
33.231789112091064,0.14998750000000002,0.14366250000000003,-0.25929,66.35211181640625,0,5,0.0,0.0,0.0,-20.0,-20.0,0.0,-20.0,20.0
33.32980823516846,0.14998750000000002,0.1437625,-0.257075,66.35211181640625,0,5,0.0,0.0,0.0,-20.0,-20.0,0.0,-20.0,20.0
33.42631435394287,0.14998750000000002,0.1438625,-0.254845,66.35211181640625,0,5,0.0,0.0,0.0,-20.0,-20.0,0.0,-20.0,20.0
33.5593147277832,0.14998750000000002,0.14395,-0.2528375,66.35211181640625,0,5,0.0,0.0,0.0,-20.0,-20.0,0.0,-20.0,20.0
33.664315938949585,0.14998750000000002,0.14408749999999998,-0.2499975,66.35211181640625,0,4,0.0,0.0,0.0,-20.0,-20.0,0.0,-20.0,20.0
33.76131629943848,0.14998750000000002,0.1441875,-0.2480675,66.35211181640625,0,4,0.0,0.0,0.0,-20.0,-20.0,0.0,-20.0,20.0
33.85631561279297,0.14998750000000002,0.144275,-0.2462125,66.35211181640625,0,4,0.0,0.0,0.0,-20.0,-20.0,0.0,-20.0,20.0
33.953336000442505,0.14998750000000002,0.1443875,-0.24446500000000002,66.35211181640625,0,3,0.0,0.0,0.0,-20.0,-20.0,0.0,-20.0,20.0
34.04931402206421,0.14998750000000002,0.14447500000000002,-0.2427025,66.35211181640625,0,3,0.0,0.0,0.0,-20.0,-20.0,0.0,-20.0,20.0
34.14531493186951,0.14998750000000002,0.14457499999999998,-0.2409675,66.35211181640625,0,3,0.0,0.0,0.0,-20.0,-20.0,0.0,-20.0,20.0
34.238322496414185,0.14998750000000002,0.144675,-0.239335,66.35211181640625,0,2,0.0,0.0,0.0,-20.0,-20.0,0.0,-20.0,20.0
34.31731986999512,0.14998750000000002,0.144775,-0.23778,66.35211181640625,0,2,0.0,0.0,0.0,-20.0,-20.0,0.0,-20.0,20.0
34.413341760635376,0.14998750000000002,0.1448625,-0.23645999999999998,66.35211181640625,0,2,20.0,0.0,0.0,-20.0,0.0,-20.0,-20.0,0.0
34.49287414550781,0.14998750000000002,0.1449375,-0.23525749999999998,66.35211181640625,0,2,20.0,0.0,0.0,-20.0,0.0,-20.0,-20.0,0.0
34.571863412857056,0.14997500000000002,0.14496249999999997,-0.2349375,66.35211181640625,0,2,20.0,0.0,0.0,-20.0,0.0,-20.0,-20.0,0.0
34.684858322143555,0.14964999999999998,0.14485000000000003,-0.23444,66.35211181640625,0,3,20.0,0.0,0.0,-20.0,0.0,-20.0,-20.0,0.0
34.79586958885193,0.14832499999999998,0.14441250000000003,-0.23236,66.35211181640625,0,4,20.0,0.0,0.0,-20.0,0.0,-20.0,-20.0,0.0
34.89287042617798,0.14658749999999998,0.14383749999999998,-0.22963499999999998,66.35211181640625,0,5,20.0,0.0,0.0,-20.0,0.0,-20.0,-20.0,0.0
34.973865270614624,0.14446249999999997,0.1431375,-0.2263,66.35211181640625,0,6,20.0,0.0,0.0,-20.0,0.0,-20.0,-20.0,0.0
35.06986665725708,0.14264999999999997,0.14252499999999999,-0.223465,66.35211181640625,0,6,20.0,0.0,0.0,-20.0,0.0,-20.0,-20.0,0.0
35.150871992111206,0.14051249999999998,0.1418,-0.220115,66.35211181640625,0,7,20.0,0.0,0.0,-20.0,0.0,-20.0,-20.0,0.0
35.246870279312134,0.1387125,0.1411875,-0.217285,66.35211181640625,0,8,20.0,0.0,0.0,-20.0,0.0,-20.0,-20.0,0.0
35.34347677230835,0.1365625,0.1404375,-0.213925,66.35211181640625,0,8,20.0,0.0,0.0,-20.0,0.0,-20.0,-20.0,0.0
35.439481258392334,0.1344375,0.1396875,-0.21059,66.35211181640625,0,9,20.0,0.0,0.0,-20.0,0.0,-20.0,-20.0,0.0
35.53501629829407,0.1323125,0.1389375,-0.207255,66.35211181640625,0,9,20.0,0.0,0.0,-20.0,0.0,-20.0,-20.0,0.0
35.606011390686035,0.130175,0.13817500000000002,-0.203915,66.35211181640625,0,10,20.0,0.0,0.0,-20.0,0.0,-20.0,-20.0,0.0
35.67901372909546,0.12858749999999997,0.13760000000000003,-0.20142000000000002,66.35211181640625,0,10,20.0,0.0,0.0,-20.0,0.0,-20.0,-20.0,0.0
35.795013666152954,0.12696249999999998,0.13701249999999998,-0.19888,66.35211181640625,0,9,20.0,0.0,0.0,-20.0,0.0,-20.0,-20.0,0.0
35.890013217926025,0.12411250000000001,0.1359625,-0.19442500000000001,66.35211181640625,0,10,20.0,0.0,0.0,-20.0,0.0,-20.0,-20.0,0.0
35.98701357841492,0.12214999999999998,0.13525,-0.19135,66.35211181640625,0,9,20.0,0.0,0.0,-20.0,0.0,-20.0,-20.0,0.0
36.05702066421509,0.120125,0.134475,-0.188175,66.35211181640625,0,10,20.0,0.0,0.0,-20.0,0.0,-20.0,-20.0,0.0
36.13001465797424,0.1185625,0.1338875,-0.18572,66.35211181640625,0,10,20.0,0.0,0.0,-20.0,0.0,-20.0,-20.0,0.0
36.2240207195282,0.11694999999999998,0.13327499999999998,-0.18318500000000001,66.35211181640625,0,9,20.0,0.0,0.0,-20.0,0.0,-20.0,-20.0,0.0
36.29801416397095,0.11485000000000002,0.13244999999999998,-0.1799,66.35211181640625,0,10,20.0,0.0,0.0,-20.0,0.0,-20.0,-20.0,0.0
36.370017528533936,0.1132,0.1318125,-0.17732,66.35211181640625,0,10,20.0,0.0,0.0,-20.0,0.0,-20.0,-20.0,0.0
36.464009284973145,0.11160000000000002,0.131175,-0.17481,66.35211181640625,0,9,20.0,0.0,0.0,-20.0,0.0,-20.0,-20.0,0.0
36.53601336479187,0.10951249999999998,0.13035000000000002,-0.17154,66.35211181640625,0,10,20.0,0.0,0.0,-20.0,0.0,-20.0,-20.0,0.0
36.61901330947876,0.10789999999999998,0.12969999999999998,-0.16901,66.35211181640625,0,9,20.0,0.0,0.0,-20.0,0.0,-20.0,-20.0,0.0
36.690011501312256,0.10607499999999999,0.12894999999999998,-0.166155,66.35211181640625,0,10,20.0,0.0,0.0,-20.0,0.0,-20.0,-20.0,0.0
36.764015674591064,0.10446249999999997,0.12827499999999997,-0.16363,66.35211181640625,0,10,20.0,0.0,0.0,-20.0,0.0,-20.0,-20.0,0.0
36.847026348114014,0.10282499999999999,0.12758749999999996,-0.16107,66.35211181640625,0,9,20.0,0.0,0.0,-20.0,0.0,-20.0,-20.0,0.0
36.91801595687866,0.101,0.1268125,-0.158205,66.35211181640625,0,10,20.0,0.0,0.0,-20.0,0.0,-20.0,-20.0,0.0
37.055020332336426,0.09910000000000002,0.126,-0.15522999999999998,66.35211181640625,0,9,20.0,0.0,0.0,-20.0,0.0,-20.0,-20.0,0.0
37.135014057159424,0.09616250000000003,0.12473750000000002,-0.15064,66.35211181640625,0,10,20.0,0.0,0.0,-20.0,0.0,-20.0,-20.0,0.0
37.229538679122925,0.09458749999999998,0.12405000000000001,-0.148175,66.35211181640625,0,9,20.0,0.0,0.0,-20.0,0.0,-20.0,-20.0,0.0
37.30354285240173,0.09248750000000001,0.12311250000000001,-0.14488,66.35211181640625,0,10,20.0,0.0,0.0,-20.0,0.0,-20.0,-20.0,0.0
37.40006899833679,0.09083749999999997,0.12236250000000001,-0.14229,66.35211181640625,0,9,20.0,0.0,0.0,-20.0,0.0,-20.0,-20.0,0.0
37.4720618724823,0.08869999999999999,0.121375,-0.138935,66.35211181640625,0,10,20.0,0.0,0.0,-20.0,0.0,-20.0,-20.0,0.0
37.5666606426239,0.08708749999999997,0.12061250000000001,-0.13641999999999999,66.35211181640625,0,9,20.0,0.0,0.0,-20.0,0.0,-20.0,-20.0,0.0
37.63566708564758,0.085,0.11960000000000003,-0.13313999999999998,66.35211181640625,0,10,20.0,0.0,0.0,-20.0,0.0,-20.0,-20.0,0.0
37.70866537094116,0.08344999999999998,0.11885000000000003,-0.130715,66.35211181640625,0,10,20.0,0.0,0.0,-20.0,0.0,-20.0,-20.0,0.0
37.77867031097412,0.081825,0.1180625,-0.128165,66.35211181640625,0,10,20.0,0.0,0.0,-20.0,0.0,-20.0,-20.0,0.0
37.84666442871094,0.08027499999999997,0.1173125,-0.125735,66.35211181640625,0,10,20.0,0.0,0.0,-20.0,0.0,-20.0,-20.0,0.0
37.918668031692505,0.07875,0.11658749999999998,-0.12334999999999999,66.35211181640625,0,10,20.0,0.0,0.0,-20.0,0.0,-20.0,-20.0,0.0
38.01265907287598,0.07714999999999998,0.11577499999999998,-0.12085,66.35211181640625,0,9,20.0,0.0,0.0,-20.0,0.0,-20.0,-20.0,0.0
38.084662437438965,0.0750625,0.11469999999999998,-0.11758500000000001,66.35211181640625,0,10,20.0,0.0,0.0,-20.0,0.0,-20.0,-20.0,0.0
38.17466187477112,0.07332499999999999,0.11380000000000001,-0.11486000000000002,66.35211181640625,0,10,20.0,0.0,0.0,-20.0,0.0,-20.0,-20.0,0.0
38.286195278167725,0.07114999999999998,0.11264999999999997,-0.11146500000000001,66.35211181640625,0,9,20.0,0.0,0.0,-20.0,0.0,-20.0,-20.0,0.0
38.35919785499573,0.06898750000000001,0.11146249999999998,-0.10807499999999999,66.35211181640625,0,10,20.0,0.0,0.0,-20.0,0.0,-20.0,-20.0,0.0
38.43319606781006,0.0673625,0.1105625,-0.10551499999999998,66.35211181640625,0,10,20.0,0.0,0.0,-20.0,0.0,-20.0,-20.0,0.0
38.50419592857361,0.06571249999999998,0.10964999999999998,-0.10293000000000001,66.35211181640625,0,10,20.0,0.0,0.0,-20.0,0.0,-20.0,-20.0,0.0
38.57719612121582,0.064125,0.10877499999999998,-0.10044499999999999,66.35211181640625,0,10,20.0,0.0,0.0,-20.0,0.0,-20.0,-20.0,0.0
38.673195123672485,0.0625,0.10782499999999999,-0.09788999999999999,66.35211181640625,0,9,20.0,0.0,0.0,-20.0,0.0,-20.0,-20.0,0.0
38.74319887161255,0.060375,0.10655,-0.09457499999999999,66.35211181640625,0,10,20.0,0.0,0.0,-20.0,0.0,-20.0,-20.0,0.0
38.81521010398865,0.05882499999999999,0.105625,-0.092145,66.35211181640625,0,10,20.0,0.0,0.0,-20.0,0.0,-20.0,-20.0,0.0
38.88474178314209,0.05721249999999998,0.10464999999999998,-0.08961000000000001,66.35211181640625,0,10,20.0,0.0,0.0,-20.0,0.0,-20.0,-20.0,0.0
38.982746839523315,0.055662500000000024,0.10369999999999999,-0.087195,66.35211181640625,0,9,20.0,0.0,0.0,-20.0,0.0,-20.0,-20.0,0.0
39.05428409576416,0.05347500000000002,0.10228750000000002,-0.08376499999999999,66.35211181640625,0,10,20.0,0.0,0.0,-20.0,0.0,-20.0,-20.0,0.0
39.125810384750366,0.051875,0.10127499999999998,-0.08128,66.35211181640625,0,10,20.0,0.0,0.0,-20.0,0.0,-20.0,-20.0,0.0
39.222808837890625,0.05028750000000002,0.10017500000000001,-0.07877500000000001,66.35211181640625,0,9,20.0,0.0,0.0,-20.0,0.0,-20.0,-20.0,0.0
39.305809020996094,0.04814999999999998,0.09871249999999998,-0.075425,66.35211181640625,0,10,20.0,0.0,0.0,-20.0,0.0,-20.0,-20.0,0.0
39.401806116104126,0.04601249999999999,0.0972375,-0.07207499999999999,66.35211181640625,0,10,20.0,0.0,0.0,-20.0,0.0,-20.0,-20.0,0.0
39.500808000564575,0.04403750000000002,0.09580000000000001,-0.06898500000000002,66.35211181640625,0,9,20.0,0.0,0.0,-20.0,0.0,-20.0,-20.0,0.0
39.59742498397827,0.04196249999999998,0.09425,-0.06572499999999999,66.35211181640625,0,9,20.0,0.0,0.0,-20.0,0.0,-20.0,-20.0,0.0
39.67042899131775,0.0398125,0.09258749999999998,-0.06237,66.35211181640625,0,10,20.0,0.0,0.0,-20.0,0.0,-20.0,-20.0,0.0
39.7664258480072,0.03819999999999999,0.09128750000000002,-0.059830000000000015,66.35211181640625,0,9,20.0,0.0,0.0,-20.0,0.0,-20.0,-20.0,0.0
39.83841872215271,0.03605000000000001,0.08955,-0.056485000000000014,66.35211181640625,0,10,20.0,0.0,0.0,-20.0,0.0,-20.0,-20.0,0.0
39.933425188064575,0.03446250000000001,0.0881875,-0.05399000000000001,66.35211181640625,0,9,20.0,0.0,0.0,-20.0,0.0,-20.0,-20.0,0.0
40.02942967414856,0.03235,0.08627499999999998,-0.05066500000000002,66.35211181640625,0,9,20.0,0.0,0.0,-20.0,0.0,-20.0,-20.0,0.0
40.101436376571655,0.030199999999999987,0.08422500000000002,-0.047310000000000005,66.35211181640625,0,10,20.0,0.0,0.0,-20.0,0.0,-20.0,-20.0,0.0
40.1744270324707,0.028599999999999993,0.08267500000000001,-0.04479000000000002,66.35211181640625,0,10,20.0,0.0,0.0,-20.0,0.0,-20.0,-20.0,0.0
40.245428800582886,0.026974999999999996,0.08111250000000002,-0.04225,66.35211181640625,0,10,20.0,0.0,0.0,-20.0,0.0,-20.0,-20.0,0.0
40.342437744140625,0.025412499999999994,0.07955000000000001,-0.03980000000000001,66.35211181640625,0,9,20.0,0.0,0.0,-20.0,0.0,-20.0,-20.0,0.0
40.414424896240234,0.023262499999999988,0.07721249999999998,-0.036430000000000004,66.35211181640625,0,10,20.0,0.0,0.0,-20.0,0.0,-20.0,-20.0,0.0
40.55542469024658,0.021400000000000006,0.075,-0.03351499999999999,66.35211181640625,0,9,20.0,0.0,0.0,-20.0,0.0,-20.0,-20.0,0.0
40.629419803619385,0.0191875,0.07232499999999999,-0.0300625,66.35211181640625,0,10,20.0,0.0,0.0,-20.0,0.0,-20.0,-20.0,0.0
40.72596192359924,0.018525000000000007,0.0715,-0.02902249999999998,66.35211181640625,0,9,20.0,0.0,0.0,-20.0,0.0,-20.0,-20.0,0.0
40.79497671127319,0.017287499999999994,0.06980000000000001,-0.027079999999999983,66.35211181640625,0,10,20.0,0.0,0.0,-20.0,0.0,-20.0,-20.0,0.0
40.864965200424194,0.016412499999999993,0.0686125,-0.02570749999999998,66.35211181640625,0,10,20.0,0.0,0.0,-20.0,0.0,-20.0,-20.0,0.0
40.961960792541504,0.01582499999999999,0.06778750000000003,-0.024782500000000027,66.35211181640625,0,9,20.0,0.0,0.0,-20.0,0.0,-20.0,-20.0,0.0
41.030967473983765,0.014837500000000005,0.0663125,-0.02324000000000001,66.35211181640625,0,10,20.0,0.0,0.0,-20.0,0.0,-20.0,-20.0,0.0
41.101967096328735,0.014112500000000012,0.06522500000000002,-0.02211500000000001,66.35211181640625,0,10,20.0,0.0,0.0,-20.0,0.0,-20.0,-20.0,0.0
41.195960521698,0.013462500000000006,0.06416250000000003,-0.021089999999999973,66.35211181640625,0,9,20.0,0.0,0.0,-20.0,0.0,-20.0,-20.0,0.0
41.2899649143219,0.012199999999999989,0.062087499999999976,-0.01911500000000001,66.35211181640625,0,9,20.0,0.0,0.0,-20.0,0.0,-20.0,-20.0,0.0
41.38596439361572,0.011150000000000005,0.06023750000000001,-0.017467499999999973,66.35211181640625,0,9,20.0,0.0,0.0,-20.0,0.0,-20.0,-20.0,0.0
41.481998682022095,0.010212500000000006,0.05847500000000002,-0.016,66.35211181640625,0,9,20.0,0.0,0.0,-20.0,0.0,-20.0,-20.0,0.0
41.5759756565094,0.009175000000000011,0.056350000000000025,-0.014375,66.35211181640625,0,8,20.0,0.0,0.0,-20.0,0.0,-20.0,-20.0,0.0
41.69249606132507,0.008275000000000006,0.05442500000000001,-0.012942499999999996,66.35211181640625,0,8,20.0,0.0,0.0,-20.0,0.0,-20.0,-20.0,0.0
41.7875030040741,0.0074875000000000115,0.05263749999999999,-0.011720000000000027,66.35211181640625,0,8,15.483627,4.5163727,0.0,-15.483627,-4.5163727,-20.0,-20.0,0.0
41.88249087333679,0.006787499999999994,0.05089999999999998,-0.010622500000000002,66.35211181640625,0,8,0.0,20.0,0.0,0.0,-20.0,-20.0,-20.0,0.0
41.97749376296997,0.006125,0.04917500000000001,-0.009587499999999978,66.35211181640625,0,8,0.0,20.0,0.0,0.0,-20.0,-20.0,-20.0,0.0
42.07449650764465,0.0053125,0.046899999999999976,-0.008324999999999989,66.35211181640625,0,8,0.0,20.0,0.0,0.0,-20.0,-20.0,-20.0,0.0
42.156498670578,0.0046125000000000116,0.04467500000000001,-0.007214999999999975,66.35211181640625,0,5,0.0,20.0,0.0,0.0,-20.0,-20.0,-20.0,0.0
42.25249361991882,0.004162499999999994,0.04319999999999999,-0.0065299999999999725,66.35211181640625,0,4,0.0,20.0,0.0,0.0,-20.0,-20.0,-20.0,0.0
42.33149695396423,0.0036875,0.0414375,-0.005769999999999982,66.35211181640625,0,2,0.0,20.0,0.0,0.0,-20.0,-20.0,-20.0,0.0
42.430503845214844,0.0035,0.04067500000000001,-0.00545999999999998,66.35211181640625,0,1,0.0,20.0,0.0,0.0,-20.0,-20.0,-20.0,0.0
42.507495164871216,0.0032874999999999944,0.039875,-0.005152499999999975,66.35211181640625,0,1,0.0,20.0,0.0,0.0,-20.0,-20.0,-20.0,0.0
42.58650541305542,0.003137499999999989,0.03927499999999998,-0.004925000000000011,66.35211181640625,0,1,0.0,20.0,0.0,0.0,-20.0,-20.0,-20.0,0.0
42.68102049827576,0.0030124999999999887,0.03869999999999999,-0.004717499999999973,66.35211181640625,0,1,0.0,20.0,0.0,0.0,-20.0,-20.0,-20.0,0.0
42.783024311065674,0.0028625000000000113,0.0380625,-0.004490000000000009,66.35211181640625,0,1,0.0,20.0,0.0,0.0,-20.0,-20.0,-20.0,0.0
42.862029790878296,0.00275,0.03753750000000002,-0.004307500000000005,66.35211181640625,0,1,0.0,20.0,0.0,0.0,-20.0,-20.0,-20.0,0.0
42.940019369125366,0.0026624999999999943,0.037112500000000014,-0.004167500000000018,66.35211181640625,0,1,0.0,20.0,0.0,0.0,-20.0,-20.0,-20.0,0.0
43.018022537231445,0.0025500000000000115,0.03661250000000001,-0.004002499999999997,66.35211181640625,0,1,0.0,20.0,0.0,0.0,-20.0,-20.0,-20.0,0.0
43.09302496910095,0.0024375,0.03603750000000002,-0.0038249999999999886,66.35211181640625,0,1,0.0,20.0,0.0,0.0,-20.0,-20.0,-20.0,0.0
43.17002010345459,0.0023499999999999945,0.035625,-0.0036924999999999953,66.35211181640625,0,1,0.0,20.0,0.0,0.0,-20.0,-20.0,-20.0,0.0
43.248021841049194,0.00225,0.03508750000000001,-0.003529999999999973,66.35211181640625,0,1,0.0,20.0,0.0,0.0,-20.0,-20.0,-20.0,0.0
43.34502458572388,0.0021624999999999943,0.0345625,-0.003382499999999993,66.35211181640625,0,1,0.0,20.0,0.0,0.0,-20.0,-20.0,-20.0,0.0
43.42202377319336,0.0020625,0.0340625,-0.003230000000000018,66.35211181640625,0,0,0.0,20.0,0.0,0.0,-20.0,-20.0,-20.0,0.0
43.5000262260437,0.0019875000000000114,0.033650000000000006,-0.0031150000000000093,66.35211181640625,0,1,0.0,20.0,0.0,0.0,-20.0,-20.0,-20.0,0.0
43.57451605796814,0.0019000000000000056,0.033150000000000006,-0.0029850000000000137,66.35211181640625,0,1,0.0,20.0,0.0,0.0,-20.0,-20.0,-20.0,0.0
43.65251874923706,0.0018249999999999885,0.032699999999999986,-0.002865000000000009,66.35211181640625,0,1,0.0,20.0,0.0,0.0,-20.0,-20.0,-20.0,0.0
43.73051881790161,0.00175,0.032225,-0.00275,66.35211181640625,0,0,0.0,20.0,0.0,0.0,-20.0,-20.0,-20.0,0.0
43.80569314956665,0.0016750000000000113,0.03180000000000001,-0.0026424999999999843,66.35211181640625,0,1,0.0,20.0,0.0,0.0,-20.0,-20.0,-20.0,0.0
43.920220375061035,0.001625,0.03136250000000001,-0.002529999999999973,66.35211181640625,0,0,0.0,20.0,0.0,0.0,-20.0,-20.0,-20.0,0.0
43.99920630455017,0.0015500000000000114,0.03092500000000001,-0.002430000000000007,66.35211181640625,0,0,0.0,20.0,0.0,0.0,-20.0,-20.0,-20.0,0.0
44.07720422744751,0.0014875000000000114,0.0305,-0.002329999999999984,66.35211181640625,0,0,0.0,20.0,0.0,0.0,-20.0,-20.0,-20.0,0.0
44.15520715713501,0.0014250000000000113,0.030087500000000007,-0.002240000000000009,66.35211181640625,0,0,0.0,20.0,0.0,0.0,-20.0,-20.0,-20.0,0.0
44.24921274185181,0.001375,0.02967500000000001,-0.0021499999999999774,66.35211181640625,0,0,0.0,20.0,0.0,0.0,-20.0,-20.0,-20.0,0.0
44.32820415496826,0.0013249999999999887,0.029275000000000006,-0.0020600000000000024,66.35211181640625,0,0,0.0,20.0,0.0,0.0,-20.0,-20.0,-20.0,0.0
44.407206773757935,0.0012624999999999887,0.028875,-0.001980000000000018,66.35211181640625,0,0,0.0,20.0,0.0,0.0,-20.0,-20.0,-20.0,0.0
44.50420904159546,0.0012125000000000057,0.028474999999999993,-0.0018999999999999772,66.35211181640625,0,0,0.0,20.0,0.0,0.0,-20.0,-20.0,-20.0,0.0
44.581212520599365,0.0011750000000000113,0.02807499999999999,-0.0018199999999999933,66.35211181640625,0,0,0.0,20.0,0.0,0.0,-20.0,-20.0,-20.0,0.0
44.66221809387207,0.001125,0.02769999999999999,-0.00175,66.35211181640625,0,0,0.0,20.0,0.0,0.0,-20.0,-20.0,-20.0,0.0
44.74120569229126,0.0010749999999999887,0.027324999999999988,-0.0016800000000000068,66.35211181640625,0,0,0.0,20.0,0.0,0.0,-20.0,-20.0,-20.0,0.0
44.82021164894104,0.0010250000000000057,0.0269375,-0.0016100000000000135,66.35211181640625,0,0,0.0,20.0,0.0,0.0,-20.0,-20.0,-20.0,0.0
44.89920711517334,0.0009875000000000114,0.026574999999999988,-0.0015500000000000114,66.35211181640625,0,0,0.0,20.0,0.0,0.0,-20.0,-20.0,-20.0,0.0
45.00621318817139,0.0009499999999999886,0.026212500000000007,-0.0014900000000000091,66.35211181640625,0,0,0.0,20.0,0.0,0.0,-20.0,-20.0,-20.0,0.0
45.087212324142456,0.0009124999999999943,0.025849999999999995,-0.0014300000000000068,66.35211181640625,0,0,0.0,20.0,0.0,0.0,-20.0,-20.0,-20.0,0.0
45.16720771789551,0.000875,0.0255,-0.0013700000000000045,66.35211181640625,0,0,0.0,20.0,0.0,0.0,-20.0,-20.0,-20.0,0.0
45.245208978652954,0.0008375000000000057,0.025150000000000006,-0.0013199999999999933,66.35211181640625,0,0,0.0,20.0,0.0,0.0,-20.0,-20.0,-20.0,0.0
45.32321262359619,0.0008125,0.024800000000000013,-0.001259999999999991,66.35211181640625,0,0,0.0,20.0,0.0,0.0,-20.0,-20.0,-20.0,0.0
45.401206970214844,0.0007750000000000057,0.024462500000000005,-0.0012099999999999795,66.35211181640625,0,0,0.0,20.0,0.0,0.0,-20.0,-20.0,-20.0,0.0
45.481223583221436,0.0007375000000000114,0.024125,-0.001160000000000025,66.35211181640625,0,0,0.0,20.0,0.0,0.0,-20.0,-20.0,-20.0,0.0
45.561208724975586,0.0007125000000000057,0.023800000000000012,-0.0011200000000000045,66.35211181640625,0,0,0.0,20.0,0.0,0.0,-20.0,-20.0,-20.0,0.0
45.64020872116089,0.0006875,0.023474999999999996,-0.0010699999999999933,66.35211181640625,0,0,0.0,20.0,0.0,0.0,-20.0,-20.0,-20.0,0.0
45.720208168029785,0.0006624999999999944,0.023150000000000007,-0.0010299999999999728,66.35211181640625,0,0,0.0,20.0,0.0,0.0,-20.0,-20.0,-20.0,0.0
45.81520748138428,0.000625,0.022824999999999988,-0.000990000000000009,66.35211181640625,0,0,0.0,20.0,0.0,0.0,-20.0,-20.0,-20.0,0.0
45.89325213432312,0.0006125000000000114,0.022525000000000007,-0.0009499999999999886,66.35211181640625,0,0,0.0,20.0,0.0,0.0,-20.0,-20.0,-20.0,0.0
45.97279596328735,0.0005749999999999886,0.022212500000000007,-0.000910000000000025,66.35211181640625,0,0,0.0,20.0,0.0,0.0,-20.0,-20.0,-20.0,0.0
46.08535146713257,0.0005625,0.021912499999999994,-0.0008799999999999955,66.35211181640625,0,0,0.0,20.0,0.0,0.0,-20.0,-20.0,-20.0,0.0
46.165350914001465,0.0005374999999999944,0.02161250000000001,-0.000839999999999975,66.35211181640625,0,0,0.0,20.0,0.0,0.0,-20.0,-20.0,-20.0,0.0
46.261353969573975,0.0005250000000000057,0.0213125,-0.0008100000000000022,66.35211181640625,0,0,0.0,20.0,0.0,0.0,-20.0,-20.0,-20.0,0.0
46.339356422424316,0.00048750000000001136,0.021025000000000005,-0.0007699999999999819,66.35211181640625,0,0,0.0,20.0,0.0,0.0,-20.0,-20.0,-20.0,0.0
46.41535043716431,0.0004749999999999943,0.020724999999999993,-0.0007400000000000091,66.35211181640625,0,0,0.0,20.0,0.0,0.0,-20.0,-20.0,-20.0,0.0
46.49289083480835,0.00046250000000000566,0.02044999999999999,-0.0007099999999999795,66.35211181640625,0,0,0.0,20.0,0.0,0.0,-20.0,-20.0,-20.0,0.0
46.57089161872864,0.0004375,0.020175000000000012,-0.0006899999999999977,66.35211181640625,0,0,0.0,20.0,0.0,0.0,-20.0,-20.0,-20.0,0.0
46.65090537071228,0.00042500000000001136,0.01988749999999999,-0.000660000000000025,66.35211181640625,0,0,0.0,20.0,0.0,0.0,-20.0,-20.0,-20.0,0.0
46.72789931297302,0.0004000000000000057,0.019625,-0.0006299999999999955,66.35211181640625,0,0,0.0,20.0,0.0,0.0,-20.0,-20.0,-20.0,0.0
46.80591011047363,0.00038749999999998866,0.019349999999999996,-0.0006100000000000136,66.35211181640625,0,0,0.0,20.0,0.0,0.0,-20.0,-20.0,-20.0,0.0
46.884894371032715,0.000375,0.019074999999999988,-0.0005799999999999841,66.35211181640625,0,0,0.0,20.0,0.0,0.0,-20.0,-20.0,-20.0,0.0
46.96389126777649,0.00036250000000001136,0.018824999999999988,-0.0005600000000000022,66.35211181640625,0,0,0.0,20.0,0.0,0.0,-20.0,-20.0,-20.0,0.0
47.04089379310608,0.0003375000000000057,0.0185625,-0.0005400000000000205,66.35211181640625,0,0,0.0,20.0,0.0,0.0,-20.0,-20.0,-20.0,0.0
47.1389057636261,0.00032499999999998866,0.0183125,-0.0005099999999999909,66.35211181640625,0,0,0.0,20.0,0.0,0.0,-20.0,-20.0,-20.0,0.0
47.22689175605774,0.00032499999999998866,0.0180625,-0.0004900000000000091,66.35211181640625,0,0,0.0,20.0,0.0,0.0,-20.0,-20.0,-20.0,0.0
47.30590844154358,0.00030000000000001136,0.0178125,-0.0004700000000000273,66.35211181640625,0,0,0.0,20.0,0.0,0.0,-20.0,-20.0,-20.0,0.0
47.38389229774475,0.0002874999999999943,0.01757499999999999,-0.0004599999999999795,66.35211181640625,0,0,0.0,20.0,0.0,0.0,-20.0,-20.0,-20.0,0.0
47.46089267730713,0.0002750000000000057,0.01732499999999999,-0.00043999999999999774,66.35211181640625,0,0,0.0,20.0,0.0,0.0,-20.0,-20.0,-20.0,0.0
47.55789589881897,0.0002750000000000057,0.017087500000000005,-0.0004200000000000159,66.35211181640625,0,0,0.0,20.0,0.0,0.0,-20.0,-20.0,-20.0,0.0
47.63689351081848,0.00026249999999998865,0.016862500000000013,-0.00039999999999997725,66.35211181640625,0,0,0.0,20.0,0.0,0.0,-20.0,-20.0,-20.0,0.0
47.71189308166504,0.00025,0.016625,-0.00038999999999998633,66.35211181640625,0,0,0.0,20.0,0.0,0.0,-20.0,-20.0,-20.0,0.0
47.78889036178589,0.00023750000000001136,0.016400000000000005,-0.00037000000000000455,66.35211181640625,0,0,0.0,20.0,0.0,0.0,-20.0,-20.0,-20.0,0.0
47.865891456604004,0.00022499999999999433,0.016175000000000012,-0.00036000000000001363,66.35211181640625,0,0,0.0,20.0,0.0,0.0,-20.0,-20.0,-20.0,0.0
47.94389533996582,0.00022499999999999433,0.01594999999999999,-0.000339999999999975,66.35211181640625,0,0,0.0,20.0,0.0,0.0,-20.0,-20.0,-20.0,0.0
48.02289152145386,0.00021250000000000568,0.015724999999999996,-0.00032999999999998406,66.35211181640625,0,0,0.0,20.0,0.0,0.0,-20.0,-20.0,-20.0,0.0
48.099892139434814,0.00019999999999998863,0.015525000000000006,-0.0003199999999999932,66.35211181640625,0,0,0.0,20.0,0.0,0.0,-20.0,-20.0,-20.0,0.0
48.17790126800537,0.0001875,0.015300000000000012,-0.00030000000000001136,66.35211181640625,0,0,0.0,20.0,0.0,0.0,-20.0,-20.0,-20.0,0.0
48.28589844703674,0.0001875,0.015099999999999994,-0.00029000000000002044,66.35211181640625,0,0,0.0,20.0,0.0,0.0,-20.0,-20.0,-20.0,0.0
48.36389183998108,0.00017500000000001136,0.01488749999999999,-0.0002799999999999727,66.35211181640625,0,0,0.0,20.0,0.0,0.0,-20.0,-20.0,-20.0,0.0
48.44090986251831,0.00017500000000001136,0.014675000000000011,-0.0002699999999999818,66.35211181640625,0,0,0.0,20.0,0.0,0.0,-20.0,-20.0,-20.0,0.0
48.519893169403076,0.00016249999999999433,0.014474999999999995,-0.0002599999999999909,66.35211181640625,0,0,0.0,20.0,0.0,0.0,-20.0,-20.0,-20.0,0.0
48.59889888763428,0.00016249999999999433,0.014287499999999995,-0.00025,66.35211181640625,0,0,0.0,20.0,0.0,0.0,-20.0,-20.0,-20.0,0.0
48.677897453308105,0.00015000000000000568,0.014087500000000006,-0.00024000000000000909,66.35211181640625,0,0,0.0,20.0,0.0,0.0,-20.0,-20.0,-20.0,0.0
48.756895542144775,0.00015000000000000568,0.013900000000000006,-0.0002300000000000182,66.35211181640625,0,0,0.0,20.0,0.0,0.0,-20.0,-20.0,-20.0,0.0
48.834892988204956,0.00013749999999998862,0.013712500000000006,-0.00022000000000002728,66.35211181640625,0,0,0.0,20.0,0.0,0.0,-20.0,-20.0,-20.0,0.0
48.912893772125244,0.000125,0.013525000000000006,-0.00020999999999997954,66.35211181640625,0,0,0.0,20.0,0.0,0.0,-20.0,-20.0,-20.0,0.0
48.99089479446411,0.000125,0.013324999999999988,-0.00019999999999998863,66.35211181640625,0,0,0.0,20.0,0.0,0.0,-20.0,-20.0,-20.0,0.0
49.067899227142334,0.000125,0.013150000000000005,-0.00018999999999999773,66.35211181640625,0,0,0.0,20.0,0.0,0.0,-20.0,-20.0,-20.0,0.0
49.145893573760986,0.000125,0.012974999999999993,-0.00018999999999999773,66.35211181640625,0,0,0.0,20.0,0.0,0.0,-20.0,-20.0,-20.0,0.0
49.22389268875122,0.00011250000000001137,0.012787499999999995,-0.00018000000000000681,66.35211181640625,0,0,0.0,20.0,0.0,0.0,-20.0,-20.0,-20.0,0.0
49.32289505004883,0.00011250000000001137,0.012625,-0.00017000000000001592,66.35211181640625,0,0,0.0,20.0,0.0,0.0,-20.0,-20.0,-20.0,0.0
49.41289758682251,9.999999999999431e-05,0.0124375,-0.000160000000000025,66.35211181640625,0,0,0.0,20.0,0.0,0.0,-20.0,-20.0,-20.0,0.0
49.49289631843567,9.999999999999431e-05,0.012275000000000006,-0.000160000000000025,66.35211181640625,0,0,0.0,20.0,0.0,0.0,-20.0,-20.0,-20.0,0.0
49.58689475059509,9.999999999999431e-05,0.012112500000000012,-0.00014999999999997727,66.35211181640625,0,0,0.0,20.0,0.0,0.0,-20.0,-20.0,-20.0,0.0
49.66341590881348,8.750000000000568e-05,0.0119375,-0.00014999999999997727,66.35211181640625,0,0,0.0,20.0,0.0,0.0,-20.0,-20.0,-20.0,0.0
49.74198055267334,8.750000000000568e-05,0.011775000000000006,-0.00013999999999998635,66.35211181640625,0,0,0.0,20.0,0.0,0.0,-20.0,-20.0,-20.0,0.0
49.81898069381714,8.750000000000568e-05,0.011625,-0.00012999999999999546,66.35211181640625,0,0,0.0,20.0,0.0,0.0,-20.0,-20.0,-20.0,0.0
49.897979497909546,7.499999999998864e-05,0.011462500000000006,-0.00012999999999999546,66.35211181640625,0,0,0.0,20.0,0.0,0.0,-20.0,-20.0,-20.0,0.0
49.97798466682434,7.499999999998864e-05,0.011300000000000011,-0.00012000000000000454,66.35211181640625,0,0,0.0,20.0,0.0,0.0,-20.0,-20.0,-20.0,0.0
50.05497884750366,7.499999999998864e-05,0.01113749999999999,-0.00012000000000000454,66.35211181640625,0,0,0.0,20.0,0.0,0.0,-20.0,-20.0,-20.0,0.0
50.12998676300049,7.499999999998864e-05,0.010987500000000011,-0.00011000000000001364,66.35211181640625,0,0,0.0,20.0,0.0,0.0,-20.0,-20.0,-20.0,0.0
50.20898985862732,7.499999999998864e-05,0.010837500000000005,-0.00011000000000001364,66.35211181640625,0,0,0.0,20.0,0.0,0.0,-20.0,-20.0,-20.0,0.0
50.28698229789734,7.499999999998864e-05,0.0106875,-0.00010000000000002273,66.35211181640625,0,0,0.0,20.0,0.0,0.0,-20.0,-20.0,-20.0,0.0
50.36598181724548,6.25e-05,0.01055000000000001,-0.00010000000000002273,66.35211181640625,0,0,0.0,20.0,0.0,0.0,-20.0,-20.0,-20.0,0.0
50.47248983383179,6.25e-05,0.010400000000000006,-0.00010000000000002273,66.35211181640625,0,0,0.0,20.0,0.0,0.0,-20.0,-20.0,-20.0,0.0
50.549498081207275,6.25e-05,0.010262499999999989,-8.999999999997499e-05,66.35211181640625,0,0,0.0,20.0,0.0,0.0,-20.0,-20.0,-20.0,0.0
50.62549877166748,6.25e-05,0.010125,-8.999999999997499e-05,66.35211181640625,0,0,0.0,20.0,0.0,0.0,-20.0,-20.0,-20.0,0.0
50.70349955558777,5.0000000000011366e-05,0.009974999999999994,-8.999999999997499e-05,66.35211181640625,0,0,0.0,20.0,0.0,0.0,-20.0,-20.0,-20.0,0.0
50.7794976234436,5.0000000000011366e-05,0.009837500000000006,-7.999999999998408e-05,66.35211181640625,0,0,0.0,20.0,0.0,0.0,-20.0,-20.0,-20.0,0.0
50.858503341674805,5.0000000000011366e-05,0.009712500000000006,-7.999999999998408e-05,66.35211181640625,0,0,0.0,20.0,0.0,0.0,-20.0,-20.0,-20.0,0.0
50.936501026153564,5.0000000000011366e-05,0.009574999999999988,-7.999999999998408e-05,66.35211181640625,0,0,0.0,20.0,0.0,0.0,-20.0,-20.0,-20.0,0.0
51.07950186729431,5.0000000000011366e-05,0.0094375,-6.999999999999318e-05,69.31723403930664,0,0,0.0,17.929953,2.0700474,0.0,-20.0,-20.0,-20.0,0.0
51.219499349594116,3.749999999999432e-05,0.009324999999999988,-6.999999999999318e-05,73.6412525177002,0,0,0.0,14.911221,5.0887794,0.0,-20.0,-20.0,-20.0,0.0
51.360498905181885,3.749999999999432e-05,0.0091875,-6.999999999999318e-05,78.32998466491699,0,0,0.0,11.637865,8.362135,0.0,-20.0,-20.0,-20.0,0.0
51.503026247024536,3.749999999999432e-05,0.0090625,-6.000000000000227e-05,82.87684154510498,0,0,0.0,8.46356,11.53644,0.0,-20.0,-20.0,-20.0,0.0
51.64600968360901,3.749999999999432e-05,0.0089375,-6.000000000000227e-05,87.15394687652588,0,0,0.0,5.4775786,14.522421,0.0,-20.0,-20.0,-20.0,0.0
51.806013345718384,3.749999999999432e-05,0.008824999999999989,-6.000000000000227e-05,91.00731062889099,0,0,0.0,2.7874222,17.212578,0.0,-20.0,-20.0,-20.0,0.0
51.946022748947144,3.749999999999432e-05,0.0086875,-6.000000000000227e-05,95.0,0,0,0.0,0.0,20.0,0.0,-20.0,-20.0,-20.0,0.0
52.02501368522644,2.5000000000005683e-05,0.008574999999999989,-5.0000000000011366e-05,95.0,0,0,0.0,0.0,20.0,0.0,-20.0,-20.0,-20.0,0.0
52.10101056098938,2.5000000000005683e-05,0.008462500000000006,-5.0000000000011366e-05,95.0,0,0,0.0,0.0,20.0,0.0,-20.0,-20.0,-20.0,0.0
52.178011894226074,2.5000000000005683e-05,0.008337500000000006,-5.0000000000011366e-05,95.0,0,0,0.0,0.0,20.0,0.0,-20.0,-20.0,-20.0,0.0
52.25601363182068,2.5000000000005683e-05,0.008224999999999994,-5.0000000000011366e-05,95.0,0,0,0.0,0.0,20.0,0.0,-20.0,-20.0,-20.0,0.0
52.33501625061035,2.5000000000005683e-05,0.008112500000000012,-5.0000000000011366e-05,95.0,0,0,0.0,0.0,20.0,0.0,-20.0,-20.0,-20.0,0.0
52.41202211380005,2.5000000000005683e-05,0.008,-4.000000000002046e-05,95.0,0,0,0.0,0.0,20.0,0.0,-20.0,-20.0,-20.0,0.0
52.490029096603394,2.5000000000005683e-05,0.007887499999999988,-4.000000000002046e-05,95.0,0,0,0.0,0.0,20.0,0.0,-20.0,-20.0,-20.0,0.0
52.569019079208374,2.5000000000005683e-05,0.007787499999999994,-4.000000000002046e-05,95.0,0,0,0.0,0.0,20.0,0.0,-20.0,-20.0,-20.0,0.0
52.64801526069641,2.5000000000005683e-05,0.007675000000000012,-4.000000000002046e-05,95.0,0,0,0.0,0.0,20.0,0.0,-20.0,-20.0,-20.0,0.0
52.72701668739319,2.5000000000005683e-05,0.007574999999999989,-4.000000000002046e-05,95.0,0,0,0.0,0.0,20.0,0.0,-20.0,-20.0,-20.0,0.0
52.84007811546326,2.5000000000005683e-05,0.007474999999999995,-4.000000000002046e-05,95.0,0,0,0.0,0.0,20.0,0.0,-20.0,-20.0,-20.0,0.0
52.91707491874695,2.5000000000005683e-05,0.007375,-2.9999999999972716e-05,95.0,0,0,0.0,0.0,20.0,0.0,-20.0,-20.0,-20.0,0.0
52.99207401275635,2.5000000000005683e-05,0.007275000000000005,-2.9999999999972716e-05,95.0,0,0,0.0,0.0,20.0,0.0,-20.0,-20.0,-20.0,0.0
53.07107925415039,2.5000000000005683e-05,0.007175000000000011,-2.9999999999972716e-05,95.0,0,0,0.0,0.0,20.0,0.0,-20.0,-20.0,-20.0,0.0
53.14807629585266,2.5000000000005683e-05,0.007074999999999988,-2.9999999999972716e-05,95.0,0,0,0.0,0.0,20.0,0.0,-20.0,-20.0,-20.0,0.0
53.2250771522522,2.5000000000005683e-05,0.006974999999999994,-2.9999999999972716e-05,95.0,0,0,0.0,0.0,20.0,0.0,-20.0,-20.0,-20.0,0.0
53.30308413505554,2.5000000000005683e-05,0.006875,-2.9999999999972716e-05,95.0,0,0,0.0,0.0,20.0,0.0,-20.0,-20.0,-20.0,0.0
53.37807559967041,2.5000000000005683e-05,0.006775000000000006,-2.9999999999972716e-05,95.0,0,0,0.0,0.0,20.0,0.0,-20.0,-20.0,-20.0,0.0
53.45407724380493,2.5000000000005683e-05,0.0066875,-2.9999999999972716e-05,95.0,0,0,0.0,0.0,20.0,0.0,-20.0,-20.0,-20.0,0.0
53.53307294845581,2.5000000000005683e-05,0.006599999999999994,-2.9999999999972716e-05,95.0,0,0,0.0,0.0,20.0,0.0,-20.0,-20.0,-20.0,0.0
53.61108136177063,2.5000000000005683e-05,0.006512499999999989,-1.999999999998181e-05,95.0,0,0,0.0,0.0,20.0,0.0,-20.0,-20.0,-20.0,0.0
53.69107532501221,1.2499999999988632e-05,0.006425000000000011,-1.999999999998181e-05,95.0,0,0,0.0,0.0,20.0,0.0,-20.0,-20.0,-20.0,0.0
53.77084040641785,1.2499999999988632e-05,0.006324999999999989,-1.999999999998181e-05,95.0,0,0,0.0,0.0,20.0,0.0,-20.0,-20.0,-20.0,0.0
53.86383676528931,1.2499999999988632e-05,0.006237500000000011,-1.999999999998181e-05,95.0,0,0,0.0,0.0,20.0,0.0,-20.0,-20.0,-20.0,0.0
53.958834409713745,1.2499999999988632e-05,0.006162499999999994,-1.999999999998181e-05,95.0,0,0,0.0,0.0,20.0,0.0,-20.0,-20.0,-20.0,0.0
54.036832094192505,1.2499999999988632e-05,0.006074999999999988,-1.999999999998181e-05,95.0,0,0,0.0,0.0,20.0,0.0,-20.0,-20.0,-20.0,0.0
54.11583185195923,1.2499999999988632e-05,0.005987500000000011,-1.999999999998181e-05,95.0,0,0,0.0,0.0,20.0,0.0,-20.0,-20.0,-20.0,0.0
54.19383120536804,1.2499999999988632e-05,0.005912499999999994,-1.999999999998181e-05,95.0,0,0,0.0,0.0,20.0,0.0,-20.0,-20.0,-20.0,0.0
54.27082943916321,1.2499999999988632e-05,0.005824999999999989,-1.999999999998181e-05,95.0,0,0,0.0,0.0,20.0,0.0,-20.0,-20.0,-20.0,0.0
54.34882879257202,1.2499999999988632e-05,0.00575,-1.999999999998181e-05,95.0,0,0,0.0,0.0,20.0,0.0,-20.0,-20.0,-20.0,0.0
54.427830934524536,1.2499999999988632e-05,0.005675000000000012,-1.999999999998181e-05,95.0,0,0,0.0,0.0,20.0,0.0,-20.0,-20.0,-20.0,0.0
54.506829500198364,1.2499999999988632e-05,0.005587500000000006,-1.999999999998181e-05,95.0,0,0,0.0,0.0,20.0,0.0,-20.0,-20.0,-20.0,0.0
54.58583474159241,1.2499999999988632e-05,0.005587500000000006,-1.999999999998181e-05,95.0,0,0,0.0,0.0,20.0,0.0,-20.0,-20.0,-20.0,0.0
54.66482853889465,1.2499999999988632e-05,0.0054375,-9.999999999990905e-06,95.0,0,0,0.0,0.0,20.0,0.0,-20.0,-20.0,-20.0,0.0
54.74083185195923,1.2499999999988632e-05,0.0054375,-9.999999999990905e-06,95.0,0,0,0.0,0.0,20.0,0.0,-20.0,-20.0,-20.0,0.0
54.81683015823364,1.2499999999988632e-05,0.0052874999999999945,-9.999999999990905e-06,95.0,0,0,0.0,0.0,20.0,0.0,-20.0,-20.0,-20.0,0.0
54.896833181381226,1.2499999999988632e-05,0.0052874999999999945,-9.999999999990905e-06,95.0,0,0,0.0,0.0,20.0,0.0,-20.0,-20.0,-20.0,0.0
54.99882793426514,1.2499999999988632e-05,0.005150000000000005,-9.999999999990905e-06,95.0,0,0,0.0,0.0,20.0,0.0,-20.0,-20.0,-20.0,0.0
55.09483242034912,1.2499999999988632e-05,0.005074999999999988,-9.999999999990905e-06,95.0,0,0,0.0,0.0,20.0,0.0,-20.0,-20.0,-20.0,0.0
55.17082953453064,1.2499999999988632e-05,0.005074999999999988,-9.999999999990905e-06,95.0,0,0,0.0,0.0,20.0,0.0,-20.0,-20.0,-20.0,0.0
55.24838066101074,1.2499999999988632e-05,0.0049375,-9.999999999990905e-06,95.0,0,0,0.0,0.0,20.0,0.0,-20.0,-20.0,-20.0,0.0
55.32437610626221,1.2499999999988632e-05,0.0049375,-9.999999999990905e-06,95.0,0,0,0.0,0.0,20.0,0.0,-20.0,-20.0,-20.0,0.0
55.40136981010437,1.2499999999988632e-05,0.004800000000000012,-9.999999999990905e-06,95.0,0,0,0.0,0.0,20.0,0.0,-20.0,-20.0,-20.0,0.0
55.47837829589844,1.2499999999988632e-05,0.004800000000000012,-9.999999999990905e-06,95.0,0,0,0.0,0.0,20.0,0.0,-20.0,-20.0,-20.0,0.0
55.557371377944946,1.2499999999988632e-05,0.004675000000000012,-9.999999999990905e-06,95.0,0,0,0.0,0.0,20.0,0.0,-20.0,-20.0,-20.0,0.0
55.63437271118164,1.2499999999988632e-05,0.004675000000000012,-9.999999999990905e-06,95.0,0,0,0.0,0.0,20.0,0.0,-20.0,-20.0,-20.0,0.0
55.71337532997131,1.2499999999988632e-05,0.0045500000000000115,-9.999999999990905e-06,95.0,0,0,0.0,0.0,20.0,0.0,-20.0,-20.0,-20.0,0.0
55.792402267456055,1.2499999999988632e-05,0.004474999999999995,-9.999999999990905e-06,95.0,0,0,0.0,0.0,20.0,0.0,-20.0,-20.0,-20.0,0.0
55.87137055397034,1.2499999999988632e-05,0.004474999999999995,-9.999999999990905e-06,95.0,0,0,0.0,0.0,20.0,0.0,-20.0,-20.0,-20.0,0.0
55.950374364852905,0.0,0.004362500000000011,-9.999999999990905e-06,95.0,0,0,0.0,0.0,20.0,0.0,-20.0,-20.0,-20.0,0.0
56.04437589645386,0.0,0.004362500000000011,-9.999999999990905e-06,95.0,0,0,0.0,0.0,20.0,0.0,-20.0,-20.0,-20.0,0.0
56.156373739242554,0.0,0.004237500000000011,-9.999999999990905e-06,95.0,0,0,0.0,0.0,20.0,0.0,-20.0,-20.0,-20.0,0.0
56.250375747680664,0.0,0.004237500000000011,-9.999999999990905e-06,95.0,0,0,0.0,0.0,20.0,0.0,-20.0,-20.0,-20.0,0.0
56.329373836517334,0.0,0.004125,-9.999999999990905e-06,95.0,0,0,0.0,0.0,20.0,0.0,-20.0,-20.0,-20.0,0.0
56.408371448516846,0.0,0.004125,-9.999999999990905e-06,95.0,0,0,0.0,0.0,20.0,0.0,-20.0,-20.0,-20.0,0.0
56.48537349700928,0.0,0.004025000000000006,-9.999999999990905e-06,95.0,0,0,0.0,0.0,20.0,0.0,-20.0,-20.0,-20.0,0.0
56.56237316131592,0.0,0.004025000000000006,-9.999999999990905e-06,95.0,0,0,0.0,0.0,20.0,0.0,-20.0,-20.0,-20.0,0.0
56.643372774124146,0.0,0.003912499999999994,-9.999999999990905e-06,95.0,0,0,0.0,0.0,20.0,0.0,-20.0,-20.0,-20.0,0.0
56.7183735370636,0.0,0.003912499999999994,-9.999999999990905e-06,95.0,0,0,0.0,0.0,20.0,0.0,-20.0,-20.0,-20.0,0.0
56.79637050628662,0.0,0.0038000000000000113,0.0,95.0,0,0,0.0,0.0,20.0,0.0,-20.0,-20.0,-20.0,0.0
56.87837553024292,0.0,0.0038000000000000113,0.0,95.0,0,0,0.0,0.0,20.0,0.0,-20.0,-20.0,-20.0,0.0
56.95637226104736,0.0,0.0036999999999999885,0.0,95.0,0,0,0.0,0.0,20.0,0.0,-20.0,-20.0,-20.0,0.0
57.0363826751709,0.0,0.0036999999999999885,0.0,95.0,0,0,0.0,0.0,20.0,0.0,-20.0,-20.0,-20.0,0.0
57.11536955833435,0.0,0.0035999999999999943,0.0,95.0,0,0,0.0,0.0,20.0,0.0,-20.0,-20.0,-20.0,0.0
57.22492051124573,0.0,0.0035999999999999943,0.0,95.0,0,0,0.0,0.0,20.0,0.0,-20.0,-20.0,-20.0,0.0
57.30592393875122,0.0,0.0035,0.0,95.0,0,0,0.0,0.0,20.0,0.0,-20.0,-20.0,-20.0,0.0
57.38491868972778,0.0,0.0035,0.0,95.0,0,0,0.0,0.0,20.0,0.0,-20.0,-20.0,-20.0,0.0
57.46291971206665,0.0,0.003400000000000006,0.0,95.0,0,0,0.0,0.0,20.0,0.0,-20.0,-20.0,-20.0,0.0
57.541924238204956,0.0,0.003400000000000006,0.0,95.0,0,0,0.0,0.0,20.0,0.0,-20.0,-20.0,-20.0,0.0
57.619927406311035,0.0,0.0033125,0.0,95.0,0,0,0.0,0.0,20.0,0.0,-20.0,-20.0,-20.0,0.0
57.698437213897705,0.0,0.0033125,0.0,95.0,0,0,0.0,0.0,20.0,0.0,-20.0,-20.0,-20.0,0.0
57.77444911003113,0.0,0.0032249999999999944,0.0,95.0,0,0,0.0,0.0,20.0,0.0,-20.0,-20.0,-20.0,0.0
57.852444648742676,0.0,0.0032249999999999944,0.0,95.0,0,0,0.0,0.0,20.0,0.0,-20.0,-20.0,-20.0,0.0
57.92843842506409,0.0,0.003125,0.0,95.0,0,0,0.0,0.0,20.0,0.0,-20.0,-20.0,-20.0,0.0
58.02345132827759,0.0,0.003125,0.0,95.0,0,0,0.0,0.0,20.0,0.0,-20.0,-20.0,-20.0,0.0
58.10143756866455,0.0,0.0030500000000000115,0.0,95.0,0,0,0.0,0.0,20.0,0.0,-20.0,-20.0,-20.0,0.0