Current Date: Thu 08 Sep 2022 23:51:42
Object Position (x,y,z)(m): 0,0,-0.305
Target Position (x,y,z)(m): 0.15,0.15,-0.31
Time,x (m),y (m),z (m),grasp angle (deg),force,Buffer Length,Move to Pre Grasp,Move to grasp,grasp,lift after grasp,move to pre release,move to release,release,lift after release
0.16100406646728516,0.0,0.0,0.0,66.35211181640625,0,0,20.0,0.0,0.0,-20.0,0.0,-20.0,-20.0,0.0
0.2559967041015625,0.0,0.0,-0.0009225000000000137,66.35211181640625,0,1,20.0,0.0,0.0,-20.0,0.0,-20.0,-20.0,0.0
0.35300254821777344,0.0,0.0,-0.002680000000000007,66.35211181640625,0,2,20.0,0.0,0.0,-20.0,0.0,-20.0,-20.0,0.0
0.4519975185394287,0.0,0.0,-0.005404999999999972,66.35211181640625,0,3,20.0,0.0,0.0,-20.0,0.0,-20.0,-20.0,0.0
0.5500040054321289,0.0,0.0,-0.008519999999999982,66.35211181640625,0,4,20.0,0.0,0.0,-20.0,0.0,-20.0,-20.0,0.0
0.6459970474243164,0.0,0.0,-0.010694999999999993,66.35211181640625,0,5,20.0,0.0,0.0,-20.0,0.0,-20.0,-20.0,0.0
0.724994421005249,0.0,0.0,-0.011904999999999973,66.35211181640625,0,6,20.0,0.0,0.0,-20.0,0.0,-20.0,-20.0,0.0
0.8040080070495605,0.0,0.0,-0.012235000000000013,66.35211181640625,0,6,20.0,0.0,0.0,-20.0,0.0,-20.0,-20.0,0.0
0.9400062561035156,0.0,0.0,-0.012762499999999989,66.35211181640625,0,7,20.0,0.0,0.0,-20.0,0.0,-20.0,-20.0,0.0
1.051008939743042,0.0,0.0,-0.015394999999999982,66.35211181640625,0,8,20.0,0.0,0.0,-20.0,0.0,-20.0,-20.0,0.0
1.149000883102417,0.0,0.0,-0.018435000000000003,66.35211181640625,0,9,20.0,0.0,0.0,-20.0,0.0,-20.0,-20.0,0.0
1.2230041027069092,0.0,0.0,-0.02183499999999998,66.35211181640625,0,10,20.0,0.0,0.0,-20.0,0.0,-20.0,-20.0,0.0
1.3210034370422363,0.0,0.0,-0.02441500000000002,66.35211181640625,0,9,20.0,0.0,0.0,-20.0,0.0,-20.0,-20.0,0.0
1.3960015773773193,0.0,0.0,-0.027860000000000013,66.35211181640625,0,10,20.0,0.0,0.0,-20.0,0.0,-20.0,-20.0,0.0
1.4679973125457764,0.0,0.0,-0.03047000000000003,66.35211181640625,0,10,20.0,0.0,0.0,-20.0,0.0,-20.0,-20.0,0.0
1.5399973392486572,0.0,0.0,-0.03300499999999999,66.35211181640625,0,10,20.0,0.0,0.0,-20.0,0.0,-20.0,-20.0,0.0
1.6390025615692139,0.0,0.0,-0.0355,66.35211181640625,0,9,20.0,0.0,0.0,-20.0,0.0,-20.0,-20.0,0.0
1.710010051727295,0.0,0.0,-0.038995,66.35211181640625,0,10,20.0,0.0,0.0,-20.0,0.0,-20.0,-20.0,0.0
1.7839956283569336,0.0,0.0,-0.04143000000000001,66.35211181640625,0,10,20.0,0.0,0.0,-20.0,0.0,-20.0,-20.0,0.0
1.857004165649414,0.0,0.0,-0.043995000000000006,66.35211181640625,0,10,20.0,0.0,0.0,-20.0,0.0,-20.0,-20.0,0.0
1.9550042152404785,0.0,0.0,-0.046564999999999995,66.35211181640625,0,9,20.0,0.0,0.0,-20.0,0.0,-20.0,-20.0,0.0
2.0259952545166016,0.0,0.0,-0.04995999999999998,66.35211181640625,0,10,20.0,0.0,0.0,-20.0,0.0,-20.0,-20.0,0.0
2.11999773979187,0.0,0.0,-0.05272500000000002,66.35211181640625,0,10,20.0,0.0,0.0,-20.0,0.0,-20.0,-20.0,0.0
2.2019951343536377,0.0,0.0,-0.05601999999999998,66.35211181640625,0,10,20.0,0.0,0.0,-20.0,0.0,-20.0,-20.0,0.0
2.2990059852600098,0.0,0.0,-0.05856,66.35211181640625,0,9,20.0,0.0,0.0,-20.0,0.0,-20.0,-20.0,0.0
2.3709964752197266,0.0,0.0,-0.06194999999999999,66.35211181640625,0,10,20.0,0.0,0.0,-20.0,0.0,-20.0,-20.0,0.0
2.4440035820007324,0.0,0.0,-0.06445500000000001,66.35211181640625,0,10,20.0,0.0,0.0,-20.0,0.0,-20.0,-20.0,0.0
2.5419962406158447,0.0,0.0,-0.067025,66.35211181640625,0,9,20.0,0.0,0.0,-20.0,0.0,-20.0,-20.0,0.0
2.6119935512542725,0.0,0.0,-0.07041499999999999,66.35211181640625,0,10,20.0,0.0,0.0,-20.0,0.0,-20.0,-20.0,0.0
2.684999704360962,0.0,0.0,-0.07286500000000001,66.35211181640625,0,10,20.0,0.0,0.0,-20.0,0.0,-20.0,-20.0,0.0
2.7599966526031494,0.0,0.0,-0.07540999999999999,66.35211181640625,0,10,20.0,0.0,0.0,-20.0,0.0,-20.0,-20.0,0.0
2.839006185531616,0.0,0.0,-0.078,66.35211181640625,0,9,20.0,0.0,0.0,-20.0,0.0,-20.0,-20.0,0.0
2.9119949340820312,0.0,0.0,-0.08077000000000001,66.35211181640625,0,10,20.0,0.0,0.0,-20.0,0.0,-20.0,-20.0,0.0
2.984999895095825,0.0,0.0,-0.08328999999999999,66.35211181640625,0,10,20.0,0.0,0.0,-20.0,0.0,-20.0,-20.0,0.0
3.080996036529541,0.0,0.0,-0.08582,66.35211181640625,0,9,20.0,0.0,0.0,-20.0,0.0,-20.0,-20.0,0.0
3.157003164291382,0.0,0.0,-0.08922999999999999,66.35211181640625,0,10,20.0,0.0,0.0,-20.0,0.0,-20.0,-20.0,0.0
3.240001678466797,0.0,0.0,-0.09183000000000001,66.35211181640625,0,10,20.0,0.0,0.0,-20.0,0.0,-20.0,-20.0,0.0
3.367002010345459,0.0,0.0,-0.09503999999999999,66.35211181640625,0,9,20.0,0.0,0.0,-20.0,0.0,-20.0,-20.0,0.0
3.44000506401062,0.0,0.0,-0.09920500000000002,66.35211181640625,0,10,20.0,0.0,0.0,-20.0,0.0,-20.0,-20.0,0.0
3.511996030807495,0.0,0.0,-0.10172,66.35211181640625,0,10,20.0,0.0,0.0,-20.0,0.0,-20.0,-20.0,0.0
3.610006809234619,0.0,0.0,-0.10419999999999999,66.35211181640625,0,9,20.0,0.0,0.0,-20.0,0.0,-20.0,-20.0,0.0
3.683001756668091,0.0,0.0,-0.107615,66.35211181640625,0,10,20.0,0.0,0.0,-20.0,0.0,-20.0,-20.0,0.0
3.7550060749053955,0.0,0.0,-0.11016,66.35211181640625,0,10,20.0,0.0,0.0,-20.0,0.0,-20.0,-20.0,0.0
3.8530025482177734,0.0,0.0,-0.11269499999999999,66.35211181640625,0,9,20.0,0.0,0.0,-20.0,0.0,-20.0,-20.0,0.0
3.9249966144561768,0.0,0.0,-0.11610499999999999,66.35211181640625,0,10,20.0,0.0,0.0,-20.0,0.0,-20.0,-20.0,0.0
3.998013973236084,0.0,0.0,-0.11860499999999999,66.35211181640625,0,10,20.0,0.0,0.0,-20.0,0.0,-20.0,-20.0,0.0
4.068998575210571,0.0,0.0,-0.12113999999999998,66.35211181640625,0,10,20.0,0.0,0.0,-20.0,0.0,-20.0,-20.0,0.0
4.141649961471558,0.0,0.0,-0.12360499999999999,66.35211181640625,0,10,20.0,0.0,0.0,-20.0,0.0,-20.0,-20.0,0.0
4.2386534214019775,0.0,0.0,-0.12613,66.35211181640625,0,9,20.0,0.0,0.0,-20.0,0.0,-20.0,-20.0,0.0
4.3116583824157715,0.0,0.0,-0.12953499999999998,66.35211181640625,0,10,20.0,0.0,0.0,-20.0,0.0,-20.0,-20.0,0.0
4.3906495571136475,0.0,0.0,-0.132085,66.35211181640625,0,10,20.0,0.0,0.0,-20.0,0.0,-20.0,-20.0,0.0
4.483672142028809,0.0,0.0,-0.13524,66.35211181640625,0,10,20.0,0.0,0.0,-20.0,0.0,-20.0,-20.0,0.0
4.556653022766113,0.0,0.0,-0.13826,66.35211181640625,0,10,20.0,0.0,0.0,-20.0,0.0,-20.0,-20.0,0.0
4.630678176879883,0.0,0.0,-0.14064,66.35211181640625,0,10,20.0,0.0,0.0,-20.0,0.0,-20.0,-20.0,0.0
4.702669858932495,0.0,0.0,-0.1432,66.35211181640625,0,10,20.0,0.0,0.0,-20.0,0.0,-20.0,-20.0,0.0
4.774653673171997,0.0,0.0,-0.14571,66.35211181640625,0,10,20.0,0.0,0.0,-20.0,0.0,-20.0,-20.0,0.0
4.844648838043213,0.0,0.0,-0.148215,66.35211181640625,0,10,20.0,0.0,0.0,-20.0,0.0,-20.0,-20.0,0.0
4.913649082183838,0.0,0.0,-0.150655,66.35211181640625,0,10,20.0,0.0,0.0,-20.0,0.0,-20.0,-20.0,0.0
5.013659715652466,0.0,0.0,-0.153055,66.35211181640625,0,9,20.0,0.0,0.0,-20.0,0.0,-20.0,-20.0,0.0
5.085650205612183,0.0,0.0,-0.156545,66.35211181640625,0,10,20.0,0.0,0.0,-20.0,0.0,-20.0,-20.0,0.0
5.157655239105225,0.0,0.0,-0.15904,66.35211181640625,0,10,20.0,0.0,0.0,-20.0,0.0,-20.0,-20.0,0.0
5.230655908584595,0.0,0.0,-0.161565,66.35211181640625,0,10,20.0,0.0,0.0,-20.0,0.0,-20.0,-20.0,0.0
5.301647663116455,0.0,0.0,-0.164105,66.35211181640625,0,10,20.0,0.0,0.0,-20.0,0.0,-20.0,-20.0,0.0
5.373649597167969,0.0,0.0,-0.16657,66.35211181640625,0,10,20.0,0.0,0.0,-20.0,0.0,-20.0,-20.0,0.0
5.444650888442993,0.0,0.0,-0.16908,66.35211181640625,0,10,20.0,0.0,0.0,-20.0,0.0,-20.0,-20.0,0.0
5.515652656555176,0.0,0.0,-0.171565,66.35211181640625,0,10,20.0,0.0,0.0,-20.0,0.0,-20.0,-20.0,0.0
5.588186264038086,0.0,0.0,-0.17399,66.35211181640625,0,10,20.0,0.0,0.0,-20.0,0.0,-20.0,-20.0,0.0
5.719245195388794,0.0,0.0,-0.177125,66.35211181640625,0,9,20.0,0.0,0.0,-20.0,0.0,-20.0,-20.0,0.0
5.790241956710815,0.0,0.0,-0.181115,66.35211181640625,0,10,20.0,0.0,0.0,-20.0,0.0,-20.0,-20.0,0.0
5.862261772155762,0.0,0.0,-0.183585,66.35211181640625,0,10,20.0,0.0,0.0,-20.0,0.0,-20.0,-20.0,0.0
5.931260347366333,0.0,0.0,-0.18608000000000002,66.35211181640625,0,10,20.0,0.0,0.0,-20.0,0.0,-20.0,-20.0,0.0
5.999243259429932,0.0,0.0,-0.188505,66.35211181640625,0,10,20.0,0.0,0.0,-20.0,0.0,-20.0,-20.0,0.0
6.071243047714233,0.0,0.0,-0.190865,66.35211181640625,0,10,20.0,0.0,0.0,-20.0,0.0,-20.0,-20.0,0.0
6.141243934631348,0.0,0.0,-0.19340000000000002,66.35211181640625,0,10,20.0,0.0,0.0,-20.0,0.0,-20.0,-20.0,0.0
6.22124457359314,0.0,0.0,-0.195865,66.35211181640625,0,9,20.0,0.0,0.0,-20.0,0.0,-20.0,-20.0,0.0
6.292242050170898,0.0,0.0,-0.19860500000000003,66.35211181640625,0,10,20.0,0.0,0.0,-20.0,0.0,-20.0,-20.0,0.0
6.364779472351074,0.0,0.0,-0.20111,66.35211181640625,0,10,20.0,0.0,0.0,-20.0,0.0,-20.0,-20.0,0.0
6.436783790588379,0.0,0.0,-0.20366,66.35211181640625,0,10,20.0,0.0,0.0,-20.0,0.0,-20.0,-20.0,0.0
6.507784843444824,0.0,0.0,-0.20617500000000002,66.35211181640625,0,10,20.0,0.0,0.0,-20.0,0.0,-20.0,-20.0,0.0
6.604144096374512,0.0,0.0,-0.20864499999999997,66.35211181640625,0,9,20.0,0.0,0.0,-20.0,0.0,-20.0,-20.0,0.0
6.672158479690552,0.0,0.0,-0.212,66.35211181640625,0,10,20.0,0.0,0.0,-20.0,0.0,-20.0,-20.0,0.0
6.751141548156738,0.0,0.0,-0.21437,66.35211181640625,0,10,20.0,0.0,0.0,-20.0,0.0,-20.0,-20.0,0.0
6.844140529632568,0.0,0.0,-0.21753,66.35211181640625,0,10,20.0,0.0,0.0,-20.0,0.0,-20.0,-20.0,0.0
6.919140815734863,0.0,0.0,-0.22056,66.35211181640625,0,10,20.0,0.0,0.0,-20.0,0.0,-20.0,-20.0,0.0
7.013144493103027,0.0,0.0,-0.22298500000000002,66.35211181640625,0,9,20.0,0.0,0.0,-20.0,0.0,-20.0,-20.0,0.0
7.0861594676971436,0.0,0.0,-0.226245,66.35211181640625,0,10,20.0,0.0,0.0,-20.0,0.0,-20.0,-20.0,0.0
7.162155628204346,0.0,0.0,-0.22882,66.35211181640625,0,10,20.0,0.0,0.0,-20.0,0.0,-20.0,-20.0,0.0
7.233144283294678,0.0,0.0,-0.231435,66.35211181640625,0,10,0.0,20.0,0.0,0.0,-20.0,-20.0,-20.0,0.0
7.313146352767944,0.0,0.0,-0.233905,66.35211181640625,0,9,0.0,20.0,0.0,0.0,-20.0,-20.0,-20.0,0.0
7.384157419204712,0.0,0.0,-0.23669,66.35211181640625,0,10,0.0,20.0,0.0,0.0,-20.0,-20.0,-20.0,0.0
7.455141305923462,0.0,0.0,-0.23917000000000002,66.35211181640625,0,10,0.0,20.0,0.0,0.0,-20.0,-20.0,-20.0,0.0
7.552150249481201,0.0,0.0,-0.241655,66.35211181640625,0,9,0.0,20.0,0.0,0.0,-20.0,-20.0,-20.0,0.0
7.625155448913574,0.0,0.0,-0.245035,66.35211181640625,0,10,0.0,20.0,0.0,0.0,-20.0,-20.0,-20.0,0.0
7.692148447036743,0.0,0.0,-0.24758,66.35211181640625,0,10,0.0,20.0,0.0,0.0,-20.0,-20.0,-20.0,0.0
7.788146257400513,0.0,0.0,-0.24992,66.35211181640625,0,9,0.0,20.0,0.0,0.0,-20.0,-20.0,-20.0,0.0
7.861144304275513,0.0,0.0,-0.25327500000000003,66.35211181640625,0,10,0.0,20.0,0.0,0.0,-20.0,-20.0,-20.0,0.0
7.997143507003784,0.0,0.0,-0.25609000000000004,66.35211181640625,0,9,0.0,20.0,0.0,0.0,-20.0,-20.0,-20.0,0.0
8.06814193725586,0.0,0.0,-0.26063,66.35211181640625,0,10,0.0,20.0,0.0,0.0,-20.0,-20.0,-20.0,0.0
8.139142036437988,0.0,0.0,-0.263005,66.35211181640625,0,10,0.0,20.0,0.0,0.0,-20.0,-20.0,-20.0,0.0
8.238154649734497,0.0,0.0,-0.265495,66.35211181640625,0,9,0.0,20.0,0.0,0.0,-20.0,-20.0,-20.0,0.0
8.309677124023438,0.0,0.0,-0.268955,66.35211181640625,0,10,0.0,20.0,0.0,0.0,-20.0,-20.0,-20.0,0.0
8.37867522239685,0.0,0.0,-0.271425,66.35211181640625,0,10,0.0,20.0,0.0,0.0,-20.0,-20.0,-20.0,0.0
8.449685096740723,0.0,0.0,-0.273865,66.35211181640625,0,10,0.0,20.0,0.0,0.0,-20.0,-20.0,-20.0,0.0
8.52167797088623,0.0,0.0,-0.27635000000000004,66.35211181640625,0,10,0.0,20.0,0.0,0.0,-20.0,-20.0,-20.0,0.0
8.61767578125,0.0,0.0,-0.27886500000000003,66.35211181640625,0,9,0.0,20.0,0.0,0.0,-20.0,-20.0,-20.0,0.0
8.69070029258728,0.0,0.0,-0.282185,66.35211181640625,0,10,0.0,20.0,0.0,0.0,-20.0,-20.0,-20.0,0.0
8.7626793384552,0.0,0.0,-0.28476,66.35211181640625,0,10,0.0,20.0,0.0,0.0,-20.0,-20.0,-20.0,0.0
8.860680103302002,0.0,0.0,-0.28726,66.35211181640625,0,9,0.0,20.0,0.0,0.0,-20.0,-20.0,-20.0,0.0
8.933677434921265,0.0,0.0,-0.29068,66.35211181640625,0,10,0.0,20.0,0.0,0.0,-20.0,-20.0,-20.0,0.0
9.030677795410156,0.0,0.0,-0.29321499999999995,66.35211181640625,0,9,0.0,20.0,0.0,0.0,-20.0,-20.0,-20.0,0.0
9.24123740196228,0.0,0.0,-0.296285,95.0,0,8,0.0,0.0,20.0,0.0,-20.0,-20.0,-20.0,0.0
9.319233417510986,0.0,0.0,-0.30032,95.0,0,4,0.0,0.0,20.0,0.0,-20.0,-20.0,-20.0,0.0
9.399232387542725,0.0,0.0,-0.30119,95.0,0,4,0.0,0.0,20.0,0.0,-20.0,-20.0,-20.0,0.0
9.477232933044434,0.0,0.0,-0.30173500000000003,95.0,0,2,0.0,0.0,20.0,0.0,-20.0,-20.0,-20.0,0.0
9.557241678237915,0.0,0.0,-0.30201,95.0,0,1,0.0,0.0,20.0,0.0,-20.0,-20.0,-20.0,0.0
9.63623332977295,0.0,0.0,-0.30220749999999996,95.0,0,1,0.0,0.0,20.0,0.0,-20.0,-20.0,-20.0,0.0
9.714233875274658,0.0,0.0,-0.3023175,95.0,0,1,0.0,0.0,20.0,0.0,-20.0,-20.0,-20.0,0.0
9.794233083724976,0.0,0.0,-0.3024275,95.0,20,1,0.0,0.0,20.0,0.0,-20.0,-20.0,-20.0,0.0
9.871233224868774,0.0,0.0,-0.30252999999999997,95.0,20,0,-20.0,-20.0,0.0,20.0,0.0,0.0,0.0,-20.0
9.950240135192871,0.0,0.0,-0.3023725,95.0,20,1,-20.0,-20.0,0.0,20.0,0.0,0.0,0.0,-20.0
10.045244216918945,0.0,0.0,-0.30160000000000003,95.0,20,2,-20.0,-20.0,0.0,20.0,0.0,0.0,0.0,-20.0
10.123240232467651,0.0,0.0,-0.29997250000000003,95.0,20,3,-20.0,-20.0,0.0,20.0,0.0,0.0,0.0,-20.0
10.204235076904297,0.0,0.0,-0.2989975,95.0,20,4,-20.0,-20.0,0.0,20.0,0.0,0.0,0.0,-20.0
10.328248977661133,0.0,0.0,-0.29858749999999995,95.0,20,4,-20.0,-20.0,0.0,20.0,0.0,0.0,0.0,-20.0
10.426235675811768,0.0,0.0,-0.2976275,95.0,20,5,-20.0,-20.0,0.0,20.0,0.0,0.0,0.0,-20.0
10.523233413696289,0.0,0.0,-0.2957625,95.0,20,6,-20.0,-20.0,0.0,20.0,0.0,0.0,0.0,-20.0
10.619233846664429,0.0,0.0,-0.29299000000000003,95.0,20,6,-20.0,0.0,-20.0,20.0,0.0,0.0,0.0,-20.0
10.717233419418335,0.0,0.0,-0.289935,95.0,20,6,-20.0,0.0,-20.0,20.0,0.0,0.0,0.0,-20.0
10.815240144729614,0.0,0.0,-0.286585,95.0,20,6,-20.0,0.0,-20.0,20.0,0.0,0.0,0.0,-20.0
10.911311388015747,0.0,0.0,-0.283125,95.0,20,6,-20.0,0.0,-20.0,20.0,0.0,0.0,0.0,-20.0
11.005314111709595,0.0,0.0,-0.2798,95.0,20,6,-20.0,0.0,-20.0,20.0,0.0,0.0,0.0,-20.0
11.101311922073364,0.0,0.0,-0.27651,95.0,20,6,-20.0,0.0,-20.0,20.0,0.0,0.0,0.0,-20.0
11.196356058120728,0.0,0.0,-0.2735,95.0,20,6,-20.0,0.0,-20.0,20.0,0.0,0.0,0.0,-20.0
11.295360565185547,0.0,0.0,-0.27054500000000004,95.0,20,6,-20.0,0.0,-20.0,20.0,0.0,0.0,0.0,-20.0
11.448349714279175,0.0,0.0,-0.26704,95.0,20,5,-20.0,0.0,-20.0,20.0,0.0,0.0,0.0,-20.0
11.547363519668579,0.0,0.0,-0.26350999999999997,95.0,20,5,-20.0,0.0,-20.0,20.0,0.0,0.0,0.0,-20.0
11.642348766326904,0.0,0.0,-0.26105,95.0,20,5,-20.0,0.0,-20.0,20.0,0.0,0.0,0.0,-20.0
11.742360353469849,0.0,0.0,-0.25864499999999996,95.0,20,5,-20.0,0.0,-20.0,20.0,0.0,0.0,0.0,-20.0
11.839347839355469,0.0,0.0,-0.2563675,95.0,20,5,-20.0,0.0,-20.0,20.0,0.0,0.0,0.0,-20.0
11.91837453842163,0.0,0.0,-0.2542175,95.0,20,5,-20.0,0.0,-20.0,20.0,0.0,0.0,0.0,-20.0
12.016351461410522,0.0,0.0,-0.252475,95.0,20,5,-20.0,0.0,-20.0,20.0,0.0,0.0,0.0,-20.0
12.113348722457886,0.0,0.0,-0.25040250000000003,95.0,20,5,-20.0,0.0,-20.0,20.0,0.0,0.0,0.0,-20.0
12.209348917007446,0.0,0.0,-0.24838,95.0,20,5,-20.0,0.0,-20.0,20.0,0.0,0.0,0.0,-20.0
12.305349588394165,0.0,0.0,-0.246425,95.0,20,5,-20.0,0.0,-20.0,20.0,0.0,0.0,0.0,-20.0
12.400349140167236,0.0,0.0,-0.244525,95.0,20,4,-20.0,0.0,-20.0,20.0,0.0,0.0,0.0,-20.0
12.531348466873169,0.0,0.0,-0.2426625,95.0,20,4,-20.0,0.0,-20.0,20.0,0.0,0.0,0.0,-20.0
12.640358924865723,0.0,0.0,-0.2400025,95.0,20,3,-20.0,0.0,-20.0,20.0,0.0,0.0,0.0,-20.0
12.734349489212036,0.0,0.0,-0.2381925,95.0,20,3,-20.0,0.0,-20.0,20.0,0.0,0.0,0.0,-20.0
12.812356233596802,0.0,0.0,-0.23649,95.0,20,3,-20.0,0.0,-20.0,20.0,0.0,0.0,0.0,-20.0
12.90635061264038,0.0,0.0,-0.235105,95.0,20,3,-20.0,0.0,-20.0,20.0,0.0,0.0,0.0,-20.0
13.002350330352783,0.0,0.0,-0.23354000000000003,95.0,20,2,-20.0,0.0,-20.0,20.0,0.0,0.0,0.0,-20.0
13.09834909439087,0.0,0.0,-0.2319225,95.0,20,2,-20.0,0.0,-20.0,20.0,0.0,0.0,0.0,-20.0
13.176350593566895,0.0,0.0,-0.2306875,95.0,20,2,-20.0,0.0,-20.0,20.0,0.0,0.0,0.0,-20.0
13.256362438201904,0.0,0.0,-0.23034749999999998,95.0,20,2,-20.0,0.0,-20.0,20.0,0.0,0.0,0.0,-20.0
13.335354804992676,0.0,0.0,-0.2298875,95.0,20,3,0.0,-20.0,-20.0,0.0,20.0,0.0,0.0,-20.0
13.415349006652832,0.0,0.0,-0.2288,95.0,20,3,0.0,-20.0,-20.0,0.0,20.0,0.0,0.0,-20.0
13.510921478271484,0.0,0.0,-0.22780250000000002,95.0,20,3,0.0,-20.0,-20.0,0.0,20.0,0.0,0.0,-20.0
13.613913536071777,8.750000000000568e-05,2.5000000000005683e-05,-0.22747499999999998,95.0,20,3,0.0,-20.0,-20.0,0.0,20.0,0.0,0.0,-20.0
13.718918800354004,0.0016875,0.0005749999999999886,-0.22835750000000002,95.0,20,4,0.0,-20.0,-20.0,0.0,20.0,0.0,0.0,-20.0
13.81391716003418,0.005137499999999988,0.00175,-0.23026249999999998,95.0,20,5,0.0,-20.0,-20.0,0.0,20.0,0.0,0.0,-20.0
13.909926414489746,0.009112500000000011,0.0031500000000000057,-0.23245249999999998,95.0,20,5,0.0,-20.0,-20.0,0.0,20.0,0.0,0.0,-20.0
14.007446527481079,0.013125,0.0045625,-0.23466,95.0,20,5,0.0,-20.0,-20.0,0.0,20.0,0.0,0.0,-20.0
14.101455211639404,0.01717500000000001,0.006037499999999994,-0.23689,95.0,20,6,0.0,-20.0,-20.0,0.0,20.0,0.0,0.0,-20.0
14.198446989059448,0.02105000000000001,0.007474999999999995,-0.2390175,95.0,20,6,0.0,-20.0,-20.0,0.0,20.0,0.0,0.0,-20.0
14.292447090148926,0.02505000000000001,0.008987500000000011,-0.2412225,95.0,20,6,0.0,-20.0,-20.0,0.0,20.0,0.0,0.0,-20.0
14.38845157623291,0.02892500000000001,0.01048750000000001,-0.24336000000000002,95.0,20,6,0.0,-20.0,-20.0,0.0,20.0,0.0,0.0,-20.0
14.484444618225098,0.0329125,0.012050000000000012,-0.24555000000000002,95.0,20,6,0.0,-20.0,-20.0,0.0,20.0,0.0,0.0,-20.0
14.580461263656616,0.036837499999999974,0.013637499999999988,-0.2477175,95.0,20,7,0.0,-20.0,-20.0,0.0,20.0,0.0,0.0,-20.0
14.677460432052612,0.04075,0.01525,-0.2498725,95.0,20,7,0.0,-20.0,-20.0,0.0,20.0,0.0,0.0,-20.0
14.819444417953491,0.04569999999999999,0.017337500000000006,-0.25259,95.0,20,7,0.0,-20.0,-20.0,0.0,20.0,0.0,0.0,-20.0
14.914446353912354,0.05061250000000001,0.019474999999999996,-0.2552975,95.0,20,6,0.0,-20.0,-20.0,0.0,20.0,0.0,0.0,-20.0
15.01144552230835,0.054375,0.02117500000000001,-0.2573625,95.0,20,6,0.0,-20.0,-20.0,0.0,20.0,0.0,0.0,-20.0
15.106448650360107,0.05828750000000002,0.022974999999999995,-0.25952,95.0,20,6,0.0,-20.0,-20.0,0.0,20.0,0.0,0.0,-20.0
15.200443983078003,0.062125,0.024800000000000013,-0.2616225,95.0,20,6,0.0,-20.0,-20.0,0.0,20.0,0.0,0.0,-20.0
15.297446966171265,0.06592500000000001,0.026650000000000007,-0.26372,95.0,20,6,0.0,-20.0,-20.0,0.0,20.0,0.0,0.0,-20.0
15.393986940383911,0.06982499999999998,0.028612500000000013,-0.26586750000000003,95.0,20,6,0.0,-20.0,-20.0,0.0,20.0,0.0,0.0,-20.0
15.49099612236023,0.0736375,0.030599999999999995,-0.2679625,95.0,20,6,0.0,-20.0,-20.0,0.0,20.0,0.0,0.0,-20.0
15.587987899780273,0.07747500000000002,0.0326625,-0.27008,95.0,20,6,0.0,-20.0,-20.0,0.0,20.0,0.0,0.0,-20.0
15.684987306594849,0.081125,0.0346875,-0.27209249999999996,95.0,20,5,0.0,-20.0,-20.0,0.0,20.0,0.0,0.0,-20.0
15.78063178062439,0.08471249999999998,0.03676249999999999,-0.27407,95.0,20,5,0.0,-20.0,-20.0,0.0,20.0,0.0,0.0,-20.0
15.907706260681152,0.08821249999999997,0.03885000000000002,-0.275995,95.0,20,5,0.0,-20.0,-20.0,0.0,20.0,0.0,0.0,-20.0
16.013708114624023,0.09257499999999999,0.0415625,-0.2783925,95.0,20,4,0.0,-20.0,-20.0,0.0,20.0,0.0,0.0,-20.0
16.106712818145752,0.09572500000000002,0.04361250000000001,-0.28012,95.0,20,4,0.0,-20.0,-20.0,0.0,20.0,0.0,0.0,-20.0
16.18771743774414,0.09855000000000001,0.04551249999999999,-0.2816775,95.0,20,3,0.0,-20.0,-20.0,0.0,20.0,0.0,0.0,-20.0
16.268707990646362,0.10102499999999998,0.04723750000000001,-0.28304250000000003,95.0,20,3,0.0,-20.0,-20.0,0.0,20.0,0.0,0.0,-20.0
16.362232446670532,0.10339999999999998,0.04896249999999998,-0.284355,95.0,20,3,0.0,-20.0,-20.0,0.0,20.0,0.0,0.0,-20.0
16.457874536514282,0.10608749999999997,0.05094999999999999,-0.2858325,95.0,20,2,0.0,-20.0,-20.0,0.0,20.0,0.0,0.0,-20.0
16.536881923675537,0.10873750000000001,0.053024999999999975,-0.2872925,95.0,20,2,0.0,-20.0,-20.0,0.0,20.0,0.0,0.0,-20.0
16.61687707901001,0.11044999999999999,0.054399999999999976,-0.28823000000000004,95.0,20,2,0.0,-20.0,-20.0,0.0,20.0,0.0,0.0,-20.0
16.710877895355225,0.11103750000000003,0.05488749999999999,-0.2885525,95.0,20,2,0.0,-20.0,-20.0,0.0,20.0,0.0,0.0,-20.0
16.78888487815857,0.11226249999999999,0.05589999999999998,-0.28922250000000005,95.0,20,3,0.0,-20.0,-20.0,0.0,20.0,0.0,0.0,-20.0
16.884882926940918,0.11419999999999998,0.0575625,-0.290295,95.0,20,2,0.0,-20.0,-20.0,0.0,20.0,0.0,0.0,-20.0
16.96287512779236,0.11663749999999999,0.05975,-0.29164,95.0,20,2,0.0,-20.0,-20.0,0.0,20.0,0.0,0.0,-20.0
17.081879377365112,0.11807499999999999,0.06107499999999999,-0.2924325,95.0,20,2,0.0,-20.0,-20.0,0.0,20.0,0.0,0.0,-20.0
17.16068458557129,0.118875,0.061837499999999976,-0.29287,95.0,20,2,0.0,-20.0,-20.0,0.0,20.0,0.0,0.0,-20.0
17.240386247634888,0.1195,0.0624375,-0.2932125,95.0,20,2,0.0,-20.0,-20.0,0.0,20.0,0.0,0.0,-20.0
17.334375143051147,0.12035000000000003,0.06327499999999998,-0.29368,95.0,20,3,0.0,-20.0,-20.0,0.0,20.0,0.0,0.0,-20.0
17.412906408309937,0.12246249999999997,0.06539999999999997,-0.29483499999999996,95.0,20,2,0.0,-20.0,-20.0,0.0,20.0,0.0,0.0,-20.0
17.49345064163208,0.12380000000000001,0.066825,-0.29558,95.0,20,2,0.0,-20.0,-20.0,0.0,20.0,0.0,0.0,-20.0
17.57345199584961,0.12426249999999998,0.06732499999999998,-0.29583499999999996,95.0,20,2,0.0,-20.0,-20.0,0.0,20.0,0.0,0.0,-20.0
17.652448415756226,0.1255125,0.0686875,-0.29652249999999997,95.0,20,2,0.0,-20.0,-20.0,0.0,20.0,0.0,0.0,-20.0
17.749447345733643,0.12683749999999996,0.07021249999999998,-0.297245,95.0,20,2,0.0,-20.0,-20.0,0.0,20.0,0.0,0.0,-20.0
17.82844352722168,0.128175,0.07180000000000002,-0.29799000000000003,95.0,20,1,0.0,-20.0,-20.0,0.0,20.0,0.0,0.0,-20.0
17.90846276283264,0.128875,0.0726375,-0.298365,95.0,20,1,0.0,-20.0,-20.0,0.0,20.0,0.0,0.0,-20.0
17.987451314926147,0.12955,0.07348750000000001,-0.29874,95.0,20,2,0.0,-20.0,-20.0,0.0,20.0,0.0,0.0,-20.0
18.06544256210327,0.13,0.07405,-0.2989875,95.0,20,2,0.0,-20.0,-20.0,0.0,20.0,0.0,0.0,-20.0
18.192442417144775,0.13152499999999998,0.07608749999999997,-0.29983,95.0,20,1,0.0,-20.0,-20.0,0.0,20.0,0.0,0.0,-20.0
18.270442724227905,0.1323,0.07714999999999998,-0.30025999999999997,95.0,20,1,0.0,-20.0,-20.0,0.0,20.0,0.0,0.0,-20.0
18.34944486618042,0.132825,0.077875,-0.30054250000000005,95.0,20,1,0.0,-20.0,-20.0,0.0,20.0,0.0,0.0,-20.0
18.42844295501709,0.1334375,0.07875,-0.30088,95.0,20,2,0.0,-20.0,-20.0,0.0,20.0,0.0,0.0,-20.0
18.505956888198853,0.133975,0.07955000000000001,-0.301185,95.0,20,2,0.0,-20.0,-20.0,0.0,20.0,0.0,0.0,-20.0
18.583970069885254,0.13441250000000002,0.08021249999999998,-0.301425,95.0,20,2,0.0,-20.0,-20.0,0.0,20.0,0.0,0.0,-20.0
18.67795729637146,0.134875,0.08092500000000001,-0.3016775,95.0,20,2,0.0,-20.0,-20.0,0.0,20.0,0.0,0.0,-20.0
18.753958702087402,0.1361375,0.08289999999999997,-0.30236250000000003,95.0,20,1,-9.899864,-20.0,-20.0,0.0,10.100136,9.899864,0.0,-10.100136
18.831957578659058,0.13660000000000003,0.08367500000000001,-0.3026175,95.0,20,1,-20.0,-20.0,-20.0,0.0,0.0,20.0,0.0,0.0
18.908965826034546,0.13708749999999997,0.08448750000000001,-0.3028875,95.0,20,1,-20.0,-20.0,-20.0,0.0,0.0,20.0,0.0,0.0
18.984018802642822,0.13757499999999998,0.08532499999999998,-0.30316000000000004,95.0,20,1,-20.0,-20.0,-20.0,0.0,0.0,20.0,0.0,0.0
19.06302261352539,0.13802499999999998,0.08616250000000002,-0.30341250000000003,95.0,20,2,-20.0,-20.0,-20.0,0.0,0.0,20.0,0.0,0.0
19.156018257141113,0.1384875,0.087,-0.303665,95.0,20,2,-20.0,-20.0,-20.0,0.0,0.0,20.0,0.0,0.0
19.271020650863647,0.139,0.08794999999999999,-0.30394,95.0,20,1,-20.0,-20.0,-20.0,0.0,0.0,20.0,0.0,0.0
19.362022399902344,0.13960000000000003,0.08911250000000001,-0.3042775,95.0,20,1,-20.0,-20.0,-20.0,0.0,0.0,20.0,0.0,0.0
19.440035581588745,0.1401375,0.09021249999999997,-0.30457,95.0,20,1,-20.0,-20.0,-20.0,0.0,0.0,20.0,0.0,0.0
19.520020246505737,0.1405375,0.09102499999999998,-0.30478750000000004,95.0,20,1,-20.0,-20.0,-20.0,0.0,0.0,20.0,0.0,0.0
19.5970196723938,0.1409375,0.09189999999999998,-0.30501249999999996,95.0,20,1,-20.0,-20.0,-20.0,0.0,0.0,20.0,0.0,0.0
19.675044298171997,0.1412875,0.09264999999999998,-0.3052025,95.0,20,1,-20.0,-20.0,-20.0,0.0,0.0,20.0,0.0,0.0
19.75101923942566,0.14164999999999997,0.09348750000000002,-0.305405,95.0,20,1,-20.0,-20.0,-20.0,0.0,0.0,20.0,0.0,0.0
19.828018188476562,0.14197500000000002,0.09423750000000002,-0.3055825,95.0,20,1,-20.0,-20.0,-20.0,0.0,0.0,20.0,0.0,0.0
19.907018423080444,0.1423,0.09502499999999997,-0.30577,95.0,20,1,-20.0,-20.0,-20.0,0.0,0.0,20.0,0.0,0.0
19.986021518707275,0.1426375,0.09585000000000002,-0.3059475,95.0,20,1,-20.0,-20.0,-20.0,0.0,0.0,20.0,0.0,0.0
20.06203007698059,0.14292500000000002,0.09655000000000001,-0.30610750000000003,95.0,20,1,-20.0,-20.0,-20.0,0.0,0.0,20.0,0.0,0.0
20.13802409172058,0.14321249999999996,0.09730000000000001,-0.306265,95.0,20,1,-20.0,-20.0,-20.0,0.0,0.0,20.0,0.0,0.0
20.217020750045776,0.14348750000000002,0.09803750000000003,-0.30642,95.0,20,1,-20.0,-20.0,-20.0,0.0,0.0,20.0,0.0,0.0
20.297017574310303,0.14375,0.09875,-0.30656,95.0,20,1,-20.0,-20.0,-20.0,0.0,0.0,20.0,0.0,0.0
20.404027938842773,0.1440375,0.09955000000000001,-0.30672000000000005,95.0,20,0,-20.0,-20.0,-20.0,0.0,0.0,20.0,0.0,0.0
20.48301863670349,0.144275,0.10023750000000001,-0.30685,95.0,20,0,-20.0,-20.0,-20.0,0.0,0.0,20.0,0.0,0.0
20.558022260665894,0.14448750000000002,0.100875,-0.30696249999999997,95.0,20,1,-20.0,-20.0,-20.0,0.0,0.0,20.0,0.0,0.0
20.63602638244629,0.1447,0.10152499999999998,-0.307085,95.0,20,1,-20.0,-20.0,-20.0,0.0,0.0,20.0,0.0,0.0
20.715020656585693,0.14491250000000003,0.10222500000000002,-0.307205,95.0,20,1,-20.0,-20.0,-20.0,0.0,0.0,20.0,0.0,0.0
20.792036294937134,0.145125,0.10286250000000001,-0.3073125,95.0,20,1,-20.0,-20.0,-20.0,0.0,0.0,20.0,0.0,0.0
20.873034954071045,0.1453125,0.1035,-0.30742,95.0,20,1,-20.0,-20.0,-20.0,0.0,0.0,20.0,0.0,0.0
20.950020790100098,0.1455125,0.10416250000000002,-0.307525,95.0,20,1,-20.0,-20.0,-20.0,0.0,0.0,20.0,0.0,0.0
21.029024362564087,0.1456875,0.1047625,-0.30762,95.0,20,1,-20.0,-20.0,-20.0,0.0,0.0,20.0,0.0,0.0
21.10802125930786,0.145875,0.105425,-0.30772750000000004,95.0,20,1,-20.0,-20.0,-20.0,0.0,0.0,20.0,0.0,0.0
21.187037706375122,0.146025,0.106,-0.3078125,95.0,20,1,-20.0,-20.0,-20.0,0.0,0.0,20.0,0.0,0.0
21.263022661209106,0.1461875,0.10663749999999998,-0.3078975,95.0,20,1,-20.0,-20.0,-20.0,0.0,0.0,20.0,0.0,0.0
21.34002423286438,0.14633749999999998,0.10721249999999997,-0.307985,95.0,20,1,-20.0,-20.0,-20.0,0.0,0.0,20.0,0.0,0.0
21.440029621124268,0.14648750000000002,0.1078125,-0.3080675,95.0,20,1,-20.0,-20.0,-20.0,0.0,0.0,20.0,0.0,0.0
21.53003191947937,0.146625,0.10841250000000002,-0.30815,95.0,20,0,-20.0,-20.0,-20.0,0.0,0.0,20.0,0.0,0.0
21.60802173614502,0.146775,0.10897500000000002,-0.30822000000000005,95.0,20,1,-20.0,-20.0,-20.0,0.0,0.0,20.0,0.0,0.0
21.6860249042511,0.14689999999999998,0.10952499999999998,-0.30828750000000005,95.0,20,1,-20.0,-20.0,-20.0,0.0,0.0,20.0,0.0,0.0
21.7630398273468,0.147025,0.11008749999999998,-0.3083575,95.0,20,1,-20.0,-20.0,-20.0,0.0,0.0,20.0,0.0,0.0
21.841023683547974,0.14713749999999998,0.11063749999999999,-0.30843,95.0,20,0,-20.0,-20.0,-20.0,0.0,0.0,20.0,0.0,0.0
21.921024560928345,0.14725,0.11117500000000001,-0.30849,95.0,20,0,-20.0,-20.0,-20.0,0.0,0.0,20.0,0.0,0.0
22.016544818878174,0.1473625,0.11171249999999998,-0.30855,95.0,20,0,-20.0,-20.0,-20.0,0.0,0.0,20.0,0.0,0.0
22.09553813934326,0.14747500000000002,0.11223750000000002,-0.30861,95.0,20,0,-20.0,-20.0,-20.0,0.0,0.0,20.0,0.0,0.0
22.1735417842865,0.14757499999999998,0.11276249999999999,-0.30866000000000005,95.0,20,0,-20.0,-20.0,-20.0,0.0,0.0,20.0,0.0,0.0
22.25255274772644,0.147675,0.11327499999999997,-0.30872000000000005,95.0,20,0,-20.0,-20.0,-20.0,0.0,0.0,20.0,0.0,0.0
22.331541061401367,0.1477625,0.11377499999999997,-0.30877,95.0,20,0,-20.0,-20.0,-20.0,0.0,0.0,20.0,0.0,0.0
22.41154170036316,0.14785,0.11426249999999999,-0.30882,95.0,20,0,-20.0,-20.0,-20.0,0.0,0.0,20.0,0.0,0.0
22.50554347038269,0.1479375,0.11475,-0.30886,95.0,20,0,-20.0,-20.0,-20.0,0.0,0.0,20.0,0.0,0.0
22.597537755966187,0.148025,0.1152375,-0.30891,95.0,20,0,-20.0,-20.0,-20.0,0.0,0.0,20.0,0.0,0.0
22.67553687095642,0.1481,0.11571249999999998,-0.30895,95.0,20,0,-20.0,-20.0,-20.0,0.0,0.0,20.0,0.0,0.0
22.752536058425903,0.148175,0.11617500000000001,-0.309,95.0,20,0,-20.0,-20.0,-20.0,0.0,0.0,20.0,0.0,0.0
22.830538988113403,0.14825,0.11664999999999998,-0.30904000000000004,95.0,20,0,-20.0,-20.0,-20.0,0.0,0.0,20.0,0.0,0.0
22.925541877746582,0.14832499999999998,0.11710000000000002,-0.30907,95.0,20,0,-20.0,-20.0,-20.0,0.0,0.0,20.0,0.0,0.0
23.00054931640625,0.14838749999999998,0.11755000000000002,-0.30911,95.0,20,0,-20.0,-20.0,-20.0,0.0,0.0,20.0,0.0,0.0
23.08055877685547,0.14845,0.118,-0.30915,95.0,20,0,-20.0,-20.0,-20.0,0.0,0.0,20.0,0.0,0.0
23.159555912017822,0.1485125,0.1184375,-0.30918,95.0,20,0,-20.0,-20.0,-20.0,0.0,0.0,20.0,0.0,0.0
23.237541437149048,0.14857499999999998,0.118875,-0.30921,95.0,20,0,-20.0,-20.0,-20.0,0.0,0.0,20.0,0.0,0.0
23.316539525985718,0.148625,0.11930000000000002,-0.30924,95.0,20,0,-20.0,-20.0,-20.0,0.0,0.0,20.0,0.0,0.0
23.395538568496704,0.148675,0.11972500000000003,-0.30928,95.0,20,0,-20.0,-20.0,-20.0,0.0,0.0,20.0,0.0,0.0
23.47254490852356,0.14873750000000002,0.120125,-0.3093,95.0,20,0,-20.0,-20.0,-20.0,0.0,0.0,20.0,0.0,0.0
23.55053687095642,0.14878750000000002,0.12053750000000002,-0.30933,95.0,20,0,-20.0,-20.0,-20.0,0.0,0.0,20.0,0.0,0.0
23.654539585113525,0.14883749999999998,0.1209375,-0.30936,95.0,20,0,-20.0,-20.0,-20.0,0.0,0.0,20.0,0.0,0.0
23.734544277191162,0.148875,0.12133749999999997,-0.30938,95.0,20,0,-20.0,-20.0,-20.0,0.0,0.0,20.0,0.0,0.0
23.830538272857666,0.148925,0.12172500000000003,-0.30941,95.0,20,0,-20.0,-20.0,-20.0,0.0,0.0,20.0,0.0,0.0
23.907538890838623,0.14897500000000002,0.122125,-0.30943,95.0,20,0,-20.0,-20.0,-20.0,0.0,0.0,20.0,0.0,0.0
24.002543210983276,0.1490125,0.1225,-0.30945999999999996,95.0,20,0,-20.0,-20.0,-20.0,0.0,0.0,20.0,0.0,0.0
24.07854199409485,0.14905000000000002,0.122875,-0.30948000000000003,95.0,20,0,-20.0,-20.0,-20.0,0.0,0.0,20.0,0.0,0.0
24.155542612075806,0.14908749999999998,0.12325,-0.3095,95.0,20,0,-20.0,-20.0,-20.0,0.0,0.0,20.0,0.0,0.0
24.234070777893066,0.149125,0.123625,-0.30951999999999996,95.0,20,0,-20.0,-20.0,-20.0,0.0,0.0,20.0,0.0,0.0
24.311111450195312,0.14916250000000003,0.12397500000000003,-0.30954000000000004,95.0,20,0,-20.0,-20.0,-20.0,0.0,0.0,20.0,0.0,0.0
24.389684200286865,0.1491875,0.12433749999999998,-0.30956,95.0,20,0,-20.0,-20.0,-20.0,0.0,0.0,20.0,0.0,0.0
24.48074984550476,0.14922500000000002,0.1246875,-0.30957,95.0,20,0,-20.0,-20.0,-20.0,0.0,0.0,20.0,0.0,0.0
24.560746669769287,0.1492625,0.12502499999999997,-0.30959,95.0,20,0,-20.0,-20.0,-20.0,0.0,0.0,20.0,0.0,0.0
24.63874626159668,0.14928750000000002,0.125375,-0.30961,95.0,20,0,-20.0,-20.0,-20.0,0.0,0.0,20.0,0.0,0.0
24.739755153656006,0.1493125,0.12571249999999998,-0.30962,95.0,20,0,-20.0,-20.0,-20.0,0.0,0.0,20.0,0.0,0.0
24.833751440048218,0.14933749999999998,0.12605000000000002,-0.30963999999999997,95.0,20,0,-20.0,-20.0,-20.0,0.0,0.0,20.0,0.0,0.0
24.908748865127563,0.149375,0.126375,-0.30965,95.0,20,0,-20.0,-20.0,-20.0,0.0,0.0,20.0,0.0,0.0
24.987746715545654,0.14938749999999998,0.12669999999999998,-0.30967,95.0,20,0,-20.0,-20.0,-20.0,0.0,0.0,20.0,0.0,0.0
25.06877040863037,0.149425,0.12702499999999997,-0.30968,95.0,20,0,-20.0,-20.0,-20.0,0.0,0.0,20.0,0.0,0.0
25.148746490478516,0.1494375,0.127325,-0.30969,95.0,20,0,-20.0,-20.0,-20.0,0.0,0.0,20.0,0.0,0.0
25.227747440338135,0.14946249999999997,0.1276375,-0.3097,95.0,20,0,-20.0,-20.0,-20.0,0.0,0.0,20.0,0.0,0.0
25.308745861053467,0.14948750000000002,0.12794999999999998,-0.30972000000000005,95.0,20,0,-20.0,-20.0,-20.0,0.0,0.0,20.0,0.0,0.0
25.388745069503784,0.1495125,0.12825,-0.30973,95.0,20,0,-20.0,-20.0,-20.0,0.0,0.0,20.0,0.0,0.0
25.46774387359619,0.14952499999999996,0.12855,-0.30974,95.0,20,0,-20.0,-20.0,-20.0,0.0,0.0,20.0,0.0,0.0
25.543745040893555,0.14953750000000002,0.12883749999999997,-0.30975,95.0,20,0,-20.0,-20.0,-20.0,0.0,0.0,20.0,0.0,0.0
25.621750354766846,0.1495625,0.129125,-0.30976,95.0,20,0,-20.0,-20.0,-20.0,0.0,0.0,20.0,0.0,0.0
25.702767610549927,0.14957499999999999,0.129425,-0.30977,95.0,20,0,-20.0,-20.0,-20.0,0.0,0.0,20.0,0.0,0.0
25.80574631690979,0.1496,0.12969999999999998,-0.30978,95.0,20,0,-20.0,-20.0,-20.0,0.0,0.0,20.0,0.0,0.0
25.895747900009155,0.1496125,0.12997500000000003,-0.30979,95.0,20,0,-20.0,-20.0,-20.0,0.0,0.0,20.0,0.0,0.0
25.97674822807312,0.149625,0.13025,-0.3098,95.0,20,0,-20.0,-20.0,-20.0,0.0,0.0,20.0,0.0,0.0
26.05574655532837,0.14963749999999998,0.13052499999999997,-0.3098,95.0,20,0,-20.0,-20.0,-20.0,0.0,0.0,20.0,0.0,0.0
26.134745597839355,0.14966250000000003,0.13078750000000003,-0.30981000000000003,95.0,20,0,-20.0,-20.0,-20.0,0.0,0.0,20.0,0.0,0.0
26.211744785308838,0.149675,0.13105,-0.30982,95.0,20,0,-20.0,-20.0,-20.0,0.0,0.0,20.0,0.0,0.0
26.286768674850464,0.149675,0.1313125,-0.30983,95.0,20,0,-20.0,-20.0,-20.0,0.0,0.0,20.0,0.0,0.0
26.36374521255493,0.1497,0.131575,-0.30983,95.0,20,0,-20.0,-20.0,-20.0,0.0,0.0,20.0,0.0,0.0
26.442744970321655,0.14971249999999997,0.131825,-0.30983999999999995,95.0,20,0,-20.0,-20.0,-20.0,0.0,0.0,20.0,0.0,0.0
26.520747184753418,0.14972500000000002,0.132075,-0.30985,95.0,20,0,-20.0,-20.0,-20.0,0.0,0.0,20.0,0.0,0.0
26.599745273590088,0.14972500000000002,0.132325,-0.30985,95.0,20,0,-20.0,-20.0,-20.0,0.0,0.0,20.0,0.0,0.0
26.677745819091797,0.14973750000000002,0.1325625,-0.30986,95.0,20,0,-20.0,-20.0,-20.0,0.0,0.0,20.0,0.0,0.0
26.755744695663452,0.14975,0.1328,-0.30986,95.0,20,0,-20.0,-20.0,-20.0,0.0,0.0,20.0,0.0,0.0
26.832743406295776,0.1497625,0.13302499999999998,-0.30987,95.0,20,0,-20.0,-20.0,-20.0,0.0,0.0,20.0,0.0,0.0
26.952807903289795,0.14977499999999996,0.13327499999999998,-0.30987,95.0,20,0,-20.0,-20.0,-20.0,0.0,0.0,20.0,0.0,0.0
27.03280544281006,0.14977499999999996,0.1334875,-0.30988,95.0,20,0,-20.0,-20.0,-20.0,0.0,0.0,20.0,0.0,0.0
27.126807689666748,0.14978750000000002,0.133725,-0.30988,95.0,20,0,-20.0,-20.0,-20.0,0.0,0.0,20.0,0.0,0.0
27.205878019332886,0.14980000000000002,0.1339375,-0.30989,95.0,20,0,-20.0,-20.0,-20.0,0.0,0.0,20.0,0.0,0.0
27.285879850387573,0.1498125,0.13416250000000002,-0.30989,95.0,20,0,-20.0,-20.0,-20.0,0.0,0.0,20.0,0.0,0.0
27.363873720169067,0.1498125,0.134375,-0.30989999999999995,95.0,20,0,-20.0,-20.0,-20.0,0.0,0.0,20.0,0.0,0.0
27.438876628875732,0.14982499999999999,0.13458749999999997,-0.30989999999999995,95.0,20,0,-20.0,-20.0,-20.0,0.0,0.0,20.0,0.0,0.0
27.516876220703125,0.14982499999999999,0.1348125,-0.30991,95.0,20,0,-20.0,-20.0,-20.0,0.0,0.0,20.0,0.0,0.0
27.597885370254517,0.14983749999999998,0.13501249999999998,-0.30991,95.0,20,0,-20.0,-20.0,-20.0,0.0,0.0,20.0,0.0,0.0
27.677879333496094,0.14983749999999998,0.135225,-0.30991,95.0,20,0,-20.0,-20.0,-20.0,0.0,0.0,20.0,0.0,0.0
27.75588607788086,0.14985,0.13542500000000002,-0.30992000000000003,95.0,20,0,-20.0,-20.0,-20.0,0.0,0.0,20.0,0.0,0.0
27.83439803123474,0.1498625,0.135625,-0.30992000000000003,95.0,20,0,-20.0,-20.0,-20.0,0.0,0.0,20.0,0.0,0.0
27.914408206939697,0.1498625,0.135825,-0.30992000000000003,95.0,20,0,-20.0,-20.0,-20.0,0.0,0.0,20.0,0.0,0.0
28.01039719581604,0.149875,0.13601249999999998,-0.30993,95.0,20,0,-20.0,-20.0,-20.0,0.0,0.0,20.0,0.0,0.0
28.098419666290283,0.149875,0.1362,-0.30993,95.0,20,0,-20.0,-20.0,-20.0,0.0,0.0,20.0,0.0,0.0
28.19543695449829,0.149875,0.1363875,-0.30993,95.0,20,0,-20.0,-20.0,-20.0,0.0,0.0,20.0,0.0,0.0
28.273959159851074,0.149875,0.136575,-0.30993,95.0,20,0,-20.0,-20.0,-20.0,0.0,0.0,20.0,0.0,0.0
28.353958129882812,0.14988749999999998,0.13676249999999998,-0.30994,95.0,20,0,-20.0,-20.0,-20.0,0.0,0.0,20.0,0.0,0.0
28.4489688873291,0.14988749999999998,0.1369375,-0.30994,95.0,20,0,-20.0,-20.0,-20.0,0.0,0.0,20.0,0.0,0.0
28.526968240737915,0.14989999999999998,0.137125,-0.30994,95.0,20,0,-20.0,-20.0,-20.0,0.0,0.0,20.0,0.0,0.0
28.604957580566406,0.14989999999999998,0.1373,-0.30994,95.0,20,0,-20.0,-20.0,-20.0,0.0,0.0,20.0,0.0,0.0
28.697957515716553,0.14989999999999998,0.137475,-0.30995,95.0,20,0,-20.0,-20.0,-20.0,0.0,0.0,20.0,0.0,0.0
28.776954889297485,0.14991250000000003,0.13764999999999997,-0.30995,95.0,20,0,-20.0,-20.0,-20.0,0.0,0.0,20.0,0.0,0.0
28.872973203659058,0.14991250000000003,0.13782499999999998,-0.30995,95.0,20,0,-20.0,-20.0,-20.0,0.0,0.0,20.0,0.0,0.0
28.949957609176636,0.14991250000000003,0.13797500000000001,-0.30995,95.0,20,0,-20.0,-20.0,-20.0,0.0,0.0,20.0,0.0,0.0
29.029970169067383,0.149925,0.13814999999999997,-0.30995,95.0,20,0,-20.0,-20.0,-20.0,0.0,0.0,20.0,0.0,0.0
29.139957666397095,0.149925,0.1383125,-0.30995999999999996,95.0,20,0,-20.0,-20.0,-20.0,0.0,0.0,20.0,0.0,0.0
29.217960834503174,0.149925,0.13847500000000001,-0.30995999999999996,95.0,20,0,-20.0,-20.0,-20.0,0.0,0.0,20.0,0.0,0.0
29.298980712890625,0.149925,0.138625,-0.30995999999999996,95.0,20,0,-20.0,-20.0,-20.0,0.0,0.0,20.0,0.0,0.0
29.377957344055176,0.149925,0.13877499999999998,-0.30995999999999996,95.0,20,0,-20.0,-20.0,-20.0,0.0,0.0,20.0,0.0,0.0
29.454969882965088,0.149925,0.1389375,-0.30995999999999996,95.0,20,0,-20.0,-20.0,-20.0,0.0,0.0,20.0,0.0,0.0
29.535968780517578,0.1499375,0.13908749999999998,-0.30995999999999996,95.0,20,0,-20.0,-20.0,-20.0,0.0,0.0,20.0,0.0,0.0
29.611961126327515,0.1499375,0.13923750000000001,-0.30997,95.0,20,0,-20.0,-20.0,-20.0,0.0,0.0,20.0,0.0,0.0
29.690959692001343,0.1499375,0.1393875,-0.30997,95.0,20,0,-20.0,-20.0,-20.0,0.0,0.0,20.0,0.0,0.0
29.769525051116943,0.1499375,0.13952499999999998,-0.30997,95.0,20,0,-20.0,-20.0,-20.0,0.0,0.0,20.0,0.0,0.0
29.84651803970337,0.14995,0.13967500000000002,-0.30997,95.0,20,0,-20.0,-20.0,-20.0,0.0,0.0,20.0,0.0,0.0
29.925519466400146,0.14995,0.13982499999999998,-0.30997,95.0,20,0,-20.0,-20.0,-20.0,0.0,0.0,20.0,0.0,0.0
30.004520177841187,0.14995,0.1399625,-0.30997,95.0,20,0,-20.0,-20.0,-20.0,0.0,0.0,20.0,0.0,0.0
30.08251690864563,0.14995,0.14008749999999998,-0.30997,95.0,20,0,-20.0,-20.0,-20.0,0.0,0.0,20.0,0.0,0.0
30.17852282524109,0.14995,0.14022500000000002,-0.30997,95.0,20,0,-20.0,-20.0,-20.0,0.0,0.0,20.0,0.0,0.0
30.26951789855957,0.14996249999999997,0.1403625,-0.30998000000000003,95.0,20,0,-20.0,-20.0,-20.0,0.0,0.0,20.0,0.0,0.0
30.349514961242676,0.14996249999999997,0.14048750000000002,-0.30998000000000003,95.0,20,0,-20.0,-20.0,-20.0,0.0,0.0,20.0,0.0,0.0
30.426515579223633,0.14996249999999997,0.140625,-0.30998000000000003,95.0,20,0,-20.0,-20.0,-20.0,0.0,0.0,20.0,0.0,0.0
30.504515647888184,0.14996249999999997,0.14075,-0.30998000000000003,95.0,20,0,-20.0,-20.0,-20.0,0.0,0.0,20.0,0.0,0.0
30.649113416671753,0.14996249999999997,0.140875,-0.30998000000000003,79.74715042114258,20,0,-20.0,-20.0,-20.0,0.0,0.0,9.351501,10.648499,0.0
30.79011297225952,0.14996249999999997,0.141,-0.30998000000000003,66.35211181640625,20,0,-20.0,-20.0,-20.0,0.0,0.0,0.0,20.0,0.0
30.869129419326782,0.14997500000000002,0.141125,-0.30998000000000003,66.35211181640625,20,0,-20.0,-20.0,-20.0,0.0,0.0,0.0,20.0,0.0
30.94811224937439,0.14997500000000002,0.14125,-0.30998000000000003,66.35211181640625,20,0,-20.0,-20.0,-20.0,0.0,0.0,0.0,20.0,0.0
31.027114391326904,0.14997500000000002,0.141375,-0.30998000000000003,66.35211181640625,20,0,-20.0,-20.0,-20.0,0.0,0.0,0.0,20.0,0.0
31.10511612892151,0.14997500000000002,0.14148750000000002,-0.30998000000000003,66.35211181640625,20,0,-20.0,-20.0,-20.0,0.0,0.0,0.0,20.0,0.0
31.18167757987976,0.14997500000000002,0.14160000000000003,-0.30998000000000003,66.35211181640625,20,0,-20.0,-20.0,-20.0,0.0,0.0,0.0,20.0,0.0
31.261674880981445,0.14997500000000002,0.14172500000000002,-0.30998000000000003,66.35211181640625,0,0,-20.0,-20.0,-20.0,0.0,0.0,0.0,20.0,0.0
31.37767219543457,0.14997500000000002,0.14182499999999998,-0.30999,66.35211181640625,0,0,0.0,0.0,0.0,-20.0,-20.0,-20.0,0.0,20.0
31.45620584487915,0.14997500000000002,0.14183749999999998,-0.309765,66.35211181640625,0,1,0.0,0.0,0.0,-20.0,-20.0,-20.0,0.0,20.0
31.551206588745117,0.14997500000000002,0.14185000000000003,-0.3089225,66.35211181640625,0,2,0.0,0.0,0.0,-20.0,-20.0,-20.0,0.0,20.0
31.648730754852295,0.14997500000000002,0.14189999999999997,-0.30724250000000003,66.35211181640625,0,3,0.0,0.0,0.0,-20.0,-20.0,0.0,-20.0,20.0
31.727722883224487,0.14997500000000002,0.1419375,-0.30617500000000003,66.35211181640625,0,4,0.0,0.0,0.0,-20.0,-20.0,0.0,-20.0,20.0
31.822726249694824,0.14997500000000002,0.1419375,-0.30591500000000005,66.35211181640625,0,4,0.0,0.0,0.0,-20.0,-20.0,0.0,-20.0,20.0
31.90172576904297,0.14997500000000002,0.14196249999999996,-0.305085,66.35211181640625,0,5,0.0,0.0,0.0,-20.0,-20.0,0.0,-20.0,20.0
31.998722791671753,0.14997500000000002,0.142,-0.30369,66.35211181640625,0,6,0.0,0.0,0.0,-20.0,-20.0,0.0,-20.0,20.0
32.09472155570984,0.14997500000000002,0.14207499999999998,-0.301135,66.35211181640625,0,6,0.0,0.0,0.0,-20.0,-20.0,0.0,-20.0,20.0
32.19133114814758,0.14997500000000002,0.1421875,-0.297865,66.35211181640625,0,6,0.0,0.0,0.0,-20.0,-20.0,0.0,-20.0,20.0
32.289326667785645,0.14997500000000002,0.1422875,-0.29445499999999997,66.35211181640625,0,6,0.0,0.0,0.0,-20.0,-20.0,0.0,-20.0,20.0
32.409332513809204,0.14997500000000002,0.1423875,-0.291105,66.35211181640625,0,6,0.0,0.0,0.0,-20.0,-20.0,0.0,-20.0,20.0
32.53933119773865,0.14997500000000002,0.14252499999999999,-0.286505,66.35211181640625,0,6,0.0,0.0,0.0,-20.0,-20.0,0.0,-20.0,20.0
32.6363263130188,0.14997500000000002,0.14266250000000003,-0.282735,66.35211181640625,0,6,0.0,0.0,0.0,-20.0,-20.0,0.0,-20.0,20.0
32.73332715034485,0.14997500000000002,0.1427625,-0.279945,66.35211181640625,0,6,0.0,0.0,0.0,-20.0,-20.0,0.0,-20.0,20.0
32.8303279876709,0.14997500000000002,0.1428625,-0.27720999999999996,66.35211181640625,0,6,0.0,0.0,0.0,-20.0,-20.0,0.0,-20.0,20.0
32.92439866065979,0.14997500000000002,0.14295,-0.27452499999999996,66.35211181640625,0,6,0.0,0.0,0.0,-20.0,-20.0,0.0,-20.0,20.0
33.01942801475525,0.14997500000000002,0.14305,-0.271995,66.35211181640625,0,6,0.0,0.0,0.0,-20.0,-20.0,0.0,-20.0,20.0
33.11739897727966,0.14997500000000002,0.14314999999999997,-0.26946,66.35211181640625,0,6,0.0,0.0,0.0,-20.0,-20.0,0.0,-20.0,20.0
33.21341609954834,0.14997500000000002,0.14325,-0.2669525,66.35211181640625,0,6,0.0,0.0,0.0,-20.0,-20.0,0.0,-20.0,20.0
33.31139898300171,0.14998750000000002,0.14335000000000003,-0.2645425,66.35211181640625,0,6,0.0,0.0,0.0,-20.0,-20.0,0.0,-20.0,20.0
33.40640068054199,0.14998750000000002,0.14345,-0.26215,66.35211181640625,0,6,0.0,0.0,0.0,-20.0,-20.0,0.0,-20.0,20.0
33.502399921417236,0.14998750000000002,0.1435375,-0.25986000000000004,66.35211181640625,0,5,0.0,0.0,0.0,-20.0,-20.0,0.0,-20.0,20.0
33.65139842033386,0.14998750000000002,0.14367500000000002,-0.25701999999999997,66.35211181640625,0,5,0.0,0.0,0.0,-20.0,-20.0,0.0,-20.0,20.0
33.74739861488342,0.14998750000000002,0.1438,-0.254215,66.35211181640625,0,5,0.0,0.0,0.0,-20.0,-20.0,0.0,-20.0,20.0
33.842416286468506,0.14998750000000002,0.1438875,-0.2523375,66.35211181640625,0,4,0.0,0.0,0.0,-20.0,-20.0,0.0,-20.0,20.0
33.93840146064758,0.14998750000000002,0.14398750000000002,-0.2504225,66.35211181640625,0,4,0.0,0.0,0.0,-20.0,-20.0,0.0,-20.0,20.0
34.03743648529053,0.14998750000000002,0.14407499999999998,-0.2485075,66.35211181640625,0,4,0.0,0.0,0.0,-20.0,-20.0,0.0,-20.0,20.0
34.11640214920044,0.14998750000000002,0.1441875,-0.246575,66.35211181640625,0,4,0.0,0.0,0.0,-20.0,-20.0,0.0,-20.0,20.0
34.20940923690796,0.14998750000000002,0.1442625,-0.24509999999999998,66.35211181640625,0,4,0.0,0.0,0.0,-20.0,-20.0,0.0,-20.0,20.0
34.30540609359741,0.14998750000000002,0.1443625,-0.24339249999999998,66.35211181640625,0,4,0.0,0.0,0.0,-20.0,-20.0,0.0,-20.0,20.0
34.38640594482422,0.14998750000000002,0.14446249999999997,-0.241695,66.35211181640625,0,3,0.0,0.0,0.0,-20.0,-20.0,0.0,-20.0,20.0
34.47940158843994,0.14998750000000002,0.14455,-0.24026999999999998,66.35211181640625,0,3,0.0,0.0,0.0,-20.0,-20.0,0.0,-20.0,20.0
34.559000730514526,0.14998750000000002,0.14464999999999997,-0.2386625,66.35211181640625,0,3,0.0,0.0,0.0,-20.0,-20.0,0.0,-20.0,20.0
34.6570041179657,0.14998750000000002,0.14473750000000002,-0.2373175,66.35211181640625,0,3,0.0,0.0,0.0,-20.0,-20.0,0.0,-20.0,20.0
34.77101373672485,0.14998750000000002,0.14483749999999998,-0.2357425,66.35211181640625,0,2,20.0,0.0,0.0,-20.0,0.0,-20.0,-20.0,0.0
34.867997884750366,0.14996249999999997,0.14495,-0.2339275,66.35211181640625,0,1,20.0,0.0,0.0,-20.0,0.0,-20.0,-20.0,0.0
34.94999885559082,0.14883749999999998,0.14458749999999998,-0.2321725,66.35211181640625,0,2,20.0,0.0,0.0,-20.0,0.0,-20.0,-20.0,0.0
35.048006772994995,0.1474375,0.1441125,-0.22997750000000003,66.35211181640625,0,3,20.0,0.0,0.0,-20.0,0.0,-20.0,-20.0,0.0
35.14399814605713,0.145675,0.1435375,-0.2272375,66.35211181640625,0,4,20.0,0.0,0.0,-20.0,0.0,-20.0,-20.0,0.0
35.22401690483093,0.14457499999999998,0.14316250000000003,-0.22551,66.35211181640625,0,5,20.0,0.0,0.0,-20.0,0.0,-20.0,-20.0,0.0
35.3039984703064,0.14408749999999998,0.1430125,-0.2247525,66.35211181640625,0,6,20.0,0.0,0.0,-20.0,0.0,-20.0,-20.0,0.0
35.38299918174744,0.1439375,0.14296249999999996,-0.22451749999999998,66.35211181640625,0,6,20.0,0.0,0.0,-20.0,0.0,-20.0,-20.0,0.0
35.47900128364563,0.14352499999999999,0.1428125,-0.223875,66.35211181640625,0,7,20.0,0.0,0.0,-20.0,0.0,-20.0,-20.0,0.0
35.57699799537659,0.14246249999999996,0.14246249999999996,-0.2222225,66.35211181640625,0,8,20.0,0.0,0.0,-20.0,0.0,-20.0,-20.0,0.0
35.67500925064087,0.1408,0.14189999999999997,-0.21963,66.35211181640625,0,9,20.0,0.0,0.0,-20.0,0.0,-20.0,-20.0,0.0
35.74700355529785,0.13864999999999997,0.14117500000000002,-0.21628,66.35211181640625,0,10,20.0,0.0,0.0,-20.0,0.0,-20.0,-20.0,0.0
35.86699986457825,0.13703750000000003,0.14060000000000003,-0.213755,66.35211181640625,0,9,20.0,0.0,0.0,-20.0,0.0,-20.0,-20.0,0.0
35.95665788650513,0.134,0.13953750000000004,-0.20901499999999998,66.35211181640625,0,10,20.0,0.0,0.0,-20.0,0.0,-20.0,-20.0,0.0
36.05265426635742,0.132375,0.1389625,-0.206485,66.35211181640625,0,9,20.0,0.0,0.0,-20.0,0.0,-20.0,-20.0,0.0
36.124658823013306,0.13022500000000004,0.1381875,-0.20312,66.35211181640625,0,10,20.0,0.0,0.0,-20.0,0.0,-20.0,-20.0,0.0
36.19565439224243,0.128625,0.1376125,-0.20062,66.35211181640625,0,10,20.0,0.0,0.0,-20.0,0.0,-20.0,-20.0,0.0
36.29265069961548,0.12702499999999997,0.13703750000000003,-0.19813,66.35211181640625,0,9,20.0,0.0,0.0,-20.0,0.0,-20.0,-20.0,0.0
36.36518406867981,0.12486250000000002,0.1362375,-0.19475499999999998,66.35211181640625,0,10,20.0,0.0,0.0,-20.0,0.0,-20.0,-20.0,0.0
36.4351806640625,0.12323750000000001,0.13564999999999997,-0.19222,66.35211181640625,0,10,20.0,0.0,0.0,-20.0,0.0,-20.0,-20.0,0.0
36.53218078613281,0.121675,0.1350625,-0.189785,66.35211181640625,0,9,20.0,0.0,0.0,-20.0,0.0,-20.0,-20.0,0.0
36.60618209838867,0.1195125,0.13425,-0.18641,66.35211181640625,0,10,20.0,0.0,0.0,-20.0,0.0,-20.0,-20.0,0.0
36.67718005180359,0.11783749999999998,0.13361250000000002,-0.183785,66.35211181640625,0,10,20.0,0.0,0.0,-20.0,0.0,-20.0,-20.0,0.0
36.77219033241272,0.11627499999999998,0.13301249999999998,-0.18136000000000002,66.35211181640625,0,9,20.0,0.0,0.0,-20.0,0.0,-20.0,-20.0,0.0
36.84518074989319,0.11413749999999999,0.13217500000000001,-0.17802,66.35211181640625,0,10,20.0,0.0,0.0,-20.0,0.0,-20.0,-20.0,0.0
36.942184925079346,0.11251249999999999,0.13155,-0.1755,66.35211181640625,0,9,20.0,0.0,0.0,-20.0,0.0,-20.0,-20.0,0.0
37.04118585586548,0.11007499999999999,0.130575,-0.1717,66.35211181640625,0,10,20.0,0.0,0.0,-20.0,0.0,-20.0,-20.0,0.0
37.14618229866028,0.1079375,0.12971249999999998,-0.16836500000000001,66.35211181640625,0,9,20.0,0.0,0.0,-20.0,0.0,-20.0,-20.0,0.0
37.21618175506592,0.1058,0.12883749999999997,-0.16502,66.35211181640625,0,10,20.0,0.0,0.0,-20.0,0.0,-20.0,-20.0,0.0
37.28618049621582,0.10423750000000001,0.1281875,-0.16258,66.35211181640625,0,10,20.0,0.0,0.0,-20.0,0.0,-20.0,-20.0,0.0
37.38318490982056,0.10267500000000002,0.12752499999999997,-0.16013999999999998,66.35211181640625,0,9,20.0,0.0,0.0,-20.0,0.0,-20.0,-20.0,0.0
37.4551796913147,0.1005,0.12660000000000002,-0.15675,66.35211181640625,0,10,20.0,0.0,0.0,-20.0,0.0,-20.0,-20.0,0.0
37.55118179321289,0.09888749999999999,0.1259125,-0.15422999999999998,66.35211181640625,0,9,20.0,0.0,0.0,-20.0,0.0,-20.0,-20.0,0.0
37.62119221687317,0.09675,0.12498750000000002,-0.15092,66.35211181640625,0,10,20.0,0.0,0.0,-20.0,0.0,-20.0,-20.0,0.0
37.71718144416809,0.09517500000000001,0.12430000000000001,-0.14846,66.35211181640625,0,9,20.0,0.0,0.0,-20.0,0.0,-20.0,-20.0,0.0
37.78718018531799,0.09303750000000002,0.12333749999999997,-0.14511500000000002,66.35211181640625,0,10,20.0,0.0,0.0,-20.0,0.0,-20.0,-20.0,0.0
37.85518455505371,0.09147500000000003,0.122625,-0.14267500000000002,66.35211181640625,0,10,20.0,0.0,0.0,-20.0,0.0,-20.0,-20.0,0.0
37.92918133735657,0.0899375,0.1219375,-0.14029,66.35211181640625,0,10,20.0,0.0,0.0,-20.0,0.0,-20.0,-20.0,0.0
38.00217866897583,0.08830000000000002,0.12119999999999999,-0.137725,66.35211181640625,0,10,20.0,0.0,0.0,-20.0,0.0,-20.0,-20.0,0.0
38.09918928146362,0.08667500000000002,0.12042500000000002,-0.13519499999999998,66.35211181640625,0,9,20.0,0.0,0.0,-20.0,0.0,-20.0,-20.0,0.0
38.1932008266449,0.08432499999999998,0.1193125,-0.131525,66.35211181640625,0,10,20.0,0.0,0.0,-20.0,0.0,-20.0,-20.0,0.0
38.281187534332275,0.08217500000000001,0.11828750000000002,-0.128175,66.35211181640625,0,10,20.0,0.0,0.0,-20.0,0.0,-20.0,-20.0,0.0
38.37821698188782,0.08046249999999998,0.1174375,-0.125495,66.35211181640625,0,9,20.0,0.0,0.0,-20.0,0.0,-20.0,-20.0,0.0
38.44918417930603,0.07825,0.1163125,-0.12205500000000001,66.35211181640625,0,10,20.0,0.0,0.0,-20.0,0.0,-20.0,-20.0,0.0
38.51818132400513,0.07669999999999999,0.11552499999999997,-0.11963,66.35211181640625,0,10,20.0,0.0,0.0,-20.0,0.0,-20.0,-20.0,0.0
38.58918070793152,0.07516250000000002,0.1147375,-0.11723500000000002,66.35211181640625,0,10,20.0,0.0,0.0,-20.0,0.0,-20.0,-20.0,0.0
38.662179470062256,0.0735625,0.11391250000000003,-0.11473500000000002,66.35211181640625,0,10,20.0,0.0,0.0,-20.0,0.0,-20.0,-20.0,0.0
38.76018285751343,0.07192500000000002,0.113075,-0.112185,66.35211181640625,0,9,20.0,0.0,0.0,-20.0,0.0,-20.0,-20.0,0.0
38.832181215286255,0.06975,0.111875,-0.10879,66.35211181640625,0,10,20.0,0.0,0.0,-20.0,0.0,-20.0,-20.0,0.0
38.901185274124146,0.06813749999999999,0.11098750000000002,-0.10628499999999999,66.35211181640625,0,10,20.0,0.0,0.0,-20.0,0.0,-20.0,-20.0,0.0
38.97217845916748,0.06658749999999998,0.11013749999999999,-0.10386500000000001,66.35211181640625,0,10,20.0,0.0,0.0,-20.0,0.0,-20.0,-20.0,0.0
39.045201539993286,0.06498750000000002,0.10925,-0.10136500000000001,66.35211181640625,0,10,20.0,0.0,0.0,-20.0,0.0,-20.0,-20.0,0.0
39.14118480682373,0.063375,0.10835000000000003,-0.098835,66.35211181640625,0,9,20.0,0.0,0.0,-20.0,0.0,-20.0,-20.0,0.0
39.211183309555054,0.06125,0.10707499999999999,-0.09552000000000001,66.35211181640625,0,10,20.0,0.0,0.0,-20.0,0.0,-20.0,-20.0,0.0
39.283178091049194,0.0596875,0.10613749999999998,-0.093095,66.35211181640625,0,10,20.0,0.0,0.0,-20.0,0.0,-20.0,-20.0,0.0
39.37217974662781,0.05792500000000001,0.10507499999999999,-0.09034,66.35211181640625,0,10,20.0,0.0,0.0,-20.0,0.0,-20.0,-20.0,0.0
39.483179569244385,0.055762499999999986,0.1037625,-0.08697999999999999,66.35211181640625,0,9,20.0,0.0,0.0,-20.0,0.0,-20.0,-20.0,0.0
39.55618190765381,0.053587499999999975,0.10236250000000001,-0.083595,66.35211181640625,0,10,20.0,0.0,0.0,-20.0,0.0,-20.0,-20.0,0.0
39.62618827819824,0.0519375,0.1013125,-0.081025,66.35211181640625,0,10,20.0,0.0,0.0,-20.0,0.0,-20.0,-20.0,0.0
39.72318077087402,0.05038749999999999,0.10026249999999999,-0.078605,66.35211181640625,0,9,20.0,0.0,0.0,-20.0,0.0,-20.0,-20.0,0.0
39.794779777526855,0.04823750000000001,0.09880000000000001,-0.07524000000000002,66.35211181640625,0,10,20.0,0.0,0.0,-20.0,0.0,-20.0,-20.0,0.0
39.89231038093567,0.046625,0.09764999999999997,-0.07271999999999999,66.35211181640625,0,9,20.0,0.0,0.0,-20.0,0.0,-20.0,-20.0,0.0
39.96530866622925,0.0444375,0.0960625,-0.069315,66.35211181640625,0,10,20.0,0.0,0.0,-20.0,0.0,-20.0,-20.0,0.0
40.03730916976929,0.04280000000000001,0.094875,-0.066755,66.35211181640625,0,10,20.0,0.0,0.0,-20.0,0.0,-20.0,-20.0,0.0
40.134320974349976,0.04119999999999999,0.09366250000000002,-0.06426,66.35211181640625,0,9,20.0,0.0,0.0,-20.0,0.0,-20.0,-20.0,0.0
40.206358194351196,0.03905000000000001,0.09198750000000001,-0.0609,66.35211181640625,0,10,20.0,0.0,0.0,-20.0,0.0,-20.0,-20.0,0.0
40.30237007141113,0.0374375,0.090675,-0.058389999999999984,66.35211181640625,0,9,20.0,0.0,0.0,-20.0,0.0,-20.0,-20.0,0.0
40.40037202835083,0.03527500000000001,0.08886250000000001,-0.05503500000000003,66.35211181640625,0,9,20.0,0.0,0.0,-20.0,0.0,-20.0,-20.0,0.0
40.48292946815491,0.0331,0.08691250000000002,-0.05164499999999998,66.35211181640625,0,10,20.0,0.0,0.0,-20.0,0.0,-20.0,-20.0,0.0
40.582093954086304,0.03092500000000001,0.08494999999999998,-0.048245,66.35211181640625,0,10,20.0,0.0,0.0,-20.0,0.0,-20.0,-20.0,0.0
40.68709063529968,0.02892500000000001,0.0831125,-0.04511500000000001,66.35211181640625,0,9,20.0,0.0,0.0,-20.0,0.0,-20.0,-20.0,0.0
40.759095668792725,0.026699999999999988,0.08088749999999999,-0.04165499999999997,66.35211181640625,0,10,20.0,0.0,0.0,-20.0,0.0,-20.0,-20.0,0.0
40.8581006526947,0.025087500000000006,0.0791875,-0.03913999999999999,66.35211181640625,0,9,20.0,0.0,0.0,-20.0,0.0,-20.0,-20.0,0.0
40.926090240478516,0.02286250000000001,0.07669999999999999,-0.035670000000000014,66.35211181640625,0,10,20.0,0.0,0.0,-20.0,0.0,-20.0,-20.0,0.0
40.99309182167053,0.021375,0.07503750000000002,-0.03333499999999998,66.35211181640625,0,10,20.0,0.0,0.0,-20.0,0.0,-20.0,-20.0,0.0
41.09063148498535,0.019925000000000012,0.07322500000000003,-0.031079999999999983,66.35211181640625,0,9,20.0,0.0,0.0,-20.0,0.0,-20.0,-20.0,0.0
41.160622119903564,0.01830000000000001,0.07113749999999999,-0.02854000000000002,66.35211181640625,0,10,20.0,0.0,0.0,-20.0,0.0,-20.0,-20.0,0.0
41.22962403297424,0.017525000000000006,0.07013749999999999,-0.027329999999999983,66.35211181640625,0,10,20.0,0.0,0.0,-20.0,0.0,-20.0,-20.0,0.0
41.3286247253418,0.016987500000000013,0.06941250000000002,-0.0265025,66.35211181640625,0,9,20.0,0.0,0.0,-20.0,0.0,-20.0,-20.0,0.0
41.397655963897705,0.015837500000000004,0.06776249999999999,-0.02470999999999998,66.35211181640625,0,10,20.0,0.0,0.0,-20.0,0.0,-20.0,-20.0,0.0
41.466622829437256,0.015025000000000005,0.06660000000000002,-0.023435,66.35211181640625,0,10,20.0,0.0,0.0,-20.0,0.0,-20.0,-20.0,0.0
41.561628580093384,0.0145,0.065825,-0.022617500000000006,66.35211181640625,0,9,20.0,0.0,0.0,-20.0,0.0,-20.0,-20.0,0.0
41.640624046325684,0.0135,0.06423750000000002,-0.021060000000000002,66.35211181640625,0,10,20.0,0.0,0.0,-20.0,0.0,-20.0,-20.0,0.0
41.757628202438354,0.012675000000000011,0.06288749999999999,-0.019767499999999983,66.35211181640625,0,9,20.0,0.0,0.0,-20.0,0.0,-20.0,-20.0,0.0
41.8536262512207,0.011537499999999994,0.060899999999999975,-0.017985000000000015,66.35211181640625,0,9,20.0,0.0,0.0,-20.0,0.0,-20.0,-20.0,0.0
41.92162299156189,0.010587500000000005,0.0591875,-0.01651249999999999,66.35211181640625,0,10,20.0,0.0,0.0,-20.0,0.0,-20.0,-20.0,0.0
42.01762413978577,0.010012499999999988,0.05807499999999999,-0.015615000000000009,66.35211181640625,0,9,20.0,0.0,0.0,-20.0,0.0,-20.0,-20.0,0.0
42.11364269256592,0.009087500000000005,0.0561875,-0.014165000000000021,66.35211181640625,0,8,20.0,0.0,0.0,-20.0,0.0,-20.0,-20.0,0.0
42.20962858200073,0.008237500000000012,0.05435000000000002,-0.012829999999999984,66.35211181640625,0,8,20.0,0.0,0.0,-20.0,0.0,-20.0,-20.0,0.0
42.30422759056091,0.007537499999999995,0.052737500000000014,-0.011737500000000012,66.35211181640625,0,8,20.0,0.0,0.0,-20.0,0.0,-20.0,-20.0,0.0
42.39823508262634,0.0068125,0.05097500000000002,-0.010617500000000007,66.35211181640625,0,9,0.0,20.0,0.0,0.0,-20.0,-20.0,-20.0,0.0
42.493234634399414,0.006175000000000011,0.04930000000000001,-0.009625,66.35211181640625,0,9,0.0,20.0,0.0,0.0,-20.0,-20.0,-20.0,0.0
42.590232610702515,0.005574999999999989,0.047637499999999985,-0.008699999999999989,66.35211181640625,0,9,0.0,20.0,0.0,0.0,-20.0,-20.0,-20.0,0.0
42.684232234954834,0.004900000000000006,0.045612500000000014,-0.007629999999999995,66.35211181640625,0,9,0.0,20.0,0.0,0.0,-20.0,-20.0,-20.0,0.0
42.786227226257324,0.004300000000000011,0.04366250000000002,-0.006712499999999977,66.35211181640625,0,8,0.0,20.0,0.0,0.0,-20.0,-20.0,-20.0,0.0
42.87023401260376,0.0036999999999999885,0.041475000000000026,-0.005764999999999986,66.35211181640625,0,5,0.0,20.0,0.0,0.0,-20.0,-20.0,-20.0,0.0
42.96624255180359,0.0033249999999999886,0.04002499999999998,-0.0051875,66.35211181640625,0,3,0.0,20.0,0.0,0.0,-20.0,-20.0,-20.0,0.0
43.046229124069214,0.0029124999999999945,0.03826249999999999,-0.004540000000000021,66.35211181640625,0,1,0.0,20.0,0.0,0.0,-20.0,-20.0,-20.0,0.0
43.122231006622314,0.0027750000000000058,0.037612500000000014,-0.004314999999999998,66.35211181640625,0,1,0.0,20.0,0.0,0.0,-20.0,-20.0,-20.0,0.0
43.20075702667236,0.0026624999999999943,0.03713749999999999,-0.004154999999999973,66.35211181640625,0,1,0.0,20.0,0.0,0.0,-20.0,-20.0,-20.0,0.0
43.27976441383362,0.0025500000000000115,0.03657499999999999,-0.00397750000000002,66.35211181640625,0,1,0.0,20.0,0.0,0.0,-20.0,-20.0,-20.0,0.0
43.37594652175903,0.0024375,0.0360625,-0.0038149999999999976,66.35211181640625,0,1,0.0,20.0,0.0,0.0,-20.0,-20.0,-20.0,0.0
43.451951026916504,0.0023249999999999885,0.0355,-0.0036399999999999866,66.35211181640625,0,0,0.0,20.0,0.0,0.0,-20.0,-20.0,-20.0,0.0
43.52994775772095,0.00225,0.03509999999999999,-0.003517499999999984,66.35211181640625,0,1,0.0,20.0,0.0,0.0,-20.0,-20.0,-20.0,0.0
43.60794496536255,0.0021500000000000056,0.03455000000000001,-0.003357500000000016,66.35211181640625,0,1,0.0,20.0,0.0,0.0,-20.0,-20.0,-20.0,0.0
43.68594455718994,0.0020749999999999887,0.03411250000000001,-0.0032350000000000135,66.35211181640625,0,1,0.0,20.0,0.0,0.0,-20.0,-20.0,-20.0,0.0
43.76394772529602,0.001974999999999994,0.03361250000000001,-0.0030950000000000274,66.35211181640625,0,1,0.0,20.0,0.0,0.0,-20.0,-20.0,-20.0,0.0
43.86494326591492,0.0019000000000000056,0.033150000000000006,-0.0029775000000000205,66.35211181640625,0,1,0.0,20.0,0.0,0.0,-20.0,-20.0,-20.0,0.0
43.958959341049194,0.0018249999999999885,0.03267500000000001,-0.0028500000000000227,66.35211181640625,0,0,0.0,20.0,0.0,0.0,-20.0,-20.0,-20.0,0.0
44.039947748184204,0.00175,0.03223750000000001,-0.0027325000000000157,66.35211181640625,0,1,0.0,20.0,0.0,0.0,-20.0,-20.0,-20.0,0.0
44.11694526672363,0.0016750000000000113,0.031787499999999996,-0.0026200000000000047,66.35211181640625,0,0,0.0,20.0,0.0,0.0,-20.0,-20.0,-20.0,0.0
44.1965217590332,0.001625,0.03136250000000001,-0.002519999999999982,66.35211181640625,0,0,0.0,20.0,0.0,0.0,-20.0,-20.0,-20.0,0.0
44.2765109539032,0.0015500000000000114,0.03092500000000001,-0.002420000000000016,66.35211181640625,0,0,0.0,20.0,0.0,0.0,-20.0,-20.0,-20.0,0.0
44.35651421546936,0.0014875000000000114,0.0305,-0.002319999999999993,66.35211181640625,0,0,0.0,20.0,0.0,0.0,-20.0,-20.0,-20.0,0.0
44.45252537727356,0.0014250000000000113,0.030087500000000007,-0.002230000000000018,66.35211181640625,0,0,0.0,20.0,0.0,0.0,-20.0,-20.0,-20.0,0.0
44.52751040458679,0.001375,0.02967500000000001,-0.0021399999999999865,66.35211181640625,0,0,0.0,20.0,0.0,0.0,-20.0,-20.0,-20.0,0.0
44.604512453079224,0.0013249999999999887,0.029275000000000006,-0.0020500000000000114,66.35211181640625,0,0,0.0,20.0,0.0,0.0,-20.0,-20.0,-20.0,0.0
44.68451285362244,0.0012624999999999887,0.028875,-0.0019700000000000273,66.35211181640625,0,0,0.0,20.0,0.0,0.0,-20.0,-20.0,-20.0,0.0
44.76252102851868,0.0012125000000000057,0.028474999999999993,-0.0018899999999999863,66.35211181640625,0,0,0.0,20.0,0.0,0.0,-20.0,-20.0,-20.0,0.0
44.84251594543457,0.0011750000000000113,0.02807499999999999,-0.0018199999999999933,66.35211181640625,0,0,0.0,20.0,0.0,0.0,-20.0,-20.0,-20.0,0.0
44.91851496696472,0.001125,0.02769999999999999,-0.0017400000000000091,66.35211181640625,0,0,0.0,20.0,0.0,0.0,-20.0,-20.0,-20.0,0.0
45.032514333724976,0.0010749999999999887,0.027324999999999988,-0.0016700000000000159,66.35211181640625,0,0,0.0,20.0,0.0,0.0,-20.0,-20.0,-20.0,0.0
45.125511169433594,0.0010250000000000057,0.0269375,-0.0016100000000000135,66.35211181640625,0,0,0.0,20.0,0.0,0.0,-20.0,-20.0,-20.0,0.0
45.200517416000366,0.0009875000000000114,0.026574999999999988,-0.0015400000000000205,66.35211181640625,0,0,0.0,20.0,0.0,0.0,-20.0,-20.0,-20.0,0.0
45.27951121330261,0.0009499999999999886,0.026212500000000007,-0.0014800000000000182,66.35211181640625,0,0,0.0,20.0,0.0,0.0,-20.0,-20.0,-20.0,0.0
45.358519315719604,0.0009124999999999943,0.025849999999999995,-0.0014200000000000159,66.35211181640625,0,0,0.0,20.0,0.0,0.0,-20.0,-20.0,-20.0,0.0
45.437512159347534,0.000875,0.0255,-0.0013700000000000045,66.35211181640625,0,0,0.0,20.0,0.0,0.0,-20.0,-20.0,-20.0,0.0
45.517513275146484,0.0008375000000000057,0.025150000000000006,-0.0013100000000000024,66.35211181640625,0,0,0.0,20.0,0.0,0.0,-20.0,-20.0,-20.0,0.0
45.611570596694946,0.0008125,0.024800000000000013,-0.001259999999999991,66.35211181640625,0,0,0.0,20.0,0.0,0.0,-20.0,-20.0,-20.0,0.0
45.68556785583496,0.0007750000000000057,0.024462500000000005,-0.0012099999999999795,66.35211181640625,0,0,0.0,20.0,0.0,0.0,-20.0,-20.0,-20.0,0.0
45.76456809043884,0.0007375000000000114,0.024125,-0.001160000000000025,66.35211181640625,0,0,0.0,20.0,0.0,0.0,-20.0,-20.0,-20.0,0.0
45.84371566772461,0.0007125000000000057,0.023800000000000012,-0.0011100000000000135,66.35211181640625,0,0,0.0,20.0,0.0,0.0,-20.0,-20.0,-20.0,0.0
45.921719551086426,0.0006875,0.023474999999999996,-0.0010699999999999933,66.35211181640625,0,0,0.0,20.0,0.0,0.0,-20.0,-20.0,-20.0,0.0
46.00171780586243,0.0006624999999999944,0.023150000000000007,-0.0010299999999999728,66.35211181640625,0,0,0.0,20.0,0.0,0.0,-20.0,-20.0,-20.0,0.0
46.1147198677063,0.000625,0.022824999999999988,-0.000990000000000009,66.35211181640625,0,0,0.0,20.0,0.0,0.0,-20.0,-20.0,-20.0,0.0
46.1957151889801,0.0006125000000000114,0.022525000000000007,-0.0009499999999999886,66.35211181640625,0,0,0.0,20.0,0.0,0.0,-20.0,-20.0,-20.0,0.0
46.27171874046326,0.0005749999999999886,0.022212500000000007,-0.000910000000000025,66.35211181640625,0,0,0.0,20.0,0.0,0.0,-20.0,-20.0,-20.0,0.0
46.348719358444214,0.0005625,0.021912499999999994,-0.0008700000000000046,66.35211181640625,0,0,0.0,20.0,0.0,0.0,-20.0,-20.0,-20.0,0.0
46.426281213760376,0.0005374999999999944,0.02161250000000001,-0.000839999999999975,66.35211181640625,0,0,0.0,20.0,0.0,0.0,-20.0,-20.0,-20.0,0.0
46.51824951171875,0.0005250000000000057,0.0213125,-0.0008000000000000114,66.35211181640625,0,0,0.0,20.0,0.0,0.0,-20.0,-20.0,-20.0,0.0
46.59627294540405,0.00048750000000001136,0.021025000000000005,-0.0007699999999999819,66.35211181640625,0,0,0.0,20.0,0.0,0.0,-20.0,-20.0,-20.0,0.0
46.675254821777344,0.0004749999999999943,0.020724999999999993,-0.0007400000000000091,66.35211181640625,0,0,0.0,20.0,0.0,0.0,-20.0,-20.0,-20.0,0.0
46.751250982284546,0.00046250000000000566,0.02044999999999999,-0.0007099999999999795,66.35211181640625,0,0,0.0,20.0,0.0,0.0,-20.0,-20.0,-20.0,0.0
46.830251693725586,0.0004375,0.020175000000000012,-0.0006800000000000068,66.35211181640625,0,0,0.0,20.0,0.0,0.0,-20.0,-20.0,-20.0,0.0
46.9072630405426,0.00042500000000001136,0.01988749999999999,-0.0006499999999999773,66.35211181640625,0,0,0.0,20.0,0.0,0.0,-20.0,-20.0,-20.0,0.0
46.984251976013184,0.0004000000000000057,0.019625,-0.0006299999999999955,66.35211181640625,0,0,0.0,20.0,0.0,0.0,-20.0,-20.0,-20.0,0.0
47.06224989891052,0.00038749999999998866,0.019349999999999996,-0.0006000000000000227,66.35211181640625,0,0,0.0,20.0,0.0,0.0,-20.0,-20.0,-20.0,0.0
47.16325068473816,0.000375,0.019074999999999988,-0.0005799999999999841,66.35211181640625,0,0,0.0,20.0,0.0,0.0,-20.0,-20.0,-20.0,0.0
47.25125765800476,0.00036250000000001136,0.018824999999999988,-0.0005600000000000022,66.35211181640625,0,0,0.0,20.0,0.0,0.0,-20.0,-20.0,-20.0,0.0
47.32925796508789,0.0003375000000000057,0.0185625,-0.0005299999999999728,66.35211181640625,0,0,0.0,20.0,0.0,0.0,-20.0,-20.0,-20.0,0.0
47.407267808914185,0.00032499999999998866,0.0183125,-0.0005099999999999909,66.35211181640625,0,0,0.0,20.0,0.0,0.0,-20.0,-20.0,-20.0,0.0
47.48525261878967,0.00032499999999998866,0.0180625,-0.0004900000000000091,66.35211181640625,0,0,0.0,20.0,0.0,0.0,-20.0,-20.0,-20.0,0.0
47.57725214958191,0.00030000000000001136,0.0178125,-0.0004700000000000273,66.35211181640625,0,0,0.0,20.0,0.0,0.0,-20.0,-20.0,-20.0,0.0
47.65525412559509,0.0002874999999999943,0.01757499999999999,-0.00044999999999998866,66.35211181640625,0,0,0.0,20.0,0.0,0.0,-20.0,-20.0,-20.0,0.0
47.7352511882782,0.0002750000000000057,0.01732499999999999,-0.00043999999999999774,66.35211181640625,0,0,0.0,20.0,0.0,0.0,-20.0,-20.0,-20.0,0.0
47.81425213813782,0.0002750000000000057,0.017087500000000005,-0.0004200000000000159,66.35211181640625,0,0,0.0,20.0,0.0,0.0,-20.0,-20.0,-20.0,0.0
47.90625762939453,0.00026249999999998865,0.016862500000000013,-0.00039999999999997725,66.35211181640625,0,0,0.0,20.0,0.0,0.0,-20.0,-20.0,-20.0,0.0
47.98476696014404,0.00025,0.016625,-0.00038999999999998633,66.35211181640625,0,0,0.0,20.0,0.0,0.0,-20.0,-20.0,-20.0,0.0
48.061763048172,0.00023750000000001136,0.016400000000000005,-0.00037000000000000455,66.35211181640625,0,0,0.0,20.0,0.0,0.0,-20.0,-20.0,-20.0,0.0
48.13831877708435,0.00022499999999999433,0.016175000000000012,-0.00036000000000001363,66.35211181640625,0,0,0.0,20.0,0.0,0.0,-20.0,-20.0,-20.0,0.0
48.24840259552002,0.00022499999999999433,0.01594999999999999,-0.000339999999999975,66.35211181640625,0,0,0.0,20.0,0.0,0.0,-20.0,-20.0,-20.0,0.0
48.335397481918335,0.00021250000000000568,0.015724999999999996,-0.00032999999999998406,66.35211181640625,0,0,0.0,20.0,0.0,0.0,-20.0,-20.0,-20.0,0.0
48.412484645843506,0.00019999999999998863,0.015525000000000006,-0.0003100000000000023,66.35211181640625,0,0,0.0,20.0,0.0,0.0,-20.0,-20.0,-20.0,0.0
48.49149203300476,0.0001875,0.015300000000000012,-0.00030000000000001136,66.35211181640625,0,0,0.0,20.0,0.0,0.0,-20.0,-20.0,-20.0,0.0
48.56948256492615,0.0001875,0.015099999999999994,-0.00029000000000002044,66.35211181640625,0,0,0.0,20.0,0.0,0.0,-20.0,-20.0,-20.0,0.0
48.645002365112305,0.00017500000000001136,0.01488749999999999,-0.0002799999999999727,66.35211181640625,0,0,0.0,20.0,0.0,0.0,-20.0,-20.0,-20.0,0.0
48.72300314903259,0.00017500000000001136,0.014675000000000011,-0.0002699999999999818,66.35211181640625,0,0,0.0,20.0,0.0,0.0,-20.0,-20.0,-20.0,0.0
48.80200219154358,0.00016249999999999433,0.014474999999999995,-0.0002599999999999909,66.35211181640625,0,0,0.0,20.0,0.0,0.0,-20.0,-20.0,-20.0,0.0
48.88201355934143,0.00016249999999999433,0.014287499999999995,-0.00025,66.35211181640625,0,0,0.0,20.0,0.0,0.0,-20.0,-20.0,-20.0,0.0
48.96100425720215,0.00015000000000000568,0.014087500000000006,-0.00024000000000000909,66.35211181640625,0,0,0.0,20.0,0.0,0.0,-20.0,-20.0,-20.0,0.0
49.038999795913696,0.00015000000000000568,0.013900000000000006,-0.0002300000000000182,66.35211181640625,0,0,0.0,20.0,0.0,0.0,-20.0,-20.0,-20.0,0.0
49.11701250076294,0.00013749999999998862,0.013712500000000006,-0.00022000000000002728,66.35211181640625,0,0,0.0,20.0,0.0,0.0,-20.0,-20.0,-20.0,0.0
49.19700741767883,0.000125,0.013525000000000006,-0.00020999999999997954,66.35211181640625,0,0,0.0,20.0,0.0,0.0,-20.0,-20.0,-20.0,0.0
49.27800631523132,0.000125,0.013324999999999988,-0.00019999999999998863,66.35211181640625,0,0,0.0,20.0,0.0,0.0,-20.0,-20.0,-20.0,0.0
49.388999938964844,0.000125,0.013150000000000005,-0.00018999999999999773,66.35211181640625,0,0,0.0,20.0,0.0,0.0,-20.0,-20.0,-20.0,0.0
49.46900010108948,0.000125,0.012974999999999993,-0.00018000000000000681,66.35211181640625,0,0,0.0,20.0,0.0,0.0,-20.0,-20.0,-20.0,0.0
49.56299877166748,0.00011250000000001137,0.012787499999999995,-0.00018000000000000681,66.35211181640625,0,0,0.0,20.0,0.0,0.0,-20.0,-20.0,-20.0,0.0
49.642011880874634,0.00011250000000001137,0.012625,-0.00017000000000001592,66.35211181640625,0,0,0.0,20.0,0.0,0.0,-20.0,-20.0,-20.0,0.0
49.72100853919983,9.999999999999431e-05,0.0124375,-0.000160000000000025,66.35211181640625,0,0,0.0,20.0,0.0,0.0,-20.0,-20.0,-20.0,0.0
49.815011501312256,9.999999999999431e-05,0.012275000000000006,-0.000160000000000025,66.35211181640625,0,0,0.0,20.0,0.0,0.0,-20.0,-20.0,-20.0,0.0
49.89400601387024,9.999999999999431e-05,0.012112500000000012,-0.00014999999999997727,66.35211181640625,0,0,0.0,20.0,0.0,0.0,-20.0,-20.0,-20.0,0.0
49.97399926185608,8.750000000000568e-05,0.0119375,-0.00013999999999998635,66.35211181640625,0,0,0.0,20.0,0.0,0.0,-20.0,-20.0,-20.0,0.0
50.0510048866272,8.750000000000568e-05,0.011775000000000006,-0.00013999999999998635,66.35211181640625,0,0,0.0,20.0,0.0,0.0,-20.0,-20.0,-20.0,0.0
50.13200640678406,8.750000000000568e-05,0.011625,-0.00012999999999999546,66.35211181640625,0,0,0.0,20.0,0.0,0.0,-20.0,-20.0,-20.0,0.0
50.20800065994263,7.499999999998864e-05,0.011462500000000006,-0.00012999999999999546,66.35211181640625,0,0,0.0,20.0,0.0,0.0,-20.0,-20.0,-20.0,0.0
50.28800439834595,7.499999999998864e-05,0.011300000000000011,-0.00012000000000000454,66.35211181640625,0,0,0.0,20.0,0.0,0.0,-20.0,-20.0,-20.0,0.0
50.36699891090393,7.499999999998864e-05,0.01113749999999999,-0.00012000000000000454,66.35211181640625,0,0,0.0,20.0,0.0,0.0,-20.0,-20.0,-20.0,0.0
50.478999614715576,7.499999999998864e-05,0.010987500000000011,-0.00011000000000001364,66.35211181640625,0,0,0.0,20.0,0.0,0.0,-20.0,-20.0,-20.0,0.0
50.55801200866699,7.499999999998864e-05,0.010837500000000005,-0.00011000000000001364,66.35211181640625,0,0,0.0,20.0,0.0,0.0,-20.0,-20.0,-20.0,0.0
50.63606142997742,7.499999999998864e-05,0.0106875,-0.00010000000000002273,66.35211181640625,0,0,0.0,20.0,0.0,0.0,-20.0,-20.0,-20.0,0.0
50.711066007614136,6.25e-05,0.01055000000000001,-0.00010000000000002273,66.35211181640625,0,0,0.0,20.0,0.0,0.0,-20.0,-20.0,-20.0,0.0
50.78806805610657,6.25e-05,0.010400000000000006,-0.00010000000000002273,66.35211181640625,0,0,0.0,20.0,0.0,0.0,-20.0,-20.0,-20.0,0.0
50.866058349609375,6.25e-05,0.010262499999999989,-8.999999999997499e-05,66.35211181640625,0,0,0.0,20.0,0.0,0.0,-20.0,-20.0,-20.0,0.0
50.94505858421326,6.25e-05,0.010125,-8.999999999997499e-05,66.35211181640625,0,0,0.0,20.0,0.0,0.0,-20.0,-20.0,-20.0,0.0
51.02505970001221,5.0000000000011366e-05,0.009974999999999994,-8.999999999997499e-05,66.35211181640625,0,0,0.0,20.0,0.0,0.0,-20.0,-20.0,-20.0,0.0
51.10306692123413,5.0000000000011366e-05,0.009837500000000006,-7.999999999998408e-05,66.35211181640625,0,0,0.0,20.0,0.0,0.0,-20.0,-20.0,-20.0,0.0
51.180060625076294,5.0000000000011366e-05,0.009712500000000006,-7.999999999998408e-05,66.35211181640625,0,0,0.0,20.0,0.0,0.0,-20.0,-20.0,-20.0,0.0
51.25960159301758,5.0000000000011366e-05,0.009574999999999988,-7.999999999998408e-05,66.35211181640625,0,0,0.0,20.0,0.0,0.0,-20.0,-20.0,-20.0,0.0
51.400599241256714,5.0000000000011366e-05,0.0094375,-6.999999999999318e-05,69.31723403930664,0,0,0.0,17.929953,2.0700474,0.0,-20.0,-20.0,-20.0,0.0
51.54313564300537,3.749999999999432e-05,0.009324999999999988,-6.999999999999318e-05,73.6412525177002,0,0,0.0,14.911221,5.0887794,0.0,-20.0,-20.0,-20.0,0.0
51.705140590667725,3.749999999999432e-05,0.0091875,-6.999999999999318e-05,78.32998466491699,0,0,0.0,11.637865,8.362135,0.0,-20.0,-20.0,-20.0,0.0
51.84614324569702,3.749999999999432e-05,0.0090625,-6.000000000000227e-05,82.87684154510498,0,0,0.0,8.46356,11.53644,0.0,-20.0,-20.0,-20.0,0.0
51.986135959625244,3.749999999999432e-05,0.0089375,-6.000000000000227e-05,87.15394687652588,0,0,0.0,5.4775786,14.522421,0.0,-20.0,-20.0,-20.0,0.0
52.13029074668884,3.749999999999432e-05,0.008824999999999989,-6.000000000000227e-05,91.00731062889099,0,0,0.0,2.7874222,17.212578,0.0,-20.0,-20.0,-20.0,0.0
52.270389795303345,3.749999999999432e-05,0.0086875,-6.000000000000227e-05,95.0,0,0,0.0,0.0,20.0,0.0,-20.0,-20.0,-20.0,0.0
52.350391149520874,2.5000000000005683e-05,0.008574999999999989,-5.0000000000011366e-05,95.0,0,0,0.0,0.0,20.0,0.0,-20.0,-20.0,-20.0,0.0
52.44243121147156,2.5000000000005683e-05,0.008462500000000006,-5.0000000000011366e-05,95.0,0,0,0.0,0.0,20.0,0.0,-20.0,-20.0,-20.0,0.0
52.51943349838257,2.5000000000005683e-05,0.008337500000000006,-5.0000000000011366e-05,95.0,0,0,0.0,0.0,20.0,0.0,-20.0,-20.0,-20.0,0.0
52.59945321083069,2.5000000000005683e-05,0.008224999999999994,-5.0000000000011366e-05,95.0,0,0,0.0,0.0,20.0,0.0,-20.0,-20.0,-20.0,0.0
52.67643165588379,2.5000000000005683e-05,0.008112500000000012,-5.0000000000011366e-05,95.0,0,0,0.0,0.0,20.0,0.0,-20.0,-20.0,-20.0,0.0
52.7562370300293,2.5000000000005683e-05,0.008,-4.000000000002046e-05,95.0,0,0,0.0,0.0,20.0,0.0,-20.0,-20.0,-20.0,0.0
52.86175847053528,2.5000000000005683e-05,0.007887499999999988,-4.000000000002046e-05,95.0,0,0,0.0,0.0,20.0,0.0,-20.0,-20.0,-20.0,0.0
52.93775963783264,2.5000000000005683e-05,0.007787499999999994,-4.000000000002046e-05,95.0,0,0,0.0,0.0,20.0,0.0,-20.0,-20.0,-20.0,0.0
53.01576209068298,2.5000000000005683e-05,0.007675000000000012,-4.000000000002046e-05,95.0,0,0,0.0,0.0,20.0,0.0,-20.0,-20.0,-20.0,0.0
53.093759059906006,2.5000000000005683e-05,0.007574999999999989,-4.000000000002046e-05,95.0,0,0,0.0,0.0,20.0,0.0,-20.0,-20.0,-20.0,0.0
53.17275929450989,2.5000000000005683e-05,0.007474999999999995,-4.000000000002046e-05,95.0,0,0,0.0,0.0,20.0,0.0,-20.0,-20.0,-20.0,0.0
53.250771284103394,2.5000000000005683e-05,0.007375,-2.9999999999972716e-05,95.0,0,0,0.0,0.0,20.0,0.0,-20.0,-20.0,-20.0,0.0
53.328786849975586,2.5000000000005683e-05,0.007275000000000005,-2.9999999999972716e-05,95.0,0,0,0.0,0.0,20.0,0.0,-20.0,-20.0,-20.0,0.0
53.407766580581665,2.5000000000005683e-05,0.007175000000000011,-2.9999999999972716e-05,95.0,0,0,0.0,0.0,20.0,0.0,-20.0,-20.0,-20.0,0.0
53.4857611656189,2.5000000000005683e-05,0.007074999999999988,-2.9999999999972716e-05,95.0,0,0,0.0,0.0,20.0,0.0,-20.0,-20.0,-20.0,0.0
53.561766386032104,2.5000000000005683e-05,0.006974999999999994,-2.9999999999972716e-05,95.0,0,0,0.0,0.0,20.0,0.0,-20.0,-20.0,-20.0,0.0
53.64076852798462,2.5000000000005683e-05,0.006875,-2.9999999999972716e-05,95.0,0,0,0.0,0.0,20.0,0.0,-20.0,-20.0,-20.0,0.0
53.719759941101074,2.5000000000005683e-05,0.006775000000000006,-2.9999999999972716e-05,95.0,0,0,0.0,0.0,20.0,0.0,-20.0,-20.0,-20.0,0.0
53.79676294326782,2.5000000000005683e-05,0.0066875,-2.9999999999972716e-05,95.0,0,0,0.0,0.0,20.0,0.0,-20.0,-20.0,-20.0,0.0
53.89676356315613,2.5000000000005683e-05,0.006599999999999994,-1.999999999998181e-05,95.0,0,0,0.0,0.0,20.0,0.0,-20.0,-20.0,-20.0,0.0
53.98228168487549,2.5000000000005683e-05,0.006512499999999989,-1.999999999998181e-05,95.0,0,0,0.0,0.0,20.0,0.0,-20.0,-20.0,-20.0,0.0
54.06128168106079,1.2499999999988632e-05,0.006425000000000011,-1.999999999998181e-05,95.0,0,0,0.0,0.0,20.0,0.0,-20.0,-20.0,-20.0,0.0
54.140284299850464,1.2499999999988632e-05,0.006324999999999989,-1.999999999998181e-05,95.0,0,0,0.0,0.0,20.0,0.0,-20.0,-20.0,-20.0,0.0
54.218287229537964,1.2499999999988632e-05,0.006237500000000011,-1.999999999998181e-05,95.0,0,0,0.0,0.0,20.0,0.0,-20.0,-20.0,-20.0,0.0
54.296308755874634,1.2499999999988632e-05,0.006162499999999994,-1.999999999998181e-05,95.0,0,0,0.0,0.0,20.0,0.0,-20.0,-20.0,-20.0,0.0
54.375794649124146,1.2499999999988632e-05,0.006074999999999988,-1.999999999998181e-05,95.0,0,0,0.0,0.0,20.0,0.0,-20.0,-20.0,-20.0,0.0
54.45179510116577,1.2499999999988632e-05,0.005987500000000011,-1.999999999998181e-05,95.0,0,0,0.0,0.0,20.0,0.0,-20.0,-20.0,-20.0,0.0
54.5307936668396,1.2499999999988632e-05,0.005912499999999994,-1.999999999998181e-05,95.0,0,0,0.0,0.0,20.0,0.0,-20.0,-20.0,-20.0,0.0
54.60879850387573,1.2499999999988632e-05,0.005824999999999989,-1.999999999998181e-05,95.0,0,0,0.0,0.0,20.0,0.0,-20.0,-20.0,-20.0,0.0
54.68679404258728,1.2499999999988632e-05,0.00575,-1.999999999998181e-05,95.0,0,0,0.0,0.0,20.0,0.0,-20.0,-20.0,-20.0,0.0
54.761794328689575,1.2499999999988632e-05,0.005675000000000012,-1.999999999998181e-05,95.0,0,0,0.0,0.0,20.0,0.0,-20.0,-20.0,-20.0,0.0
54.84079360961914,1.2499999999988632e-05,0.005587500000000006,-1.999999999998181e-05,95.0,0,0,0.0,0.0,20.0,0.0,-20.0,-20.0,-20.0,0.0
54.91981887817383,1.2499999999988632e-05,0.005587500000000006,-1.999999999998181e-05,95.0,0,0,0.0,0.0,20.0,0.0,-20.0,-20.0,-20.0,0.0
55.0337975025177,1.2499999999988632e-05,0.0054375,-9.999999999990905e-06,95.0,0,0,0.0,0.0,20.0,0.0,-20.0,-20.0,-20.0,0.0
55.126805543899536,1.2499999999988632e-05,0.0054375,-9.999999999990905e-06,95.0,0,0,0.0,0.0,20.0,0.0,-20.0,-20.0,-20.0,0.0
55.20479440689087,1.2499999999988632e-05,0.0052874999999999945,-9.999999999990905e-06,95.0,0,0,0.0,0.0,20.0,0.0,-20.0,-20.0,-20.0,0.0
55.28479719161987,1.2499999999988632e-05,0.0052874999999999945,-9.999999999990905e-06,95.0,0,0,0.0,0.0,20.0,0.0,-20.0,-20.0,-20.0,0.0
55.36379933357239,1.2499999999988632e-05,0.005150000000000005,-9.999999999990905e-06,95.0,0,0,0.0,0.0,20.0,0.0,-20.0,-20.0,-20.0,0.0
55.44179964065552,1.2499999999988632e-05,0.005074999999999988,-9.999999999990905e-06,95.0,0,0,0.0,0.0,20.0,0.0,-20.0,-20.0,-20.0,0.0
55.51979422569275,1.2499999999988632e-05,0.005074999999999988,-9.999999999990905e-06,95.0,0,0,0.0,0.0,20.0,0.0,-20.0,-20.0,-20.0,0.0
55.59779596328735,1.2499999999988632e-05,0.0049375,-9.999999999990905e-06,95.0,0,0,0.0,0.0,20.0,0.0,-20.0,-20.0,-20.0,0.0
55.678813219070435,1.2499999999988632e-05,0.0049375,-9.999999999990905e-06,95.0,0,0,0.0,0.0,20.0,0.0,-20.0,-20.0,-20.0,0.0
55.758809089660645,1.2499999999988632e-05,0.004800000000000012,-9.999999999990905e-06,95.0,0,0,0.0,0.0,20.0,0.0,-20.0,-20.0,-20.0,0.0
55.83679413795471,1.2499999999988632e-05,0.004800000000000012,-9.999999999990905e-06,95.0,0,0,0.0,0.0,20.0,0.0,-20.0,-20.0,-20.0,0.0
55.914884090423584,1.2499999999988632e-05,0.004675000000000012,-9.999999999990905e-06,95.0,0,0,0.0,0.0,20.0,0.0,-20.0,-20.0,-20.0,0.0
56.006882190704346,1.2499999999988632e-05,0.004675000000000012,-9.999999999990905e-06,95.0,0,0,0.0,0.0,20.0,0.0,-20.0,-20.0,-20.0,0.0
56.10588335990906,1.2499999999988632e-05,0.0045500000000000115,-9.999999999990905e-06,95.0,0,0,0.0,0.0,20.0,0.0,-20.0,-20.0,-20.0,0.0
56.18488669395447,1.2499999999988632e-05,0.004474999999999995,-9.999999999990905e-06,95.0,0,0,0.0,0.0,20.0,0.0,-20.0,-20.0,-20.0,0.0
56.25988459587097,1.2499999999988632e-05,0.004474999999999995,-9.999999999990905e-06,95.0,0,0,0.0,0.0,20.0,0.0,-20.0,-20.0,-20.0,0.0
56.334882497787476,0.0,0.004362500000000011,-9.999999999990905e-06,95.0,0,0,0.0,0.0,20.0,0.0,-20.0,-20.0,-20.0,0.0
56.41288495063782,0.0,0.004362500000000011,-9.999999999990905e-06,95.0,0,0,0.0,0.0,20.0,0.0,-20.0,-20.0,-20.0,0.0
56.49088764190674,0.0,0.004237500000000011,-9.999999999990905e-06,95.0,0,0,0.0,0.0,20.0,0.0,-20.0,-20.0,-20.0,0.0
56.5698938369751,0.0,0.004237500000000011,-9.999999999990905e-06,95.0,0,0,0.0,0.0,20.0,0.0,-20.0,-20.0,-20.0,0.0
56.64688420295715,0.0,0.004125,-9.999999999990905e-06,95.0,0,0,0.0,0.0,20.0,0.0,-20.0,-20.0,-20.0,0.0
56.72388696670532,0.0,0.004125,-9.999999999990905e-06,95.0,0,0,0.0,0.0,20.0,0.0,-20.0,-20.0,-20.0,0.0
56.80188322067261,0.0,0.004025000000000006,-9.999999999990905e-06,95.0,0,0,0.0,0.0,20.0,0.0,-20.0,-20.0,-20.0,0.0
56.8818895816803,0.0,0.004025000000000006,-9.999999999990905e-06,95.0,0,0,0.0,0.0,20.0,0.0,-20.0,-20.0,-20.0,0.0
56.95988059043884,0.0,0.003912499999999994,-9.999999999990905e-06,95.0,0,0,0.0,0.0,20.0,0.0,-20.0,-20.0,-20.0,0.0
57.037885665893555,0.0,0.003912499999999994,-9.999999999990905e-06,95.0,0,0,0.0,0.0,20.0,0.0,-20.0,-20.0,-20.0,0.0
57.116891384124756,0.0,0.0038000000000000113,0.0,95.0,0,0,0.0,0.0,20.0,0.0,-20.0,-20.0,-20.0,0.0
57.2218873500824,0.0,0.0038000000000000113,0.0,95.0,0,0,0.0,0.0,20.0,0.0,-20.0,-20.0,-20.0,0.0
57.30288219451904,0.0,0.0036999999999999885,0.0,95.0,0,0,0.0,0.0,20.0,0.0,-20.0,-20.0,-20.0,0.0
57.395883083343506,0.0,0.0036999999999999885,0.0,95.0,0,0,0.0,0.0,20.0,0.0,-20.0,-20.0,-20.0,0.0