Current Date: Thu 08 Sep 2022 23:41:53
Object Position (x,y,z)(m): 0,0,-0.305
Target Position (x,y,z)(m): 0.15,0.15,-0.31
Time,x (m),y (m),z (m),grasp angle (deg),force,Buffer Length,Move to Pre Grasp,Move to grasp,grasp,lift after grasp,move to pre release,move to release,release,lift after release
0.15908551216125488,0.0,0.0,0.0,66.35211181640625,0,0,20.0,0.0,0.0,-20.0,0.0,-20.0,-20.0,0.0
0.25507378578186035,0.0,0.0,-0.0008874999999999887,66.35211181640625,0,1,20.0,0.0,0.0,-20.0,0.0,-20.0,-20.0,0.0
0.35007405281066895,0.0,0.0,-0.0026299999999999956,66.35211181640625,0,2,20.0,0.0,0.0,-20.0,0.0,-20.0,-20.0,0.0
0.44908761978149414,0.0,0.0,-0.005279999999999973,66.35211181640625,0,3,20.0,0.0,0.0,-20.0,0.0,-20.0,-20.0,0.0
0.5470736026763916,0.0,0.0,-0.00841500000000002,66.35211181640625,0,4,20.0,0.0,0.0,-20.0,0.0,-20.0,-20.0,0.0
0.6250731945037842,0.0,0.0,-0.010627499999999998,66.35211181640625,0,5,20.0,0.0,0.0,-20.0,0.0,-20.0,-20.0,0.0
0.7060823440551758,0.0,0.0,-0.011704999999999985,66.35211181640625,0,6,20.0,0.0,0.0,-20.0,0.0,-20.0,-20.0,0.0
0.8010766506195068,0.0,0.0,-0.012194999999999994,66.35211181640625,0,7,20.0,0.0,0.0,-20.0,0.0,-20.0,-20.0,0.0
0.9320733547210693,0.0,0.0,-0.012717499999999972,66.35211181640625,0,7,20.0,0.0,0.0,-20.0,0.0,-20.0,-20.0,0.0
1.0430703163146973,0.0,0.0,-0.015282500000000027,66.35211181640625,0,8,20.0,0.0,0.0,-20.0,0.0,-20.0,-20.0,0.0
1.1250755786895752,0.0,0.0,-0.018125,66.35211181640625,0,9,20.0,0.0,0.0,-20.0,0.0,-20.0,-20.0,0.0
1.196073055267334,0.0,0.0,-0.020944999999999995,66.35211181640625,0,10,20.0,0.0,0.0,-20.0,0.0,-20.0,-20.0,0.0
1.2670722007751465,0.0,0.0,-0.023454999999999983,66.35211181640625,0,10,20.0,0.0,0.0,-20.0,0.0,-20.0,-20.0,0.0
1.3470737934112549,0.0,0.0,-0.02592500000000001,66.35211181640625,0,9,20.0,0.0,0.0,-20.0,0.0,-20.0,-20.0,0.0
1.4180734157562256,0.0,0.0,-0.02874000000000001,66.35211181640625,0,10,20.0,0.0,0.0,-20.0,0.0,-20.0,-20.0,0.0
1.4910717010498047,0.0,0.0,-0.03122000000000003,66.35211181640625,0,10,20.0,0.0,0.0,-20.0,0.0,-20.0,-20.0,0.0
1.5630812644958496,0.0,0.0,-0.03376999999999998,66.35211181640625,0,10,20.0,0.0,0.0,-20.0,0.0,-20.0,-20.0,0.0
1.660071611404419,0.0,0.0,-0.03631999999999999,66.35211181640625,0,9,20.0,0.0,0.0,-20.0,0.0,-20.0,-20.0,0.0
1.7300856113433838,0.0,0.0,-0.03964499999999998,66.35211181640625,0,10,20.0,0.0,0.0,-20.0,0.0,-20.0,-20.0,0.0
1.8020739555358887,0.0,0.0,-0.042079999999999985,66.35211181640625,0,10,20.0,0.0,0.0,-20.0,0.0,-20.0,-20.0,0.0
1.872075080871582,0.0,0.0,-0.04457499999999999,66.35211181640625,0,10,20.0,0.0,0.0,-20.0,0.0,-20.0,-20.0,0.0
1.9690754413604736,0.0,0.0,-0.04702499999999998,66.35211181640625,0,9,20.0,0.0,0.0,-20.0,0.0,-20.0,-20.0,0.0
2.0470829010009766,0.0,0.0,-0.05040499999999997,66.35211181640625,0,10,20.0,0.0,0.0,-20.0,0.0,-20.0,-20.0,0.0
2.1440718173980713,0.0,0.0,-0.053639999999999986,66.35211181640625,0,10,20.0,0.0,0.0,-20.0,0.0,-20.0,-20.0,0.0
2.2290730476379395,0.0,0.0,-0.05667500000000001,66.35211181640625,0,9,20.0,0.0,0.0,-20.0,0.0,-20.0,-20.0,0.0
2.3000810146331787,0.0,0.0,-0.059460000000000006,66.35211181640625,0,10,20.0,0.0,0.0,-20.0,0.0,-20.0,-20.0,0.0
2.3710715770721436,0.0,0.0,-0.061979999999999986,66.35211181640625,0,10,20.0,0.0,0.0,-20.0,0.0,-20.0,-20.0,0.0
2.441077470779419,0.0,0.0,-0.06439500000000001,66.35211181640625,0,10,20.0,0.0,0.0,-20.0,0.0,-20.0,-20.0,0.0
2.53759503364563,0.0,0.0,-0.06688,66.35211181640625,0,9,20.0,0.0,0.0,-20.0,0.0,-20.0,-20.0,0.0
2.6095974445343018,0.0,0.0,-0.07022999999999999,66.35211181640625,0,10,20.0,0.0,0.0,-20.0,0.0,-20.0,-20.0,0.0
2.6825997829437256,0.0,0.0,-0.072715,66.35211181640625,0,10,20.0,0.0,0.0,-20.0,0.0,-20.0,-20.0,0.0
2.7485978603363037,0.0,0.0,-0.07528499999999999,66.35211181640625,0,10,20.0,0.0,0.0,-20.0,0.0,-20.0,-20.0,0.0
2.8431198596954346,0.0,0.0,-0.077585,66.35211181640625,0,9,20.0,0.0,0.0,-20.0,0.0,-20.0,-20.0,0.0
2.916118621826172,0.0,0.0,-0.08088499999999998,66.35211181640625,0,10,20.0,0.0,0.0,-20.0,0.0,-20.0,-20.0,0.0
2.985645055770874,0.0,0.0,-0.08338499999999999,66.35211181640625,0,10,20.0,0.0,0.0,-20.0,0.0,-20.0,-20.0,0.0
3.0826354026794434,0.0,0.0,-0.085845,66.35211181640625,0,9,20.0,0.0,0.0,-20.0,0.0,-20.0,-20.0,0.0
3.15664005279541,0.0,0.0,-0.08922999999999999,66.35211181640625,0,10,20.0,0.0,0.0,-20.0,0.0,-20.0,-20.0,0.0
3.2446353435516357,0.0,0.0,-0.091945,66.35211181640625,0,10,20.0,0.0,0.0,-20.0,0.0,-20.0,-20.0,0.0
3.351635694503784,0.0,0.0,-0.09522,66.35211181640625,0,9,20.0,0.0,0.0,-20.0,0.0,-20.0,-20.0,0.0
3.423635959625244,0.0,0.0,-0.098585,66.35211181640625,0,10,20.0,0.0,0.0,-20.0,0.0,-20.0,-20.0,0.0
3.4936413764953613,0.0,0.0,-0.10111000000000002,66.35211181640625,0,10,20.0,0.0,0.0,-20.0,0.0,-20.0,-20.0,0.0
3.5926389694213867,0.0,0.0,-0.103565,66.35211181640625,0,9,20.0,0.0,0.0,-20.0,0.0,-20.0,-20.0,0.0
3.6606345176696777,0.0,0.0,-0.106965,66.35211181640625,0,10,20.0,0.0,0.0,-20.0,0.0,-20.0,-20.0,0.0
3.7276346683502197,0.0,0.0,-0.10934,66.35211181640625,0,10,20.0,0.0,0.0,-20.0,0.0,-20.0,-20.0,0.0
3.8255996704101562,0.0,0.0,-0.11167500000000001,66.35211181640625,0,9,20.0,0.0,0.0,-20.0,0.0,-20.0,-20.0,0.0
3.896698474884033,0.0,0.0,-0.1151,66.35211181640625,0,10,20.0,0.0,0.0,-20.0,0.0,-20.0,-20.0,0.0
3.9686989784240723,0.0,0.0,-0.11757499999999999,66.35211181640625,0,10,20.0,0.0,0.0,-20.0,0.0,-20.0,-20.0,0.0
4.04069972038269,0.0,0.0,-0.12010499999999999,66.35211181640625,0,10,20.0,0.0,0.0,-20.0,0.0,-20.0,-20.0,0.0
4.1087048053741455,0.0,0.0,-0.122595,66.35211181640625,0,10,20.0,0.0,0.0,-20.0,0.0,-20.0,-20.0,0.0
4.179696798324585,0.0,0.0,-0.12497499999999999,66.35211181640625,0,10,20.0,0.0,0.0,-20.0,0.0,-20.0,-20.0,0.0
4.249706745147705,0.0,0.0,-0.127425,66.35211181640625,0,10,20.0,0.0,0.0,-20.0,0.0,-20.0,-20.0,0.0
4.3197009563446045,0.0,0.0,-0.129865,66.35211181640625,0,10,20.0,0.0,0.0,-20.0,0.0,-20.0,-20.0,0.0
4.408221244812012,0.0,0.0,-0.132535,66.35211181640625,0,10,20.0,0.0,0.0,-20.0,0.0,-20.0,-20.0,0.0
4.5182273387908936,0.0,0.0,-0.135825,66.35211181640625,0,9,20.0,0.0,0.0,-20.0,0.0,-20.0,-20.0,0.0
4.591222763061523,0.0,0.0,-0.13922,66.35211181640625,0,10,20.0,0.0,0.0,-20.0,0.0,-20.0,-20.0,0.0
4.664236068725586,0.0,0.0,-0.14176,66.35211181640625,0,10,20.0,0.0,0.0,-20.0,0.0,-20.0,-20.0,0.0
4.733225584030151,0.0,0.0,-0.14433500000000002,66.35211181640625,0,10,20.0,0.0,0.0,-20.0,0.0,-20.0,-20.0,0.0
4.804226398468018,0.0,0.0,-0.14674,66.35211181640625,0,10,20.0,0.0,0.0,-20.0,0.0,-20.0,-20.0,0.0
4.877221584320068,0.0,0.0,-0.14921,66.35211181640625,0,10,20.0,0.0,0.0,-20.0,0.0,-20.0,-20.0,0.0
4.94922137260437,0.0,0.0,-0.15172999999999998,66.35211181640625,0,10,20.0,0.0,0.0,-20.0,0.0,-20.0,-20.0,0.0
5.019747495651245,0.0,0.0,-0.154275,66.35211181640625,0,10,20.0,0.0,0.0,-20.0,0.0,-20.0,-20.0,0.0
5.092750549316406,0.0,0.0,-0.15671000000000002,66.35211181640625,0,10,20.0,0.0,0.0,-20.0,0.0,-20.0,-20.0,0.0
5.188753604888916,0.0,0.0,-0.159245,66.35211181640625,0,9,20.0,0.0,0.0,-20.0,0.0,-20.0,-20.0,0.0
5.2577478885650635,0.0,0.0,-0.1626,66.35211181640625,0,10,20.0,0.0,0.0,-20.0,0.0,-20.0,-20.0,0.0
5.330748796463013,0.0,0.0,-0.16503,66.35211181640625,0,10,20.0,0.0,0.0,-20.0,0.0,-20.0,-20.0,0.0
5.399761199951172,0.0,0.0,-0.16753,66.35211181640625,0,10,20.0,0.0,0.0,-20.0,0.0,-20.0,-20.0,0.0
5.469749927520752,0.0,0.0,-0.16995500000000002,66.35211181640625,0,10,20.0,0.0,0.0,-20.0,0.0,-20.0,-20.0,0.0
5.548754692077637,0.0,0.0,-0.172405,66.35211181640625,0,10,20.0,0.0,0.0,-20.0,0.0,-20.0,-20.0,0.0
5.641753435134888,0.0,0.0,-0.17558,66.35211181640625,0,10,20.0,0.0,0.0,-20.0,0.0,-20.0,-20.0,0.0
5.7147746086120605,0.0,0.0,-0.17854499999999998,66.35211181640625,0,10,20.0,0.0,0.0,-20.0,0.0,-20.0,-20.0,0.0
5.8097639083862305,0.0,0.0,-0.180935,66.35211181640625,0,9,20.0,0.0,0.0,-20.0,0.0,-20.0,-20.0,0.0
5.881750822067261,0.0,0.0,-0.18422999999999998,66.35211181640625,0,10,20.0,0.0,0.0,-20.0,0.0,-20.0,-20.0,0.0
5.953761577606201,0.0,0.0,-0.186725,66.35211181640625,0,10,20.0,0.0,0.0,-20.0,0.0,-20.0,-20.0,0.0
6.025749921798706,0.0,0.0,-0.189285,66.35211181640625,0,10,20.0,0.0,0.0,-20.0,0.0,-20.0,-20.0,0.0
6.09775185585022,0.0,0.0,-0.191745,66.35211181640625,0,10,20.0,0.0,0.0,-20.0,0.0,-20.0,-20.0,0.0
6.167187452316284,0.0,0.0,-0.19429500000000002,66.35211181640625,0,10,20.0,0.0,0.0,-20.0,0.0,-20.0,-20.0,0.0
6.263613939285278,0.0,0.0,-0.19674,66.35211181640625,0,9,20.0,0.0,0.0,-20.0,0.0,-20.0,-20.0,0.0
6.33662223815918,0.0,0.0,-0.20005,66.35211181640625,0,10,20.0,0.0,0.0,-20.0,0.0,-20.0,-20.0,0.0
6.408635377883911,0.0,0.0,-0.202585,66.35211181640625,0,10,20.0,0.0,0.0,-20.0,0.0,-20.0,-20.0,0.0
6.479611396789551,0.0,0.0,-0.20509,66.35211181640625,0,10,20.0,0.0,0.0,-20.0,0.0,-20.0,-20.0,0.0
6.549184799194336,0.0,0.0,-0.207545,66.35211181640625,0,10,20.0,0.0,0.0,-20.0,0.0,-20.0,-20.0,0.0
6.621194124221802,0.0,0.0,-0.21001,66.35211181640625,0,10,20.0,0.0,0.0,-20.0,0.0,-20.0,-20.0,0.0
6.735187530517578,0.0,0.0,-0.21251,66.35211181640625,0,9,20.0,0.0,0.0,-20.0,0.0,-20.0,-20.0,0.0
6.825190305709839,0.0,0.0,-0.21680000000000002,66.35211181640625,0,10,20.0,0.0,0.0,-20.0,0.0,-20.0,-20.0,0.0
6.902191400527954,0.0,0.0,-0.21982,66.35211181640625,0,10,20.0,0.0,0.0,-20.0,0.0,-20.0,-20.0,0.0
6.972186326980591,0.0,0.0,-0.22228,66.35211181640625,0,10,20.0,0.0,0.0,-20.0,0.0,-20.0,-20.0,0.0
7.044188737869263,0.0,0.0,-0.22474,66.35211181640625,0,10,20.0,0.0,0.0,-20.0,0.0,-20.0,-20.0,0.0
7.141188859939575,0.0,0.0,-0.22724,66.35211181640625,0,9,20.0,0.0,0.0,-20.0,0.0,-20.0,-20.0,0.0
7.2121851444244385,0.0,0.0,-0.23063499999999998,66.35211181640625,0,10,0.0,20.0,0.0,0.0,-20.0,-20.0,-20.0,0.0
7.284193277359009,0.0,0.0,-0.2331,66.35211181640625,0,10,0.0,20.0,0.0,0.0,-20.0,-20.0,-20.0,0.0
7.3791844844818115,0.0,0.0,-0.235625,66.35211181640625,0,9,0.0,20.0,0.0,0.0,-20.0,-20.0,-20.0,0.0
7.450185775756836,0.0,0.0,-0.23891500000000002,66.35211181640625,0,10,0.0,20.0,0.0,0.0,-20.0,-20.0,-20.0,0.0
7.521185874938965,0.0,0.0,-0.241385,66.35211181640625,0,10,0.0,20.0,0.0,0.0,-20.0,-20.0,-20.0,0.0
7.61480188369751,0.0,0.0,-0.24386000000000002,66.35211181640625,0,9,0.0,20.0,0.0,0.0,-20.0,-20.0,-20.0,0.0
7.683336496353149,0.0,0.0,-0.24713,66.35211181640625,0,10,0.0,20.0,0.0,0.0,-20.0,-20.0,-20.0,0.0
7.7553510665893555,0.0,0.0,-0.249515,66.35211181640625,0,10,0.0,20.0,0.0,0.0,-20.0,-20.0,-20.0,0.0
7.852330446243286,0.0,0.0,-0.25204,66.35211181640625,0,9,0.0,20.0,0.0,0.0,-20.0,-20.0,-20.0,0.0
7.942328691482544,0.0,0.0,-0.255645,66.35211181640625,0,10,0.0,20.0,0.0,0.0,-20.0,-20.0,-20.0,0.0
8.047945022583008,0.0,0.0,-0.258895,66.35211181640625,0,9,0.0,20.0,0.0,0.0,-20.0,-20.0,-20.0,0.0
8.117955207824707,0.0,0.0,-0.26226,66.35211181640625,0,10,0.0,20.0,0.0,0.0,-20.0,-20.0,-20.0,0.0
8.186949014663696,0.0,0.0,-0.264635,66.35211181640625,0,10,0.0,20.0,0.0,0.0,-20.0,-20.0,-20.0,0.0
8.258948564529419,0.0,0.0,-0.267065,66.35211181640625,0,10,0.0,20.0,0.0,0.0,-20.0,-20.0,-20.0,0.0
8.329949140548706,0.0,0.0,-0.26957,66.35211181640625,0,10,0.0,20.0,0.0,0.0,-20.0,-20.0,-20.0,0.0
8.425946474075317,0.0,0.0,-0.27206,66.35211181640625,0,9,0.0,20.0,0.0,0.0,-20.0,-20.0,-20.0,0.0
8.497966527938843,0.0,0.0,-0.275375,66.35211181640625,0,10,0.0,20.0,0.0,0.0,-20.0,-20.0,-20.0,0.0
8.567945718765259,0.0,0.0,-0.2779,66.35211181640625,0,10,0.0,20.0,0.0,0.0,-20.0,-20.0,-20.0,0.0
8.638950824737549,0.0,0.0,-0.280335,66.35211181640625,0,10,0.0,20.0,0.0,0.0,-20.0,-20.0,-20.0,0.0
8.738505363464355,0.0,0.0,-0.282815,66.35211181640625,0,9,0.0,20.0,0.0,0.0,-20.0,-20.0,-20.0,0.0
8.806504487991333,0.0,0.0,-0.28626999999999997,66.35211181640625,0,10,0.0,20.0,0.0,0.0,-20.0,-20.0,-20.0,0.0
8.904507160186768,0.0,0.0,-0.288645,66.35211181640625,0,9,0.0,20.0,0.0,0.0,-20.0,-20.0,-20.0,0.0
9.001504898071289,0.0,0.0,-0.292075,66.35211181640625,0,9,0.0,20.0,0.0,0.0,-20.0,-20.0,-20.0,0.0
9.216508150100708,0.0,0.0,-0.29583,95.0,0,9,0.0,0.0,20.0,0.0,-20.0,-20.0,-20.0,0.0
9.296507358551025,0.0,0.0,-0.30035500000000004,95.0,0,5,0.0,0.0,20.0,0.0,-20.0,-20.0,-20.0,0.0
9.391505718231201,0.0,0.0,-0.3012525,95.0,0,5,0.0,0.0,20.0,0.0,-20.0,-20.0,-20.0,0.0
9.469505071640015,0.0,0.0,-0.30186250000000003,95.0,0,2,0.0,0.0,20.0,0.0,-20.0,-20.0,-20.0,0.0
9.547507762908936,0.0,0.0,-0.30213,95.0,0,1,0.0,0.0,20.0,0.0,-20.0,-20.0,-20.0,0.0
9.626505613327026,0.0,0.0,-0.30232,95.0,20,0,0.0,0.0,20.0,0.0,-20.0,-20.0,-20.0,0.0
9.703505039215088,0.0,0.0,-0.30243000000000003,95.0,20,0,-20.0,-20.0,0.0,20.0,0.0,0.0,0.0,-20.0
9.798504114151001,0.0,0.0,-0.3022775,95.0,20,1,-20.0,-20.0,0.0,20.0,0.0,0.0,0.0,-20.0
9.892033576965332,0.0,0.0,-0.301285,95.0,20,2,-20.0,-20.0,0.0,20.0,0.0,0.0,0.0,-20.0
9.970033407211304,0.0,0.0,-0.29966000000000004,95.0,20,3,-20.0,-20.0,0.0,20.0,0.0,0.0,0.0,-20.0
10.06304144859314,0.0,0.0,-0.29878750000000004,95.0,20,4,-20.0,-20.0,0.0,20.0,0.0,0.0,0.0,-20.0
10.144047498703003,0.0,0.0,-0.2984375,95.0,20,4,-20.0,-20.0,0.0,20.0,0.0,0.0,0.0,-20.0
10.244028329849243,0.0,0.0,-0.2977575,95.0,20,5,-20.0,-20.0,0.0,20.0,0.0,0.0,0.0,-20.0
10.380032539367676,0.0,0.0,-0.2955025,95.0,20,6,-20.0,-20.0,0.0,20.0,0.0,0.0,0.0,-20.0
10.47803020477295,0.0,0.0,-0.292135,95.0,20,6,-20.0,0.0,-20.0,20.0,0.0,0.0,0.0,-20.0
10.573585033416748,0.0,0.0,-0.288985,95.0,20,6,-20.0,0.0,-20.0,20.0,0.0,0.0,0.0,-20.0
10.671586275100708,0.0,0.0,-0.28564999999999996,95.0,20,6,-20.0,0.0,-20.0,20.0,0.0,0.0,0.0,-20.0
10.76459002494812,0.0,0.0,-0.28240499999999996,95.0,20,6,-20.0,0.0,-20.0,20.0,0.0,0.0,0.0,-20.0
10.859603643417358,0.0,0.0,-0.279505,95.0,20,6,-20.0,0.0,-20.0,20.0,0.0,0.0,0.0,-20.0
10.957592487335205,0.0,0.0,-0.27619,95.0,20,6,-20.0,0.0,-20.0,20.0,0.0,0.0,0.0,-20.0
11.053585767745972,0.0,0.0,-0.27316500000000005,95.0,20,6,-20.0,0.0,-20.0,20.0,0.0,0.0,0.0,-20.0
11.152586460113525,0.0,0.0,-0.270465,95.0,20,6,-20.0,0.0,-20.0,20.0,0.0,0.0,0.0,-20.0
11.248585939407349,0.0,0.0,-0.26782999999999996,95.0,20,6,-20.0,0.0,-20.0,20.0,0.0,0.0,0.0,-20.0
11.343589544296265,0.0,0.0,-0.26527,95.0,20,6,-20.0,0.0,-20.0,20.0,0.0,0.0,0.0,-20.0
11.49358582496643,0.0,0.0,-0.26227999999999996,95.0,20,5,-20.0,0.0,-20.0,20.0,0.0,0.0,0.0,-20.0
11.590585947036743,0.0,0.0,-0.25889,95.0,20,5,-20.0,0.0,-20.0,20.0,0.0,0.0,0.0,-20.0
11.687586545944214,0.0,0.0,-0.25658,95.0,20,5,-20.0,0.0,-20.0,20.0,0.0,0.0,0.0,-20.0
11.785587310791016,0.0,0.0,-0.2542275,95.0,20,5,-20.0,0.0,-20.0,20.0,0.0,0.0,0.0,-20.0
11.86512804031372,0.0,0.0,-0.25211500000000003,95.0,20,5,-20.0,0.0,-20.0,20.0,0.0,0.0,0.0,-20.0
11.960136651992798,0.0,0.0,-0.250415,95.0,20,5,-20.0,0.0,-20.0,20.0,0.0,0.0,0.0,-20.0
12.057129144668579,0.0,0.0,-0.24842250000000002,95.0,20,5,-20.0,0.0,-20.0,20.0,0.0,0.0,0.0,-20.0
12.153133392333984,0.0,0.0,-0.24645999999999998,95.0,20,5,-20.0,0.0,-20.0,20.0,0.0,0.0,0.0,-20.0
12.250129699707031,0.0,0.0,-0.24456,95.0,20,4,-20.0,0.0,-20.0,20.0,0.0,0.0,0.0,-20.0
12.344131469726562,0.0,0.0,-0.2426625,95.0,20,4,-20.0,0.0,-20.0,20.0,0.0,0.0,0.0,-20.0
12.442131519317627,0.0,0.0,-0.2408575,95.0,20,4,-20.0,0.0,-20.0,20.0,0.0,0.0,0.0,-20.0
12.573734521865845,0.0,0.0,-0.23903,95.0,20,4,-20.0,0.0,-20.0,20.0,0.0,0.0,0.0,-20.0
12.68474531173706,0.0,0.0,-0.23643250000000002,95.0,20,3,-20.0,0.0,-20.0,20.0,0.0,0.0,0.0,-20.0
12.779738664627075,0.0,0.0,-0.2347475,95.0,20,2,-20.0,0.0,-20.0,20.0,0.0,0.0,0.0,-20.0
12.87675404548645,0.0,0.0,-0.23314,95.0,20,2,-20.0,0.0,-20.0,20.0,0.0,0.0,0.0,-20.0
12.956269264221191,0.0,0.0,-0.2315175,95.0,20,2,-20.0,0.0,-20.0,20.0,0.0,0.0,0.0,-20.0
13.037275075912476,0.0,0.0,-0.230605,95.0,20,2,-20.0,0.0,-20.0,20.0,0.0,0.0,0.0,-20.0
13.116270065307617,0.0,0.0,-0.23029500000000003,95.0,20,2,-15.931854,-4.0681458,-20.0,15.931854,4.0681458,0.0,0.0,-20.0
13.194272518157959,0.0,0.0,-0.22976,95.0,20,3,0.0,-20.0,-20.0,0.0,20.0,0.0,0.0,-20.0
13.292280673980713,0.0,0.0,-0.2286175,95.0,20,3,0.0,-20.0,-20.0,0.0,20.0,0.0,0.0,-20.0
13.373271226882935,0.0,0.0,-0.2263675,95.0,20,3,0.0,-20.0,-20.0,0.0,20.0,0.0,0.0,-20.0
13.471286058425903,0.0,0.0,-0.22395749999999998,95.0,20,4,0.0,-20.0,-20.0,0.0,20.0,0.0,0.0,-20.0
13.551273584365845,0.0,0.0,-0.2217025,95.0,20,5,0.0,-20.0,-20.0,0.0,20.0,0.0,0.0,-20.0
13.628273010253906,0.0,0.0,-0.2205925,95.0,20,6,0.0,-20.0,-20.0,0.0,20.0,0.0,0.0,-20.0
13.73927354812622,1.2499999999988632e-05,0.0,-0.2201,95.0,20,6,0.0,-20.0,-20.0,0.0,20.0,0.0,0.0,-20.0
13.818268775939941,0.0010500000000000114,0.00036250000000001136,-0.22072,95.0,20,7,0.0,-20.0,-20.0,0.0,20.0,0.0,0.0,-20.0
13.91529107093811,0.0030875000000000056,0.0010625,-0.22194,95.0,20,8,0.0,-20.0,-20.0,0.0,20.0,0.0,0.0,-20.0
14.01180124282837,0.0068125,0.002337500000000006,-0.22416500000000003,95.0,20,8,0.0,-20.0,-20.0,0.0,20.0,0.0,0.0,-20.0
14.108802795410156,0.010724999999999995,0.0037125000000000057,-0.22651749999999998,95.0,20,9,0.0,-20.0,-20.0,0.0,20.0,0.0,0.0,-20.0
14.20280647277832,0.014712500000000005,0.005137499999999988,-0.22890749999999999,95.0,20,9,0.0,-20.0,-20.0,0.0,20.0,0.0,0.0,-20.0
14.298799991607666,0.018574999999999987,0.0065500000000000115,-0.2312175,95.0,20,9,0.0,-20.0,-20.0,0.0,20.0,0.0,0.0,-20.0
14.370805740356445,0.02248750000000001,0.008012499999999988,-0.23356,95.0,20,10,0.0,-20.0,-20.0,0.0,20.0,0.0,0.0,-20.0
14.466847658157349,0.02542500000000001,0.00913749999999999,-0.23533249999999997,95.0,20,9,0.0,-20.0,-20.0,0.0,20.0,0.0,0.0,-20.0
14.545846462249756,0.02930000000000001,0.010637499999999989,-0.2376575,95.0,20,9,0.0,-20.0,-20.0,0.0,20.0,0.0,0.0,-20.0
14.618846893310547,0.0325625,0.011900000000000006,-0.239605,95.0,20,10,0.0,-20.0,-20.0,0.0,20.0,0.0,0.0,-20.0
14.714842796325684,0.03548750000000001,0.013087500000000005,-0.2413675,95.0,20,9,0.0,-20.0,-20.0,0.0,20.0,0.0,0.0,-20.0
14.84183955192566,0.039637499999999985,0.014787499999999995,-0.24384999999999998,95.0,20,9,0.0,-20.0,-20.0,0.0,20.0,0.0,0.0,-20.0
14.941852331161499,0.04467500000000001,0.016900000000000005,-0.2468625,95.0,20,9,0.0,-20.0,-20.0,0.0,20.0,0.0,0.0,-20.0
15.03884482383728,0.0485,0.01855000000000001,-0.2491575,95.0,20,9,0.0,-20.0,-20.0,0.0,20.0,0.0,0.0,-20.0
15.116846799850464,0.052375,0.020275000000000005,-0.251475,95.0,20,9,0.0,-20.0,-20.0,0.0,20.0,0.0,0.0,-20.0
15.212854146957397,0.0554375,0.021662499999999994,-0.253315,95.0,20,9,0.0,-20.0,-20.0,0.0,20.0,0.0,0.0,-20.0
15.307847738265991,0.05926249999999999,0.023425000000000012,-0.25560750000000004,95.0,20,9,0.0,-20.0,-20.0,0.0,20.0,0.0,0.0,-20.0
15.405843019485474,0.063,0.025224999999999994,-0.2578425,95.0,20,9,0.0,-20.0,-20.0,0.0,20.0,0.0,0.0,-20.0
15.476845502853394,0.066875,0.027137499999999988,-0.26017,95.0,20,10,0.0,-20.0,-20.0,0.0,20.0,0.0,0.0,-20.0
15.570383071899414,0.06963749999999999,0.02851249999999999,-0.26183,95.0,20,9,0.0,-20.0,-20.0,0.0,20.0,0.0,0.0,-20.0
15.666372299194336,0.07328750000000002,0.03042500000000001,-0.26401749999999996,95.0,20,9,0.0,-20.0,-20.0,0.0,20.0,0.0,0.0,-20.0
15.735371828079224,0.07698750000000001,0.032400000000000005,-0.2662375,95.0,20,10,0.0,-20.0,-20.0,0.0,20.0,0.0,0.0,-20.0
15.829384088516235,0.07966250000000002,0.03386250000000001,-0.26784,95.0,20,9,0.0,-20.0,-20.0,0.0,20.0,0.0,0.0,-20.0
15.967893838882446,0.08414999999999997,0.03642500000000001,-0.27052750000000003,95.0,20,8,0.0,-20.0,-20.0,0.0,20.0,0.0,0.0,-20.0
16.051904916763306,0.08873750000000001,0.039162500000000024,-0.273275,95.0,20,8,0.0,-20.0,-20.0,0.0,20.0,0.0,0.0,-20.0
16.131893157958984,0.09171249999999997,0.041012499999999986,-0.2750675,95.0,20,7,0.0,-20.0,-20.0,0.0,20.0,0.0,0.0,-20.0
16.227447986602783,0.09467500000000001,0.04292500000000001,-0.276845,95.0,20,7,0.0,-20.0,-20.0,0.0,20.0,0.0,0.0,-20.0
16.323439836502075,0.09822500000000002,0.0453125,-0.27897000000000005,95.0,20,7,0.0,-20.0,-20.0,0.0,20.0,0.0,0.0,-20.0
16.41943120956421,0.10177499999999998,0.04777499999999998,-0.28109,95.0,20,7,0.0,-20.0,-20.0,0.0,20.0,0.0,0.0,-20.0
16.51544737815857,0.10523750000000001,0.05032499999999999,-0.28317000000000003,95.0,20,7,0.0,-20.0,-20.0,0.0,20.0,0.0,0.0,-20.0
16.610429525375366,0.108625,0.0529375,-0.2852075,95.0,20,6,0.0,-20.0,-20.0,0.0,20.0,0.0,0.0,-20.0
16.705432176589966,0.11147500000000002,0.05523750000000001,-0.28690249999999995,95.0,20,5,0.0,-20.0,-20.0,0.0,20.0,0.0,0.0,-20.0
16.80043363571167,0.1139875,0.057375,-0.2884175,95.0,20,5,0.0,-20.0,-20.0,0.0,20.0,0.0,0.0,-20.0
16.877429962158203,0.11630000000000001,0.0594375,-0.2898025,95.0,20,4,0.0,-20.0,-20.0,0.0,20.0,0.0,0.0,-20.0
16.957433462142944,0.11810000000000002,0.06110000000000002,-0.29087999999999997,95.0,20,4,0.0,-20.0,-20.0,0.0,20.0,0.0,0.0,-20.0
17.083451986312866,0.1204375,0.06335000000000002,-0.29227,95.0,20,3,0.0,-20.0,-20.0,0.0,20.0,0.0,0.0,-20.0
17.16543960571289,0.12272500000000003,0.0656875,-0.2936525,95.0,20,2,0.0,-20.0,-20.0,0.0,20.0,0.0,0.0,-20.0
17.2424373626709,0.12388749999999998,0.06691250000000003,-0.29435,95.0,20,2,0.0,-20.0,-20.0,0.0,20.0,0.0,0.0,-20.0
17.320428371429443,0.12427499999999998,0.06733749999999998,-0.29458249999999997,95.0,20,2,0.0,-20.0,-20.0,0.0,20.0,0.0,0.0,-20.0
17.401439666748047,0.1254375,0.0686125,-0.29527749999999997,95.0,20,2,0.0,-20.0,-20.0,0.0,20.0,0.0,0.0,-20.0
17.4964382648468,0.1270625,0.07047500000000002,-0.2962525,95.0,20,1,0.0,-20.0,-20.0,0.0,20.0,0.0,0.0,-20.0
17.574434280395508,0.12797500000000003,0.0715625,-0.2968025,95.0,20,1,0.0,-20.0,-20.0,0.0,20.0,0.0,0.0,-20.0
17.66843605041504,0.12860000000000002,0.07230000000000002,-0.29717,95.0,20,2,0.0,-20.0,-20.0,0.0,20.0,0.0,0.0,-20.0
17.746428966522217,0.1291375,0.07296249999999997,-0.297495,95.0,20,2,0.0,-20.0,-20.0,0.0,20.0,0.0,0.0,-20.0
17.826436042785645,0.130375,0.07453750000000002,-0.29823,95.0,20,2,0.0,-20.0,-20.0,0.0,20.0,0.0,0.0,-20.0
17.903433799743652,0.13125,0.07571249999999997,-0.29875999999999997,95.0,20,2,0.0,-20.0,-20.0,0.0,20.0,0.0,0.0,-20.0
17.981431007385254,0.13171249999999998,0.07633749999999997,-0.29904250000000004,95.0,20,2,0.0,-20.0,-20.0,0.0,20.0,0.0,0.0,-20.0
18.075443267822266,0.1321375,0.0769375,-0.2993025,95.0,20,2,0.0,-20.0,-20.0,0.0,20.0,0.0,0.0,-20.0
18.174429178237915,0.1334,0.07869999999999999,-0.30005000000000004,95.0,20,2,0.0,-20.0,-20.0,0.0,20.0,0.0,0.0,-20.0
18.265434980392456,0.134225,0.07992500000000001,-0.3005475,95.0,20,1,0.0,-20.0,-20.0,0.0,20.0,0.0,0.0,-20.0
18.344430208206177,0.13476249999999998,0.08075,-0.3008675,95.0,20,1,0.0,-20.0,-20.0,0.0,20.0,0.0,0.0,-20.0
18.423436164855957,0.1353125,0.08158749999999998,-0.3011875,95.0,20,2,0.0,-20.0,-20.0,0.0,20.0,0.0,0.0,-20.0
18.519447088241577,0.13576249999999998,0.08230000000000001,-0.301465,95.0,20,2,0.0,-20.0,-20.0,0.0,20.0,0.0,0.0,-20.0
18.597435474395752,0.13633749999999997,0.0832375,-0.3018075,95.0,20,2,0.0,-20.0,-20.0,0.0,20.0,0.0,0.0,-20.0
18.67743730545044,0.13703750000000003,0.08441250000000003,-0.3022325,95.0,20,2,-20.0,-20.0,-20.0,0.0,0.0,20.0,0.0,0.0
18.772432327270508,0.13751249999999998,0.08522500000000002,-0.302515,95.0,20,2,-20.0,-20.0,-20.0,0.0,0.0,20.0,0.0,0.0
18.85144567489624,0.13803750000000004,0.08617500000000002,-0.3028225,95.0,20,2,-20.0,-20.0,-20.0,0.0,0.0,20.0,0.0,0.0
18.930431365966797,0.1384625,0.08696249999999997,-0.30308749999999995,95.0,20,2,-20.0,-20.0,-20.0,0.0,0.0,20.0,0.0,0.0
19.025434732437134,0.1388875,0.08773750000000001,-0.30334249999999996,95.0,20,2,-20.0,-20.0,-20.0,0.0,0.0,20.0,0.0,0.0
19.104433059692383,0.1393875,0.08871249999999997,-0.3036425,95.0,20,2,-20.0,-20.0,-20.0,0.0,0.0,20.0,0.0,0.0
19.198471307754517,0.1398125,0.08952499999999998,-0.3038875,95.0,20,2,-20.0,-20.0,-20.0,0.0,0.0,20.0,0.0,0.0
19.310474395751953,0.1403125,0.0905625,-0.304195,95.0,20,1,-20.0,-20.0,-20.0,0.0,0.0,20.0,0.0,0.0
19.38947033882141,0.1408,0.09160000000000003,-0.304485,95.0,20,1,-20.0,-20.0,-20.0,0.0,0.0,20.0,0.0,0.0
19.46746850013733,0.1412,0.09244999999999999,-0.3047225,95.0,20,1,-20.0,-20.0,-20.0,0.0,0.0,20.0,0.0,0.0
19.546470642089844,0.14158749999999998,0.09335000000000002,-0.30495999999999995,95.0,20,1,-20.0,-20.0,-20.0,0.0,0.0,20.0,0.0,0.0
19.6254780292511,0.14197500000000002,0.09422500000000002,-0.305185,95.0,20,1,-20.0,-20.0,-20.0,0.0,0.0,20.0,0.0,0.0
19.704468965530396,0.1422875,0.09498750000000002,-0.3053775,95.0,20,1,-20.0,-20.0,-20.0,0.0,0.0,20.0,0.0,0.0
19.78046941757202,0.142625,0.09580000000000001,-0.3055825,95.0,20,1,-20.0,-20.0,-20.0,0.0,0.0,20.0,0.0,0.0
19.85846757888794,0.14292500000000002,0.0965625,-0.30576,95.0,20,1,-20.0,-20.0,-20.0,0.0,0.0,20.0,0.0,0.0
19.939472436904907,0.1432,0.09727499999999997,-0.305925,95.0,20,1,-20.0,-20.0,-20.0,0.0,0.0,20.0,0.0,0.0
20.020480155944824,0.1435,0.0980625,-0.3061025,95.0,20,1,-20.0,-20.0,-20.0,0.0,0.0,20.0,0.0,0.0
20.096477031707764,0.14375,0.0987375,-0.306255,95.0,20,1,-20.0,-20.0,-20.0,0.0,0.0,20.0,0.0,0.0
20.175469398498535,0.144,0.0994375,-0.306405,95.0,20,1,-20.0,-20.0,-20.0,0.0,0.0,20.0,0.0,0.0
20.25547194480896,0.1442625,0.10019999999999998,-0.3065625,95.0,20,1,-20.0,-20.0,-20.0,0.0,0.0,20.0,0.0,0.0
20.356468677520752,0.14447500000000002,0.10086250000000001,-0.3066975,95.0,20,1,-20.0,-20.0,-20.0,0.0,0.0,20.0,0.0,0.0
20.43647313117981,0.14472500000000002,0.10160000000000002,-0.30684,95.0,20,0,-20.0,-20.0,-20.0,0.0,0.0,20.0,0.0,0.0
20.51548480987549,0.14491250000000003,0.10222500000000002,-0.30695249999999996,95.0,20,1,-20.0,-20.0,-20.0,0.0,0.0,20.0,0.0,0.0
20.596492528915405,0.145125,0.10286250000000001,-0.30707999999999996,95.0,20,1,-20.0,-20.0,-20.0,0.0,0.0,20.0,0.0,0.0
20.673477172851562,0.1453125,0.10353750000000002,-0.307195,95.0,20,1,-20.0,-20.0,-20.0,0.0,0.0,20.0,0.0,0.0
20.752471208572388,0.1455,0.104125,-0.3073,95.0,20,1,-20.0,-20.0,-20.0,0.0,0.0,20.0,0.0,0.0
20.832480430603027,0.1456875,0.10478750000000002,-0.30741250000000003,95.0,20,1,-20.0,-20.0,-20.0,0.0,0.0,20.0,0.0,0.0
20.912472248077393,0.145875,0.1054375,-0.30751999999999996,95.0,20,1,-20.0,-20.0,-20.0,0.0,0.0,20.0,0.0,0.0
20.991475582122803,0.146025,0.10601249999999998,-0.307615,95.0,20,1,-20.0,-20.0,-20.0,0.0,0.0,20.0,0.0,0.0
21.07148265838623,0.146175,0.106625,-0.30771499999999996,95.0,20,1,-20.0,-20.0,-20.0,0.0,0.0,20.0,0.0,0.0
21.15147089958191,0.14635000000000004,0.10723750000000001,-0.3078075,95.0,20,1,-20.0,-20.0,-20.0,0.0,0.0,20.0,0.0,0.0
21.229467391967773,0.14648750000000002,0.1078125,-0.3078975,95.0,20,1,-20.0,-20.0,-20.0,0.0,0.0,20.0,0.0,0.0
21.308468341827393,0.146625,0.10838749999999998,-0.3079775,95.0,20,1,-20.0,-20.0,-20.0,0.0,0.0,20.0,0.0,0.0
21.39047384262085,0.146775,0.10897500000000002,-0.30806,95.0,20,0,-20.0,-20.0,-20.0,0.0,0.0,20.0,0.0,0.0
21.50447130203247,0.14689999999999998,0.10953750000000002,-0.30813999999999997,95.0,20,0,-20.0,-20.0,-20.0,0.0,0.0,20.0,0.0,0.0
21.58146834373474,0.147025,0.11010000000000002,-0.30821,95.0,20,0,-20.0,-20.0,-20.0,0.0,0.0,20.0,0.0,0.0
21.656475067138672,0.14713749999999998,0.110625,-0.30828750000000005,95.0,20,1,-20.0,-20.0,-20.0,0.0,0.0,20.0,0.0,0.0
21.733471870422363,0.14725,0.11114999999999997,-0.30834750000000005,95.0,20,1,-20.0,-20.0,-20.0,0.0,0.0,20.0,0.0,0.0
21.81447744369507,0.1473625,0.11171249999999998,-0.30842,95.0,20,0,-20.0,-20.0,-20.0,0.0,0.0,20.0,0.0,0.0
21.893468379974365,0.14747500000000002,0.11223750000000002,-0.30848000000000003,95.0,20,0,-20.0,-20.0,-20.0,0.0,0.0,20.0,0.0,0.0
21.971481800079346,0.14757499999999998,0.11276249999999999,-0.30854000000000004,95.0,20,0,-20.0,-20.0,-20.0,0.0,0.0,20.0,0.0,0.0
22.04947328567505,0.147675,0.11327499999999997,-0.30860000000000004,95.0,20,0,-20.0,-20.0,-20.0,0.0,0.0,20.0,0.0,0.0
22.125467538833618,0.1477625,0.11377499999999997,-0.30866000000000005,95.0,20,0,-20.0,-20.0,-20.0,0.0,0.0,20.0,0.0,0.0
22.204476594924927,0.14785,0.11426249999999999,-0.30871,95.0,20,0,-20.0,-20.0,-20.0,0.0,0.0,20.0,0.0,0.0
22.28346824645996,0.1479375,0.11475,-0.30876,95.0,20,0,-20.0,-20.0,-20.0,0.0,0.0,20.0,0.0,0.0
22.36347246170044,0.148025,0.1152375,-0.30881000000000003,95.0,20,0,-20.0,-20.0,-20.0,0.0,0.0,20.0,0.0,0.0
22.444473028182983,0.1481,0.11571249999999998,-0.30886,95.0,20,0,-20.0,-20.0,-20.0,0.0,0.0,20.0,0.0,0.0
22.538469791412354,0.148175,0.11617500000000001,-0.30891,95.0,20,0,-20.0,-20.0,-20.0,0.0,0.0,20.0,0.0,0.0
22.63147211074829,0.14825,0.11664999999999998,-0.30895,95.0,20,0,-20.0,-20.0,-20.0,0.0,0.0,20.0,0.0,0.0
22.711469650268555,0.14832499999999998,0.11710000000000002,-0.30899,95.0,20,0,-20.0,-20.0,-20.0,0.0,0.0,20.0,0.0,0.0
22.787988901138306,0.14838749999999998,0.11755000000000002,-0.30902999999999997,95.0,20,0,-20.0,-20.0,-20.0,0.0,0.0,20.0,0.0,0.0
22.865527153015137,0.14845,0.118,-0.30907,95.0,20,0,-20.0,-20.0,-20.0,0.0,0.0,20.0,0.0,0.0
22.962530612945557,0.1485125,0.1184375,-0.30911,95.0,20,0,-20.0,-20.0,-20.0,0.0,0.0,20.0,0.0,0.0
23.03852343559265,0.14857499999999998,0.118875,-0.30913999999999997,95.0,20,0,-20.0,-20.0,-20.0,0.0,0.0,20.0,0.0,0.0
23.117538690567017,0.148625,0.11930000000000002,-0.30918,95.0,20,0,-20.0,-20.0,-20.0,0.0,0.0,20.0,0.0,0.0
23.19658923149109,0.148675,0.11972500000000003,-0.30921,95.0,20,0,-20.0,-20.0,-20.0,0.0,0.0,20.0,0.0,0.0
23.27212381362915,0.14873750000000002,0.120125,-0.30924,95.0,20,0,-20.0,-20.0,-20.0,0.0,0.0,20.0,0.0,0.0
23.350122690200806,0.14878750000000002,0.12053750000000002,-0.30927,95.0,20,0,-20.0,-20.0,-20.0,0.0,0.0,20.0,0.0,0.0
23.44712471961975,0.14883749999999998,0.1209375,-0.3093,95.0,20,0,-20.0,-20.0,-20.0,0.0,0.0,20.0,0.0,0.0
23.52712893486023,0.148875,0.12133749999999997,-0.30933,95.0,20,0,-20.0,-20.0,-20.0,0.0,0.0,20.0,0.0,0.0
23.604121685028076,0.148925,0.12172500000000003,-0.30936,95.0,20,0,-20.0,-20.0,-20.0,0.0,0.0,20.0,0.0,0.0
23.712124586105347,0.14897500000000002,0.122125,-0.30938,95.0,20,0,-20.0,-20.0,-20.0,0.0,0.0,20.0,0.0,0.0
23.791126251220703,0.1490125,0.1225,-0.30941,95.0,20,0,-20.0,-20.0,-20.0,0.0,0.0,20.0,0.0,0.0
23.870121002197266,0.14905000000000002,0.122875,-0.30943,95.0,20,0,-20.0,-20.0,-20.0,0.0,0.0,20.0,0.0,0.0
23.949132680892944,0.14908749999999998,0.12325,-0.30945,95.0,20,0,-20.0,-20.0,-20.0,0.0,0.0,20.0,0.0,0.0
24.027649879455566,0.149125,0.123625,-0.30948000000000003,95.0,20,0,-20.0,-20.0,-20.0,0.0,0.0,20.0,0.0,0.0
24.10564947128296,0.14916250000000003,0.12397500000000003,-0.3095,95.0,20,0,-20.0,-20.0,-20.0,0.0,0.0,20.0,0.0,0.0
24.18666386604309,0.1491875,0.12433749999999998,-0.30951999999999996,95.0,20,0,-20.0,-20.0,-20.0,0.0,0.0,20.0,0.0,0.0
24.26565170288086,0.14922500000000002,0.1246875,-0.30954000000000004,95.0,20,0,-20.0,-20.0,-20.0,0.0,0.0,20.0,0.0,0.0
24.343192100524902,0.1492625,0.12502499999999997,-0.30955,95.0,20,0,-20.0,-20.0,-20.0,0.0,0.0,20.0,0.0,0.0
24.423198699951172,0.14928750000000002,0.125375,-0.30957,95.0,20,0,-20.0,-20.0,-20.0,0.0,0.0,20.0,0.0,0.0
24.51819348335266,0.1493125,0.12571249999999998,-0.30959,95.0,20,0,-20.0,-20.0,-20.0,0.0,0.0,20.0,0.0,0.0
24.59818935394287,0.14933749999999998,0.12605000000000002,-0.30961,95.0,20,0,-20.0,-20.0,-20.0,0.0,0.0,20.0,0.0,0.0
24.677192449569702,0.149375,0.126375,-0.30962,95.0,20,0,-20.0,-20.0,-20.0,0.0,0.0,20.0,0.0,0.0
24.791717290878296,0.14938749999999998,0.12669999999999998,-0.30963999999999997,95.0,20,0,-20.0,-20.0,-20.0,0.0,0.0,20.0,0.0,0.0
24.87171506881714,0.149425,0.12702499999999997,-0.30965,95.0,20,0,-20.0,-20.0,-20.0,0.0,0.0,20.0,0.0,0.0
24.950714588165283,0.1494375,0.127325,-0.30967,95.0,20,0,-20.0,-20.0,-20.0,0.0,0.0,20.0,0.0,0.0
25.029711723327637,0.14946249999999997,0.1276375,-0.30968,95.0,20,0,-20.0,-20.0,-20.0,0.0,0.0,20.0,0.0,0.0
25.109729766845703,0.14948750000000002,0.12794999999999998,-0.30969,95.0,20,0,-20.0,-20.0,-20.0,0.0,0.0,20.0,0.0,0.0
25.18771243095398,0.1495125,0.12825,-0.3097,95.0,20,0,-20.0,-20.0,-20.0,0.0,0.0,20.0,0.0,0.0
25.262711763381958,0.14952499999999996,0.12855,-0.30972000000000005,95.0,20,0,-20.0,-20.0,-20.0,0.0,0.0,20.0,0.0,0.0
25.341243267059326,0.14953750000000002,0.12883749999999997,-0.30973,95.0,20,0,-20.0,-20.0,-20.0,0.0,0.0,20.0,0.0,0.0
25.4182448387146,0.1495625,0.129125,-0.30974,95.0,20,0,-20.0,-20.0,-20.0,0.0,0.0,20.0,0.0,0.0
25.497238636016846,0.14957499999999999,0.129425,-0.30975,95.0,20,0,-20.0,-20.0,-20.0,0.0,0.0,20.0,0.0,0.0
25.57624340057373,0.1496,0.12969999999999998,-0.30976,95.0,20,0,-20.0,-20.0,-20.0,0.0,0.0,20.0,0.0,0.0
25.654242277145386,0.1496125,0.12997500000000003,-0.30977,95.0,20,0,-20.0,-20.0,-20.0,0.0,0.0,20.0,0.0,0.0
25.73224377632141,0.149625,0.13025,-0.30978,95.0,20,0,-20.0,-20.0,-20.0,0.0,0.0,20.0,0.0,0.0
25.832242250442505,0.14963749999999998,0.13052499999999997,-0.30979,95.0,20,0,-20.0,-20.0,-20.0,0.0,0.0,20.0,0.0,0.0
25.91777515411377,0.14966250000000003,0.13078750000000003,-0.30979,95.0,20,0,-20.0,-20.0,-20.0,0.0,0.0,20.0,0.0,0.0
25.996769666671753,0.149675,0.13105,-0.3098,95.0,20,0,-20.0,-20.0,-20.0,0.0,0.0,20.0,0.0,0.0
26.07685089111328,0.149675,0.1313125,-0.30981000000000003,95.0,20,0,-20.0,-20.0,-20.0,0.0,0.0,20.0,0.0,0.0
26.156852960586548,0.1497,0.131575,-0.30982,95.0,20,0,-20.0,-20.0,-20.0,0.0,0.0,20.0,0.0,0.0
26.234850645065308,0.14971249999999997,0.131825,-0.30983,95.0,20,0,-20.0,-20.0,-20.0,0.0,0.0,20.0,0.0,0.0
26.31085205078125,0.14972500000000002,0.132075,-0.30983,95.0,20,0,-20.0,-20.0,-20.0,0.0,0.0,20.0,0.0,0.0
26.390854358673096,0.14972500000000002,0.132325,-0.30983999999999995,95.0,20,0,-20.0,-20.0,-20.0,0.0,0.0,20.0,0.0,0.0
26.46785545349121,0.14973750000000002,0.1325625,-0.30985,95.0,20,0,-20.0,-20.0,-20.0,0.0,0.0,20.0,0.0,0.0
26.547858238220215,0.14975,0.1328,-0.30985,95.0,20,0,-20.0,-20.0,-20.0,0.0,0.0,20.0,0.0,0.0
26.626851558685303,0.1497625,0.13302499999999998,-0.30986,95.0,20,0,-20.0,-20.0,-20.0,0.0,0.0,20.0,0.0,0.0
26.70485782623291,0.14977499999999996,0.13327499999999998,-0.30986,95.0,20,0,-20.0,-20.0,-20.0,0.0,0.0,20.0,0.0,0.0
26.782865524291992,0.14977499999999996,0.1334875,-0.30987,95.0,20,0,-20.0,-20.0,-20.0,0.0,0.0,20.0,0.0,0.0
26.858850717544556,0.14978750000000002,0.133725,-0.30987,95.0,20,0,-20.0,-20.0,-20.0,0.0,0.0,20.0,0.0,0.0
26.95385193824768,0.14980000000000002,0.1339375,-0.30988,95.0,20,0,-20.0,-20.0,-20.0,0.0,0.0,20.0,0.0,0.0
27.040853023529053,0.1498125,0.13416250000000002,-0.30988,95.0,20,0,-20.0,-20.0,-20.0,0.0,0.0,20.0,0.0,0.0
27.120852947235107,0.1498125,0.134375,-0.30989,95.0,20,0,-20.0,-20.0,-20.0,0.0,0.0,20.0,0.0,0.0
27.19842505455017,0.14982499999999999,0.13458749999999997,-0.30989,95.0,20,0,-20.0,-20.0,-20.0,0.0,0.0,20.0,0.0,0.0
27.27595329284668,0.14982499999999999,0.1348125,-0.30989999999999995,95.0,20,0,-20.0,-20.0,-20.0,0.0,0.0,20.0,0.0,0.0
27.354957342147827,0.14983749999999998,0.13501249999999998,-0.30989999999999995,95.0,20,0,-20.0,-20.0,-20.0,0.0,0.0,20.0,0.0,0.0
27.43294906616211,0.14983749999999998,0.135225,-0.30991,95.0,20,0,-20.0,-20.0,-20.0,0.0,0.0,20.0,0.0,0.0
27.510963678359985,0.14985,0.13542500000000002,-0.30991,95.0,20,0,-20.0,-20.0,-20.0,0.0,0.0,20.0,0.0,0.0
27.59096670150757,0.1498625,0.135625,-0.30991,95.0,20,0,-20.0,-20.0,-20.0,0.0,0.0,20.0,0.0,0.0
27.668506622314453,0.1498625,0.135825,-0.30992000000000003,95.0,20,0,-20.0,-20.0,-20.0,0.0,0.0,20.0,0.0,0.0
27.746506214141846,0.149875,0.13601249999999998,-0.30992000000000003,95.0,20,0,-20.0,-20.0,-20.0,0.0,0.0,20.0,0.0,0.0
27.824506282806396,0.149875,0.1362,-0.30992000000000003,95.0,20,0,-20.0,-20.0,-20.0,0.0,0.0,20.0,0.0,0.0
27.902506113052368,0.149875,0.1363875,-0.30993,95.0,20,0,-20.0,-20.0,-20.0,0.0,0.0,20.0,0.0,0.0
27.97850513458252,0.149875,0.136575,-0.30993,95.0,20,0,-20.0,-20.0,-20.0,0.0,0.0,20.0,0.0,0.0
28.05760931968689,0.14988749999999998,0.13676249999999998,-0.30993,95.0,20,0,-20.0,-20.0,-20.0,0.0,0.0,20.0,0.0,0.0
28.136608362197876,0.14988749999999998,0.1369375,-0.30993,95.0,20,0,-20.0,-20.0,-20.0,0.0,0.0,20.0,0.0,0.0
28.213650226593018,0.14989999999999998,0.137125,-0.30994,95.0,20,0,-20.0,-20.0,-20.0,0.0,0.0,20.0,0.0,0.0
28.29060935974121,0.14989999999999998,0.1373,-0.30994,95.0,20,0,-20.0,-20.0,-20.0,0.0,0.0,20.0,0.0,0.0
28.391608238220215,0.14989999999999998,0.137475,-0.30994,95.0,20,0,-20.0,-20.0,-20.0,0.0,0.0,20.0,0.0,0.0
28.470610857009888,0.14991250000000003,0.13764999999999997,-0.30994,95.0,20,0,-20.0,-20.0,-20.0,0.0,0.0,20.0,0.0,0.0
28.549610376358032,0.14991250000000003,0.13782499999999998,-0.30995,95.0,20,0,-20.0,-20.0,-20.0,0.0,0.0,20.0,0.0,0.0
28.627626657485962,0.14991250000000003,0.13797500000000001,-0.30995,95.0,20,0,-20.0,-20.0,-20.0,0.0,0.0,20.0,0.0,0.0
28.70661163330078,0.149925,0.13814999999999997,-0.30995,95.0,20,0,-20.0,-20.0,-20.0,0.0,0.0,20.0,0.0,0.0
28.78460931777954,0.149925,0.1383125,-0.30995,95.0,20,0,-20.0,-20.0,-20.0,0.0,0.0,20.0,0.0,0.0
28.86261010169983,0.149925,0.13847500000000001,-0.30995,95.0,20,0,-20.0,-20.0,-20.0,0.0,0.0,20.0,0.0,0.0
28.942615270614624,0.149925,0.138625,-0.30995999999999996,95.0,20,0,-20.0,-20.0,-20.0,0.0,0.0,20.0,0.0,0.0
29.019609928131104,0.149925,0.13877499999999998,-0.30995999999999996,95.0,20,0,-20.0,-20.0,-20.0,0.0,0.0,20.0,0.0,0.0
29.099618196487427,0.149925,0.1389375,-0.30995999999999996,95.0,20,0,-20.0,-20.0,-20.0,0.0,0.0,20.0,0.0,0.0
29.17561149597168,0.1499375,0.13908749999999998,-0.30995999999999996,95.0,20,0,-20.0,-20.0,-20.0,0.0,0.0,20.0,0.0,0.0
29.25261878967285,0.1499375,0.13923750000000001,-0.30995999999999996,95.0,20,0,-20.0,-20.0,-20.0,0.0,0.0,20.0,0.0,0.0
29.330607175827026,0.1499375,0.1393875,-0.30995999999999996,95.0,20,0,-20.0,-20.0,-20.0,0.0,0.0,20.0,0.0,0.0
29.41061282157898,0.1499375,0.13952499999999998,-0.30997,95.0,20,0,-20.0,-20.0,-20.0,0.0,0.0,20.0,0.0,0.0
29.52460789680481,0.14995,0.13967500000000002,-0.30997,95.0,20,0,-20.0,-20.0,-20.0,0.0,0.0,20.0,0.0,0.0
29.603615283966064,0.14995,0.13982499999999998,-0.30997,95.0,20,0,-20.0,-20.0,-20.0,0.0,0.0,20.0,0.0,0.0
29.683607578277588,0.14995,0.1399625,-0.30997,95.0,20,0,-20.0,-20.0,-20.0,0.0,0.0,20.0,0.0,0.0
29.762608528137207,0.14995,0.14008749999999998,-0.30997,95.0,20,0,-20.0,-20.0,-20.0,0.0,0.0,20.0,0.0,0.0
29.840612173080444,0.14995,0.14022500000000002,-0.30997,95.0,20,0,-20.0,-20.0,-20.0,0.0,0.0,20.0,0.0,0.0
29.917606830596924,0.14996249999999997,0.1403625,-0.30997,95.0,20,0,-20.0,-20.0,-20.0,0.0,0.0,20.0,0.0,0.0
29.996634006500244,0.14996249999999997,0.14048750000000002,-0.30997,95.0,20,0,-20.0,-20.0,-20.0,0.0,0.0,20.0,0.0,0.0
30.076607942581177,0.14996249999999997,0.140625,-0.30998000000000003,95.0,20,0,-20.0,-20.0,-20.0,0.0,0.0,20.0,0.0,0.0
30.153609037399292,0.14996249999999997,0.14075,-0.30998000000000003,95.0,20,0,-20.0,-20.0,-20.0,0.0,0.0,20.0,0.0,0.0
30.29423475265503,0.14996249999999997,0.140875,-0.30998000000000003,79.74715042114258,20,0,-20.0,-20.0,-20.0,0.0,0.0,9.351501,10.648499,0.0
30.43622899055481,0.14996249999999997,0.141,-0.30998000000000003,66.35211181640625,20,0,-20.0,-20.0,-20.0,0.0,0.0,0.0,20.0,0.0
30.515234231948853,0.14997500000000002,0.141125,-0.30998000000000003,66.35211181640625,20,0,-20.0,-20.0,-20.0,0.0,0.0,0.0,20.0,0.0
30.594229698181152,0.14997500000000002,0.14125,-0.30998000000000003,66.35211181640625,20,0,-20.0,-20.0,-20.0,0.0,0.0,0.0,20.0,0.0
30.707230806350708,0.14997500000000002,0.141375,-0.30998000000000003,66.35211181640625,20,0,-20.0,-20.0,-20.0,0.0,0.0,0.0,20.0,0.0
30.786232709884644,0.14997500000000002,0.14148750000000002,-0.30998000000000003,66.35211181640625,20,0,-20.0,-20.0,-20.0,0.0,0.0,0.0,20.0,0.0
30.86523175239563,0.14997500000000002,0.14160000000000003,-0.30998000000000003,66.35211181640625,20,0,-20.0,-20.0,-20.0,0.0,0.0,0.0,20.0,0.0
30.944231510162354,0.14997500000000002,0.14172500000000002,-0.30998000000000003,66.35211181640625,20,0,-20.0,-20.0,-20.0,0.0,0.0,0.0,20.0,0.0
31.022236108779907,0.14997500000000002,0.14182499999999998,-0.30998000000000003,66.35211181640625,20,0,-20.0,-20.0,-20.0,0.0,0.0,0.0,20.0,0.0
31.102250337600708,0.14997500000000002,0.1419375,-0.30998000000000003,66.35211181640625,20,0,-20.0,-20.0,-20.0,0.0,0.0,0.0,20.0,0.0
31.180127382278442,0.14997500000000002,0.14205,-0.30998000000000003,66.35211181640625,0,0,-20.0,-20.0,-20.0,0.0,0.0,0.0,20.0,0.0
31.255122661590576,0.14997500000000002,0.14216250000000002,-0.30999,66.35211181640625,0,0,0.0,0.0,0.0,-20.0,-20.0,-20.0,0.0,20.0
31.33211851119995,0.14997500000000002,0.14216250000000002,-0.30985250000000003,66.35211181640625,0,1,0.0,0.0,0.0,-20.0,-20.0,-20.0,0.0,20.0
31.42913031578064,0.14997500000000002,0.1421875,-0.30913999999999997,66.35211181640625,0,2,0.0,0.0,0.0,-20.0,-20.0,-20.0,0.0,20.0
31.507639408111572,0.14997500000000002,0.14223750000000002,-0.3074825,66.35211181640625,0,3,0.0,0.0,0.0,-20.0,-20.0,0.0,-20.0,20.0
31.587651014328003,0.14997500000000002,0.1422625,-0.30644,66.35211181640625,0,4,0.0,0.0,0.0,-20.0,-20.0,0.0,-20.0,20.0
31.663640022277832,0.14997500000000002,0.14227499999999998,-0.3059925,66.35211181640625,0,5,0.0,0.0,0.0,-20.0,-20.0,0.0,-20.0,20.0
31.784804344177246,0.14997500000000002,0.1422875,-0.30546749999999995,66.35211181640625,0,5,0.0,0.0,0.0,-20.0,-20.0,0.0,-20.0,20.0
31.887794733047485,0.14997500000000002,0.14233749999999998,-0.3036875,66.35211181640625,0,6,0.0,0.0,0.0,-20.0,-20.0,0.0,-20.0,20.0
31.982802629470825,0.14997500000000002,0.14239999999999997,-0.301245,66.35211181640625,0,6,0.0,0.0,0.0,-20.0,-20.0,0.0,-20.0,20.0
32.07879614830017,0.14997500000000002,0.14248750000000002,-0.29802999999999996,66.35211181640625,0,6,0.0,0.0,0.0,-20.0,-20.0,0.0,-20.0,20.0
32.17480397224426,0.14997500000000002,0.14258749999999998,-0.294685,66.35211181640625,0,6,0.0,0.0,0.0,-20.0,-20.0,0.0,-20.0,20.0
32.27180099487305,0.14997500000000002,0.1426875,-0.29134,66.35211181640625,0,6,0.0,0.0,0.0,-20.0,-20.0,0.0,-20.0,20.0
32.36680459976196,0.14997500000000002,0.1428,-0.28795,66.35211181640625,0,6,0.0,0.0,0.0,-20.0,-20.0,0.0,-20.0,20.0
32.462817668914795,0.14997500000000002,0.14289999999999997,-0.28464999999999996,66.35211181640625,0,6,0.0,0.0,0.0,-20.0,-20.0,0.0,-20.0,20.0
32.56079578399658,0.14997500000000002,0.143,-0.281265,66.35211181640625,0,6,0.0,0.0,0.0,-20.0,-20.0,0.0,-20.0,20.0
32.654802083969116,0.14997500000000002,0.143125,-0.2779,66.35211181640625,0,6,0.0,0.0,0.0,-20.0,-20.0,0.0,-20.0,20.0
32.75581932067871,0.14997500000000002,0.14325,-0.27463,66.35211181640625,0,6,0.0,0.0,0.0,-20.0,-20.0,0.0,-20.0,20.0
32.888800859451294,0.14998750000000002,0.14335000000000003,-0.27171749999999995,66.35211181640625,0,6,0.0,0.0,0.0,-20.0,-20.0,0.0,-20.0,20.0
32.99580192565918,0.14998750000000002,0.14348750000000002,-0.267955,66.35211181640625,0,5,0.0,0.0,0.0,-20.0,-20.0,0.0,-20.0,20.0
33.089800119400024,0.14998750000000002,0.14357499999999998,-0.26546,66.35211181640625,0,5,0.0,0.0,0.0,-20.0,-20.0,0.0,-20.0,20.0
33.18479943275452,0.14998750000000002,0.14367500000000002,-0.263115,66.35211181640625,0,5,0.0,0.0,0.0,-20.0,-20.0,0.0,-20.0,20.0
33.28079676628113,0.14998750000000002,0.143775,-0.260775,66.35211181640625,0,5,0.0,0.0,0.0,-20.0,-20.0,0.0,-20.0,20.0
33.3777961730957,0.14998750000000002,0.1438625,-0.2585125,66.35211181640625,0,5,0.0,0.0,0.0,-20.0,-20.0,0.0,-20.0,20.0
33.471325635910034,0.14998750000000002,0.14396249999999997,-0.25640250000000003,66.35211181640625,0,5,0.0,0.0,0.0,-20.0,-20.0,0.0,-20.0,20.0
33.55384850502014,0.14998750000000002,0.1440375,-0.254435,66.35211181640625,0,5,0.0,0.0,0.0,-20.0,-20.0,0.0,-20.0,20.0
33.6498498916626,0.14998750000000002,0.1441125,-0.252715,66.35211181640625,0,5,0.0,0.0,0.0,-20.0,-20.0,0.0,-20.0,20.0
33.72685527801514,0.14998750000000002,0.14422500000000002,-0.2507875,66.35211181640625,0,5,0.0,0.0,0.0,-20.0,-20.0,0.0,-20.0,20.0
33.80784726142883,0.14998750000000002,0.1442875,-0.2492425,66.35211181640625,0,5,0.0,0.0,0.0,-20.0,-20.0,0.0,-20.0,20.0
33.9048433303833,0.14998750000000002,0.1443625,-0.2476675,66.35211181640625,0,5,0.0,0.0,0.0,-20.0,-20.0,0.0,-20.0,20.0
34.01984739303589,0.14998750000000002,0.14446249999999997,-0.2458575,66.35211181640625,0,4,0.0,0.0,0.0,-20.0,-20.0,0.0,-20.0,20.0
34.122846603393555,0.14998750000000002,0.14458749999999998,-0.24353,66.35211181640625,0,4,0.0,0.0,0.0,-20.0,-20.0,0.0,-20.0,20.0
34.21784520149231,0.14998750000000002,0.144675,-0.24185250000000003,66.35211181640625,0,3,0.0,0.0,0.0,-20.0,-20.0,0.0,-20.0,20.0
34.314852476119995,0.14998750000000002,0.144775,-0.240195,66.35211181640625,0,3,0.0,0.0,0.0,-20.0,-20.0,0.0,-20.0,20.0
34.40884232521057,0.14998750000000002,0.144875,-0.23851999999999998,66.35211181640625,0,3,0.0,0.0,0.0,-20.0,-20.0,0.0,-20.0,20.0
34.50485563278198,0.14998750000000002,0.14496249999999997,-0.236975,66.35211181640625,0,2,18.387566,0.0,0.0,-20.0,-1.6124344,-18.387566,-20.0,1.6124344
34.59984517097473,0.14998750000000002,0.1450625,-0.2354225,66.35211181640625,0,2,20.0,0.0,0.0,-20.0,0.0,-20.0,-20.0,0.0
34.69586253166199,0.1492625,0.1448625,-0.23379000000000003,66.35211181640625,0,2,20.0,0.0,0.0,-20.0,0.0,-20.0,-20.0,0.0
34.79384732246399,0.1477625,0.1443625,-0.23135250000000002,66.35211181640625,0,3,20.0,0.0,0.0,-20.0,0.0,-20.0,-20.0,0.0
34.874393463134766,0.14598750000000002,0.143775,-0.2284675,66.35211181640625,0,4,20.0,0.0,0.0,-20.0,0.0,-20.0,-20.0,0.0
34.953930616378784,0.144925,0.14342500000000002,-0.2267475,66.35211181640625,0,5,20.0,0.0,0.0,-20.0,0.0,-20.0,-20.0,0.0
35.02992916107178,0.1442625,0.1432,-0.2256775,66.35211181640625,0,6,20.0,0.0,0.0,-20.0,0.0,-20.0,-20.0,0.0
35.13301467895508,0.14398750000000002,0.1431125,-0.2252375,66.35211181640625,0,7,20.0,0.0,0.0,-20.0,0.0,-20.0,-20.0,0.0
35.231009006500244,0.14347500000000002,0.1429375,-0.22442,66.35211181640625,0,7,20.0,0.0,0.0,-20.0,0.0,-20.0,-20.0,0.0
35.311009883880615,0.1426125,0.14264999999999997,-0.2230875,66.35211181640625,0,8,20.0,0.0,0.0,-20.0,0.0,-20.0,-20.0,0.0
35.410013914108276,0.14135000000000003,0.14221249999999996,-0.22111,66.35211181640625,0,9,20.0,0.0,0.0,-20.0,0.0,-20.0,-20.0,0.0
35.47900986671448,0.13927499999999998,0.14151249999999999,-0.217865,66.35211181640625,0,10,20.0,0.0,0.0,-20.0,0.0,-20.0,-20.0,0.0
35.56101393699646,0.1377375,0.14097500000000002,-0.21547,66.35211181640625,0,9,20.0,0.0,0.0,-20.0,0.0,-20.0,-20.0,0.0
35.63402557373047,0.13591250000000002,0.14033749999999998,-0.21259999999999998,66.35211181640625,0,10,20.0,0.0,0.0,-20.0,0.0,-20.0,-20.0,0.0
35.70401430130005,0.1343,0.13977499999999998,-0.21007499999999998,66.35211181640625,0,10,20.0,0.0,0.0,-20.0,0.0,-20.0,-20.0,0.0
35.775015354156494,0.13275,0.13923750000000001,-0.20763,66.35211181640625,0,10,20.0,0.0,0.0,-20.0,0.0,-20.0,-20.0,0.0
35.872010946273804,0.13116250000000002,0.13866250000000002,-0.205155,66.35211181640625,0,9,20.0,0.0,0.0,-20.0,0.0,-20.0,-20.0,0.0
35.94101858139038,0.129,0.1378875,-0.201775,66.35211181640625,0,10,20.0,0.0,0.0,-20.0,0.0,-20.0,-20.0,0.0
36.01102614402771,0.12747500000000003,0.13733749999999997,-0.19938,66.35211181640625,0,10,20.0,0.0,0.0,-20.0,0.0,-20.0,-20.0,0.0
36.10801100730896,0.12589999999999998,0.13676249999999998,-0.196935,66.35211181640625,0,9,20.0,0.0,0.0,-20.0,0.0,-20.0,-20.0,0.0
36.17801260948181,0.12375,0.1359625,-0.19356,66.35211181640625,0,10,20.0,0.0,0.0,-20.0,0.0,-20.0,-20.0,0.0
36.307011127471924,0.12201249999999998,0.1353125,-0.190845,66.35211181640625,0,9,20.0,0.0,0.0,-20.0,0.0,-20.0,-20.0,0.0
36.387012004852295,0.11910000000000003,0.13421249999999998,-0.18630000000000002,66.35211181640625,0,10,20.0,0.0,0.0,-20.0,0.0,-20.0,-20.0,0.0
36.45903134346008,0.11752499999999998,0.13361250000000002,-0.183825,66.35211181640625,0,10,20.0,0.0,0.0,-20.0,0.0,-20.0,-20.0,0.0
36.55601501464844,0.11591250000000003,0.1329875,-0.18130000000000002,66.35211181640625,0,9,20.0,0.0,0.0,-20.0,0.0,-20.0,-20.0,0.0
36.62401008605957,0.11377499999999997,0.13215,-0.177965,66.35211181640625,0,10,20.0,0.0,0.0,-20.0,0.0,-20.0,-20.0,0.0
36.72102928161621,0.11223750000000002,0.13155,-0.17555500000000002,66.35211181640625,0,9,20.0,0.0,0.0,-20.0,0.0,-20.0,-20.0,0.0
36.79201936721802,0.11008749999999998,0.1306875,-0.1722,66.35211181640625,0,10,20.0,0.0,0.0,-20.0,0.0,-20.0,-20.0,0.0
36.861011028289795,0.10851249999999998,0.1300625,-0.16973,66.35211181640625,0,10,20.0,0.0,0.0,-20.0,0.0,-20.0,-20.0,0.0
36.95801281929016,0.10697500000000003,0.1294375,-0.16733,66.35211181640625,0,9,20.0,0.0,0.0,-20.0,0.0,-20.0,-20.0,0.0
37.03001070022583,0.10480000000000002,0.12853750000000003,-0.16391999999999998,66.35211181640625,0,10,20.0,0.0,0.0,-20.0,0.0,-20.0,-20.0,0.0
37.12701988220215,0.10319999999999999,0.127875,-0.161415,66.35211181640625,0,9,20.0,0.0,0.0,-20.0,0.0,-20.0,-20.0,0.0
37.19901442527771,0.10103750000000002,0.12696249999999998,-0.15803999999999999,66.35211181640625,0,10,20.0,0.0,0.0,-20.0,0.0,-20.0,-20.0,0.0
37.279008626937866,0.0994375,0.12627499999999997,-0.155525,66.35211181640625,0,9,20.0,0.0,0.0,-20.0,0.0,-20.0,-20.0,0.0
37.37801122665405,0.09764999999999997,0.1255,-0.152735,66.35211181640625,0,10,20.0,0.0,0.0,-20.0,0.0,-20.0,-20.0,0.0
37.51007699966431,0.09513749999999999,0.12441250000000002,-0.14882499999999999,66.35211181640625,0,9,20.0,0.0,0.0,-20.0,0.0,-20.0,-20.0,0.0
37.578075647354126,0.09251249999999998,0.12322500000000003,-0.14472,66.35211181640625,0,10,20.0,0.0,0.0,-20.0,0.0,-20.0,-20.0,0.0
37.64807605743408,0.091,0.12253750000000002,-0.142345,66.35211181640625,0,10,20.0,0.0,0.0,-20.0,0.0,-20.0,-20.0,0.0
37.71607685089111,0.089425,0.12182499999999999,-0.13988,66.35211181640625,0,10,20.0,0.0,0.0,-20.0,0.0,-20.0,-20.0,0.0
37.81308197975159,0.08791250000000002,0.121125,-0.137505,66.35211181640625,0,9,20.0,0.0,0.0,-20.0,0.0,-20.0,-20.0,0.0
37.88407874107361,0.08575,0.1200625,-0.13413,66.35211181640625,0,10,20.0,0.0,0.0,-20.0,0.0,-20.0,-20.0,0.0
37.9551146030426,0.08417500000000001,0.11930000000000002,-0.131665,66.35211181640625,0,10,20.0,0.0,0.0,-20.0,0.0,-20.0,-20.0,0.0
38.02608323097229,0.08258749999999998,0.11851249999999999,-0.12916999999999998,66.35211181640625,0,10,20.0,0.0,0.0,-20.0,0.0,-20.0,-20.0,0.0
38.09809160232544,0.08101249999999999,0.11775,-0.126715,66.35211181640625,0,10,20.0,0.0,0.0,-20.0,0.0,-20.0,-20.0,0.0
38.168179750442505,0.07941250000000002,0.11696249999999998,-0.12420500000000001,66.35211181640625,0,10,20.0,0.0,0.0,-20.0,0.0,-20.0,-20.0,0.0
38.24018573760986,0.07783749999999998,0.11619999999999998,-0.12175,66.35211181640625,0,10,20.0,0.0,0.0,-20.0,0.0,-20.0,-20.0,0.0
38.31218481063843,0.07623750000000001,0.11541250000000003,-0.119245,66.35211181640625,0,10,20.0,0.0,0.0,-20.0,0.0,-20.0,-20.0,0.0
38.408201932907104,0.0746375,0.1146125,-0.11675,66.35211181640625,0,9,20.0,0.0,0.0,-20.0,0.0,-20.0,-20.0,0.0
38.48118495941162,0.0725,0.11346249999999998,-0.11338999999999999,66.35211181640625,0,10,20.0,0.0,0.0,-20.0,0.0,-20.0,-20.0,0.0
38.56018042564392,0.070875,0.11258749999999998,-0.110865,66.35211181640625,0,10,20.0,0.0,0.0,-20.0,0.0,-20.0,-20.0,0.0
38.65619349479675,0.06883749999999998,0.11148750000000002,-0.10765999999999999,66.35211181640625,0,10,20.0,0.0,0.0,-20.0,0.0,-20.0,-20.0,0.0
38.7301881313324,0.0668625,0.11042500000000001,-0.10458,66.35211181640625,0,10,20.0,0.0,0.0,-20.0,0.0,-20.0,-20.0,0.0
38.80917692184448,0.0653125,0.10955000000000001,-0.102155,66.35211181640625,0,9,20.0,0.0,0.0,-20.0,0.0,-20.0,-20.0,0.0
38.87617468833923,0.06358749999999998,0.1085625,-0.09944999999999998,66.35211181640625,0,10,20.0,0.0,0.0,-20.0,0.0,-20.0,-20.0,0.0
38.94717621803284,0.06207499999999999,0.1076875,-0.09709999999999999,66.35211181640625,0,10,20.0,0.0,0.0,-20.0,0.0,-20.0,-20.0,0.0
39.0451774597168,0.060487500000000013,0.10675,-0.094615,66.35211181640625,0,9,20.0,0.0,0.0,-20.0,0.0,-20.0,-20.0,0.0
39.1161789894104,0.05832499999999999,0.10541250000000002,-0.091225,66.35211181640625,0,10,20.0,0.0,0.0,-20.0,0.0,-20.0,-20.0,0.0
39.18818640708923,0.05675,0.1044375,-0.08875999999999999,66.35211181640625,0,10,20.0,0.0,0.0,-20.0,0.0,-20.0,-20.0,0.0
39.25918626785278,0.05511250000000001,0.10342500000000002,-0.08621000000000001,66.35211181640625,0,10,20.0,0.0,0.0,-20.0,0.0,-20.0,-20.0,0.0
39.35518288612366,0.0535625,0.1024375,-0.08377000000000001,66.35211181640625,0,9,20.0,0.0,0.0,-20.0,0.0,-20.0,-20.0,0.0
39.42417788505554,0.05139999999999998,0.10101249999999999,-0.08038999999999999,66.35211181640625,0,10,20.0,0.0,0.0,-20.0,0.0,-20.0,-20.0,0.0
39.49919629096985,0.04986250000000001,0.1,-0.07798500000000001,66.35211181640625,0,10,20.0,0.0,0.0,-20.0,0.0,-20.0,-20.0,0.0
39.57918095588684,0.04817500000000001,0.0988125,-0.07536000000000001,66.35211181640625,0,9,20.0,0.0,0.0,-20.0,0.0,-20.0,-20.0,0.0
39.64917802810669,0.04642500000000001,0.097575,-0.07261500000000001,66.35211181640625,0,10,20.0,0.0,0.0,-20.0,0.0,-20.0,-20.0,0.0
39.74617648124695,0.044862500000000013,0.09648750000000002,-0.07017500000000002,66.35211181640625,0,10,20.0,0.0,0.0,-20.0,0.0,-20.0,-20.0,0.0
39.878177881240845,0.04241250000000002,0.09467500000000001,-0.066335,66.35211181640625,0,9,20.0,0.0,0.0,-20.0,0.0,-20.0,-20.0,0.0
39.974175453186035,0.039762499999999985,0.09263749999999998,-0.06219499999999999,66.35211181640625,0,9,20.0,0.0,0.0,-20.0,0.0,-20.0,-20.0,0.0
40.043179988861084,0.037612500000000014,0.09091250000000002,-0.05883499999999998,66.35211181640625,0,10,20.0,0.0,0.0,-20.0,0.0,-20.0,-20.0,0.0
40.14018273353577,0.03607499999999999,0.0896375,-0.05643000000000001,66.35211181640625,0,9,20.0,0.0,0.0,-20.0,0.0,-20.0,-20.0,0.0
40.23718023300171,0.033900000000000007,0.0877625,-0.05303500000000003,66.35211181640625,0,9,20.0,0.0,0.0,-20.0,0.0,-20.0,-20.0,0.0
40.30817914009094,0.03175,0.0858125,-0.04967000000000001,66.35211181640625,0,10,20.0,0.0,0.0,-20.0,0.0,-20.0,-20.0,0.0
40.38117861747742,0.030150000000000007,0.08435000000000002,-0.04717000000000002,66.35211181640625,0,10,20.0,0.0,0.0,-20.0,0.0,-20.0,-20.0,0.0
40.47617769241333,0.028537499999999993,0.08276249999999999,-0.044649999999999974,66.35211181640625,0,9,20.0,0.0,0.0,-20.0,0.0,-20.0,-20.0,0.0
40.54817605018616,0.02642500000000001,0.0805,-0.04134500000000003,66.35211181640625,0,10,20.0,0.0,0.0,-20.0,0.0,-20.0,-20.0,0.0
40.6191782951355,0.024849999999999994,0.07880000000000001,-0.03887,66.35211181640625,0,10,20.0,0.0,0.0,-20.0,0.0,-20.0,-20.0,0.0
40.689175605773926,0.02323750000000001,0.07708749999999998,-0.03636500000000001,66.35211181640625,0,10,20.0,0.0,0.0,-20.0,0.0,-20.0,-20.0,0.0
40.761186599731445,0.0216875,0.075425,-0.03392500000000001,66.35211181640625,0,10,20.0,0.0,0.0,-20.0,0.0,-20.0,-20.0,0.0
40.860182762145996,0.020112500000000012,0.07352499999999998,-0.03145999999999998,66.35211181640625,0,9,20.0,0.0,0.0,-20.0,0.0,-20.0,-20.0,0.0
40.95417928695679,0.01825,0.07114999999999998,-0.028547500000000014,66.35211181640625,0,10,20.0,0.0,0.0,-20.0,0.0,-20.0,-20.0,0.0
41.03018403053284,0.017337500000000006,0.06997500000000002,-0.02711250000000001,66.35211181640625,0,10,20.0,0.0,0.0,-20.0,0.0,-20.0,-20.0,0.0
41.125176429748535,0.016737500000000013,0.06914999999999998,-0.026182500000000004,66.35211181640625,0,9,20.0,0.0,0.0,-20.0,0.0,-20.0,-20.0,0.0
41.19417667388916,0.015637499999999988,0.06757499999999998,-0.02445999999999998,66.35211181640625,0,10,20.0,0.0,0.0,-20.0,0.0,-20.0,-20.0,0.0
41.28817963600159,0.015112500000000011,0.06680000000000001,-0.0236275,66.35211181640625,0,9,20.0,0.0,0.0,-20.0,0.0,-20.0,-20.0,0.0
41.35917806625366,0.014087500000000006,0.0652,-0.022032500000000028,66.35211181640625,0,10,20.0,0.0,0.0,-20.0,0.0,-20.0,-20.0,0.0
41.43018555641174,0.013275000000000006,0.0639375,-0.02077249999999998,66.35211181640625,0,10,20.0,0.0,0.0,-20.0,0.0,-20.0,-20.0,0.0
41.52518558502197,0.012724999999999995,0.06305000000000001,-0.01991500000000002,66.35211181640625,0,9,20.0,0.0,0.0,-20.0,0.0,-20.0,-20.0,0.0
41.59417915344238,0.011787499999999994,0.06141250000000002,-0.018432500000000004,66.35211181640625,0,10,20.0,0.0,0.0,-20.0,0.0,-20.0,-20.0,0.0
41.69017815589905,0.0113125,0.0605625,-0.017680000000000008,66.35211181640625,0,9,20.0,0.0,0.0,-20.0,0.0,-20.0,-20.0,0.0
41.761181116104126,0.0103125,0.0586875,-0.016125,66.35211181640625,0,10,20.0,0.0,0.0,-20.0,0.0,-20.0,-20.0,0.0
41.857178688049316,0.0094375,0.05698750000000001,-0.014769999999999981,66.35211181640625,0,8,20.0,0.0,0.0,-20.0,0.0,-20.0,-20.0,0.0
41.954185247421265,0.008637499999999989,0.0553125,-0.013517499999999984,66.35211181640625,0,8,20.0,0.0,0.0,-20.0,0.0,-20.0,-20.0,0.0
42.05617833137512,0.007800000000000012,0.053399999999999975,-0.0121875,66.35211181640625,0,8,20.0,0.0,0.0,-20.0,0.0,-20.0,-20.0,0.0
42.15618872642517,0.007162499999999994,0.05186250000000001,-0.011204999999999984,66.35211181640625,0,8,0.0,20.0,0.0,0.0,-20.0,-20.0,-20.0,0.0
42.25017762184143,0.006375,0.04989999999999998,-0.009982500000000016,66.35211181640625,0,9,0.0,20.0,0.0,0.0,-20.0,-20.0,-20.0,0.0
42.32917833328247,0.005887499999999988,0.04855000000000001,-0.009204999999999984,66.35211181640625,0,9,0.0,20.0,0.0,0.0,-20.0,-20.0,-20.0,0.0
42.42418050765991,0.0053499999999999945,0.04701249999999999,-0.008360000000000013,66.35211181640625,0,9,0.0,20.0,0.0,0.0,-20.0,-20.0,-20.0,0.0
42.5181782245636,0.004762499999999989,0.0451875,-0.007439999999999998,66.35211181640625,0,9,0.0,20.0,0.0,0.0,-20.0,-20.0,-20.0,0.0
42.61418175697327,0.004162499999999994,0.04321249999999998,-0.006509999999999991,66.35211181640625,0,9,0.0,20.0,0.0,0.0,-20.0,-20.0,-20.0,0.0
42.707178592681885,0.0035999999999999943,0.04117500000000001,-0.005644999999999982,66.35211181640625,0,7,0.0,20.0,0.0,0.0,-20.0,-20.0,-20.0,0.0
42.8031861782074,0.0032874999999999944,0.03992500000000001,-0.005154999999999973,66.35211181640625,0,6,0.0,20.0,0.0,0.0,-20.0,-20.0,-20.0,0.0
42.896177768707275,0.0028874999999999886,0.03822500000000002,-0.00452249999999998,66.35211181640625,0,4,0.0,20.0,0.0,0.0,-20.0,-20.0,-20.0,0.0
42.97617721557617,0.0025,0.03641250000000002,-0.003922500000000014,66.35211181640625,0,1,0.0,20.0,0.0,0.0,-20.0,-20.0,-20.0,0.0
43.05318307876587,0.0023499999999999945,0.03566249999999999,-0.0036899999999999975,66.35211181640625,0,1,0.0,20.0,0.0,0.0,-20.0,-20.0,-20.0,0.0
43.1391806602478,0.00225,0.03513749999999999,-0.003527499999999975,66.35211181640625,0,1,0.0,20.0,0.0,0.0,-20.0,-20.0,-20.0,0.0
43.236178159713745,0.0021500000000000056,0.03457499999999999,-0.0033600000000000136,66.35211181640625,0,0,0.0,20.0,0.0,0.0,-20.0,-20.0,-20.0,0.0
43.31417536735535,0.0020625,0.03408750000000001,-0.003230000000000018,66.35211181640625,0,0,0.0,20.0,0.0,0.0,-20.0,-20.0,-20.0,0.0
43.393179178237915,0.0019875000000000114,0.03367500000000001,-0.0031125000000000115,66.35211181640625,0,1,0.0,20.0,0.0,0.0,-20.0,-20.0,-20.0,0.0
43.47117829322815,0.0019000000000000056,0.0331875,-0.0029750000000000228,66.35211181640625,0,1,0.0,20.0,0.0,0.0,-20.0,-20.0,-20.0,0.0
43.54918169975281,0.0018249999999999885,0.032712500000000005,-0.0028600000000000136,66.35211181640625,0,0,0.0,20.0,0.0,0.0,-20.0,-20.0,-20.0,0.0
43.62818145751953,0.00175,0.0322875,-0.0027450000000000044,66.35211181640625,0,1,0.0,20.0,0.0,0.0,-20.0,-20.0,-20.0,0.0
43.706210136413574,0.0016750000000000113,0.031824999999999985,-0.0026299999999999956,66.35211181640625,0,0,0.0,20.0,0.0,0.0,-20.0,-20.0,-20.0,0.0
43.783228635787964,0.001625,0.03138749999999999,-0.002529999999999973,66.35211181640625,0,0,0.0,20.0,0.0,0.0,-20.0,-20.0,-20.0,0.0
43.860220193862915,0.0015500000000000114,0.030962500000000007,-0.002430000000000007,66.35211181640625,0,0,0.0,20.0,0.0,0.0,-20.0,-20.0,-20.0,0.0
43.93721914291382,0.0014875000000000114,0.030525000000000007,-0.002329999999999984,66.35211181640625,0,0,0.0,20.0,0.0,0.0,-20.0,-20.0,-20.0,0.0
44.01823902130127,0.0014250000000000113,0.03011250000000001,-0.002240000000000009,66.35211181640625,0,0,0.0,20.0,0.0,0.0,-20.0,-20.0,-20.0,0.0
44.11221885681152,0.001375,0.02969999999999999,-0.0021499999999999774,66.35211181640625,0,0,0.0,20.0,0.0,0.0,-20.0,-20.0,-20.0,0.0
44.19074845314026,0.0013249999999999887,0.029287499999999994,-0.0020600000000000024,66.35211181640625,0,0,0.0,20.0,0.0,0.0,-20.0,-20.0,-20.0,0.0
44.291749238967896,0.0012624999999999887,0.02888749999999999,-0.001980000000000018,66.35211181640625,0,0,0.0,20.0,0.0,0.0,-20.0,-20.0,-20.0,0.0
44.370282888412476,0.0012125000000000057,0.0285,-0.0018999999999999772,66.35211181640625,0,0,0.0,20.0,0.0,0.0,-20.0,-20.0,-20.0,0.0
44.44827651977539,0.0011750000000000113,0.028112500000000012,-0.0018199999999999933,66.35211181640625,0,0,0.0,20.0,0.0,0.0,-20.0,-20.0,-20.0,0.0
44.52627897262573,0.001125,0.027724999999999993,-0.00175,66.35211181640625,0,0,0.0,20.0,0.0,0.0,-20.0,-20.0,-20.0,0.0
44.60628938674927,0.0010749999999999887,0.027337500000000004,-0.0016800000000000068,66.35211181640625,0,0,0.0,20.0,0.0,0.0,-20.0,-20.0,-20.0,0.0
44.686299562454224,0.0010250000000000057,0.026974999999999996,-0.0016100000000000135,66.35211181640625,0,0,0.0,20.0,0.0,0.0,-20.0,-20.0,-20.0,0.0
44.76728320121765,0.0009875000000000114,0.026599999999999995,-0.0015500000000000114,66.35211181640625,0,0,0.0,20.0,0.0,0.0,-20.0,-20.0,-20.0,0.0
44.84527945518494,0.0009499999999999886,0.026224999999999995,-0.0014900000000000091,66.35211181640625,0,0,0.0,20.0,0.0,0.0,-20.0,-20.0,-20.0,0.0
44.92328715324402,0.0009124999999999943,0.025875,-0.0014300000000000068,66.35211181640625,0,0,0.0,20.0,0.0,0.0,-20.0,-20.0,-20.0,0.0
45.005290269851685,0.000875,0.025525000000000006,-0.0013700000000000045,66.35211181640625,0,0,0.0,20.0,0.0,0.0,-20.0,-20.0,-20.0,0.0
45.08427834510803,0.0008375000000000057,0.02517500000000001,-0.0013100000000000024,66.35211181640625,0,0,0.0,20.0,0.0,0.0,-20.0,-20.0,-20.0,0.0
45.1632878780365,0.0008125,0.02482499999999999,-0.001259999999999991,66.35211181640625,0,0,0.0,20.0,0.0,0.0,-20.0,-20.0,-20.0,0.0
45.242281436920166,0.0007750000000000057,0.024487500000000013,-0.0012099999999999795,66.35211181640625,0,0,0.0,20.0,0.0,0.0,-20.0,-20.0,-20.0,0.0
45.318278312683105,0.0007375000000000114,0.024150000000000005,-0.001160000000000025,66.35211181640625,0,0,0.0,20.0,0.0,0.0,-20.0,-20.0,-20.0,0.0
45.43027877807617,0.0007125000000000057,0.02382499999999999,-0.0011200000000000045,66.35211181640625,0,0,0.0,20.0,0.0,0.0,-20.0,-20.0,-20.0,0.0
45.5102813243866,0.0006875,0.023487500000000012,-0.0010699999999999933,66.35211181640625,0,0,0.0,20.0,0.0,0.0,-20.0,-20.0,-20.0,0.0
45.58781027793884,0.0006624999999999944,0.02317500000000001,-0.0010299999999999728,66.35211181640625,0,0,0.0,20.0,0.0,0.0,-20.0,-20.0,-20.0,0.0
45.66581058502197,0.000625,0.022849999999999995,-0.000990000000000009,66.35211181640625,0,0,0.0,20.0,0.0,0.0,-20.0,-20.0,-20.0,0.0
45.74480986595154,0.0006125000000000114,0.022537499999999995,-0.0009499999999999886,66.35211181640625,0,0,0.0,20.0,0.0,0.0,-20.0,-20.0,-20.0,0.0
45.823814392089844,0.0005749999999999886,0.022224999999999995,-0.000910000000000025,66.35211181640625,0,0,0.0,20.0,0.0,0.0,-20.0,-20.0,-20.0,0.0
45.90282130241394,0.0005625,0.02192500000000001,-0.0008700000000000046,66.35211181640625,0,0,0.0,20.0,0.0,0.0,-20.0,-20.0,-20.0,0.0
45.98082113265991,0.0005374999999999944,0.021625,-0.000839999999999975,66.35211181640625,0,0,0.0,20.0,0.0,0.0,-20.0,-20.0,-20.0,0.0
46.059818983078,0.0005250000000000057,0.02132499999999999,-0.0008100000000000022,66.35211181640625,0,0,0.0,20.0,0.0,0.0,-20.0,-20.0,-20.0,0.0
46.137818336486816,0.00048750000000001136,0.021037499999999994,-0.0007699999999999819,66.35211181640625,0,0,0.0,20.0,0.0,0.0,-20.0,-20.0,-20.0,0.0
46.21581244468689,0.0004749999999999943,0.02075,-0.0007400000000000091,66.35211181640625,0,0,0.0,20.0,0.0,0.0,-20.0,-20.0,-20.0,0.0
46.294835567474365,0.00046250000000000566,0.020474999999999993,-0.0007099999999999795,66.35211181640625,0,0,0.0,20.0,0.0,0.0,-20.0,-20.0,-20.0,0.0
46.37282681465149,0.0004375,0.0201875,-0.0006800000000000068,66.35211181640625,0,0,0.0,20.0,0.0,0.0,-20.0,-20.0,-20.0,0.0
46.46980905532837,0.00042500000000001136,0.019912499999999993,-0.000660000000000025,66.35211181640625,0,0,0.0,20.0,0.0,0.0,-20.0,-20.0,-20.0,0.0
46.561814308166504,0.0004000000000000057,0.01963749999999999,-0.0006299999999999955,66.35211181640625,0,0,0.0,20.0,0.0,0.0,-20.0,-20.0,-20.0,0.0
46.638811111450195,0.00038749999999998866,0.019375,-0.0006100000000000136,66.35211181640625,0,0,0.0,20.0,0.0,0.0,-20.0,-20.0,-20.0,0.0
46.71682357788086,0.000375,0.019099999999999995,-0.0005799999999999841,66.35211181640625,0,0,0.0,20.0,0.0,0.0,-20.0,-20.0,-20.0,0.0
46.796809673309326,0.00036250000000001136,0.018837500000000007,-0.0005600000000000022,66.35211181640625,0,0,0.0,20.0,0.0,0.0,-20.0,-20.0,-20.0,0.0
46.87381100654602,0.0003375000000000057,0.018574999999999987,-0.0005400000000000205,66.35211181640625,0,0,0.0,20.0,0.0,0.0,-20.0,-20.0,-20.0,0.0
46.949808835983276,0.00032499999999998866,0.018324999999999987,-0.0005099999999999909,66.35211181640625,0,0,0.0,20.0,0.0,0.0,-20.0,-20.0,-20.0,0.0
47.02881050109863,0.00032499999999998866,0.018074999999999987,-0.0004900000000000091,66.35211181640625,0,0,0.0,20.0,0.0,0.0,-20.0,-20.0,-20.0,0.0
47.10782074928284,0.00030000000000001136,0.01782499999999999,-0.0004700000000000273,66.35211181640625,0,0,0.0,20.0,0.0,0.0,-20.0,-20.0,-20.0,0.0
47.18881821632385,0.0002874999999999943,0.017587500000000006,-0.00044999999999998866,66.35211181640625,0,0,0.0,20.0,0.0,0.0,-20.0,-20.0,-20.0,0.0
47.26681137084961,0.0002750000000000057,0.017337500000000006,-0.00043999999999999774,66.35211181640625,0,0,0.0,20.0,0.0,0.0,-20.0,-20.0,-20.0,0.0
47.344807386398315,0.0002750000000000057,0.01711250000000001,-0.0004200000000000159,66.35211181640625,0,0,0.0,20.0,0.0,0.0,-20.0,-20.0,-20.0,0.0
47.423813343048096,0.00026249999999998865,0.016875,-0.00039999999999997725,66.35211181640625,0,0,0.0,20.0,0.0,0.0,-20.0,-20.0,-20.0,0.0
47.50181174278259,0.00025,0.01663749999999999,-0.00038999999999998633,66.35211181640625,0,0,0.0,20.0,0.0,0.0,-20.0,-20.0,-20.0,0.0
47.613810539245605,0.00023750000000001136,0.016412499999999993,-0.00037000000000000455,66.35211181640625,0,0,0.0,20.0,0.0,0.0,-20.0,-20.0,-20.0,0.0
47.69281029701233,0.00022499999999999433,0.0161875,-0.00036000000000001363,66.35211181640625,0,0,0.0,20.0,0.0,0.0,-20.0,-20.0,-20.0,0.0
47.770814418792725,0.00022499999999999433,0.015974999999999993,-0.000339999999999975,66.35211181640625,0,0,0.0,20.0,0.0,0.0,-20.0,-20.0,-20.0,0.0
47.84781622886658,0.00021250000000000568,0.01575,-0.00032999999999998406,66.35211181640625,0,0,0.0,20.0,0.0,0.0,-20.0,-20.0,-20.0,0.0
47.9278199672699,0.00019999999999998863,0.015525000000000006,-0.0003100000000000023,66.35211181640625,0,0,0.0,20.0,0.0,0.0,-20.0,-20.0,-20.0,0.0
48.006810426712036,0.0001875,0.015324999999999988,-0.00030000000000001136,66.35211181640625,0,0,0.0,20.0,0.0,0.0,-20.0,-20.0,-20.0,0.0
48.08581471443176,0.0001875,0.015112500000000011,-0.00029000000000002044,66.35211181640625,0,0,0.0,20.0,0.0,0.0,-20.0,-20.0,-20.0,0.0
48.16581153869629,0.00017500000000001136,0.014900000000000005,-0.0002799999999999727,66.35211181640625,0,0,0.0,20.0,0.0,0.0,-20.0,-20.0,-20.0,0.0
48.24382185935974,0.00017500000000001136,0.014699999999999989,-0.0002699999999999818,66.35211181640625,0,0,0.0,20.0,0.0,0.0,-20.0,-20.0,-20.0,0.0
48.3218207359314,0.00016249999999999433,0.0145,-0.0002599999999999909,66.35211181640625,0,0,0.0,20.0,0.0,0.0,-20.0,-20.0,-20.0,0.0
48.39981198310852,0.00016249999999999433,0.01430000000000001,-0.00025,66.35211181640625,0,0,0.0,20.0,0.0,0.0,-20.0,-20.0,-20.0,0.0
48.47881078720093,0.00015000000000000568,0.014099999999999994,-0.00024000000000000909,66.35211181640625,0,0,0.0,20.0,0.0,0.0,-20.0,-20.0,-20.0,0.0
48.55880904197693,0.00015000000000000568,0.013912499999999994,-0.0002300000000000182,66.35211181640625,0,0,0.0,20.0,0.0,0.0,-20.0,-20.0,-20.0,0.0
48.66081118583679,0.00013749999999998862,0.013724999999999994,-0.00022000000000002728,66.35211181640625,0,0,0.0,20.0,0.0,0.0,-20.0,-20.0,-20.0,0.0
48.75481152534485,0.000125,0.013525000000000006,-0.00020999999999997954,66.35211181640625,0,0,0.0,20.0,0.0,0.0,-20.0,-20.0,-20.0,0.0
48.83380937576294,0.000125,0.013349999999999994,-0.00019999999999998863,66.35211181640625,0,0,0.0,20.0,0.0,0.0,-20.0,-20.0,-20.0,0.0
48.91381239891052,0.000125,0.013162499999999994,-0.00018999999999999773,66.35211181640625,0,0,0.0,20.0,0.0,0.0,-20.0,-20.0,-20.0,0.0
48.99181056022644,0.000125,0.012974999999999993,-0.00018999999999999773,66.35211181640625,0,0,0.0,20.0,0.0,0.0,-20.0,-20.0,-20.0,0.0
49.08782196044922,0.00011250000000001137,0.012800000000000011,-0.00018000000000000681,66.35211181640625,0,0,0.0,20.0,0.0,0.0,-20.0,-20.0,-20.0,0.0
49.16580867767334,0.00011250000000001137,0.012625,-0.00017000000000001592,66.35211181640625,0,0,0.0,20.0,0.0,0.0,-20.0,-20.0,-20.0,0.0
49.24480938911438,9.999999999999431e-05,0.012462500000000005,-0.000160000000000025,66.35211181640625,0,0,0.0,20.0,0.0,0.0,-20.0,-20.0,-20.0,0.0
49.32442879676819,9.999999999999431e-05,0.012287499999999995,-0.000160000000000025,66.35211181640625,0,0,0.0,20.0,0.0,0.0,-20.0,-20.0,-20.0,0.0
49.403958559036255,9.999999999999431e-05,0.012125,-0.00014999999999997727,66.35211181640625,0,0,0.0,20.0,0.0,0.0,-20.0,-20.0,-20.0,0.0
49.48296284675598,8.750000000000568e-05,0.011949999999999988,-0.00014999999999997727,66.35211181640625,0,0,0.0,20.0,0.0,0.0,-20.0,-20.0,-20.0,0.0
49.5614800453186,8.750000000000568e-05,0.011787499999999994,-0.00013999999999998635,66.35211181640625,0,0,0.0,20.0,0.0,0.0,-20.0,-20.0,-20.0,0.0
49.64148497581482,8.750000000000568e-05,0.011625,-0.00012999999999999546,66.35211181640625,0,0,0.0,20.0,0.0,0.0,-20.0,-20.0,-20.0,0.0
49.73348426818848,7.499999999998864e-05,0.011474999999999994,-0.00012999999999999546,66.35211181640625,0,0,0.0,20.0,0.0,0.0,-20.0,-20.0,-20.0,0.0
49.82848310470581,7.499999999998864e-05,0.0113125,-0.00012000000000000454,66.35211181640625,0,0,0.0,20.0,0.0,0.0,-20.0,-20.0,-20.0,0.0
49.90649080276489,7.499999999998864e-05,0.011150000000000005,-0.00012000000000000454,66.35211181640625,0,0,0.0,20.0,0.0,0.0,-20.0,-20.0,-20.0,0.0
49.981484174728394,7.499999999998864e-05,0.011,-0.00011000000000001364,66.35211181640625,0,0,0.0,20.0,0.0,0.0,-20.0,-20.0,-20.0,0.0
50.05848455429077,7.499999999998864e-05,0.010849999999999995,-0.00011000000000001364,66.35211181640625,0,0,0.0,20.0,0.0,0.0,-20.0,-20.0,-20.0,0.0
50.13548445701599,7.499999999998864e-05,0.010699999999999989,-0.00010000000000002273,66.35211181640625,0,0,0.0,20.0,0.0,0.0,-20.0,-20.0,-20.0,0.0
50.21349287033081,6.25e-05,0.0105625,-0.00010000000000002273,66.35211181640625,0,0,0.0,20.0,0.0,0.0,-20.0,-20.0,-20.0,0.0
50.29248380661011,6.25e-05,0.010412499999999995,-0.00010000000000002273,66.35211181640625,0,0,0.0,20.0,0.0,0.0,-20.0,-20.0,-20.0,0.0
50.370489835739136,6.25e-05,0.010275000000000006,-8.999999999997499e-05,66.35211181640625,0,0,0.0,20.0,0.0,0.0,-20.0,-20.0,-20.0,0.0
50.448481798172,6.25e-05,0.010125,-8.999999999997499e-05,66.35211181640625,0,0,0.0,20.0,0.0,0.0,-20.0,-20.0,-20.0,0.0
50.52748680114746,5.0000000000011366e-05,0.009987500000000012,-8.999999999997499e-05,66.35211181640625,0,0,0.0,20.0,0.0,0.0,-20.0,-20.0,-20.0,0.0
50.60749888420105,5.0000000000011366e-05,0.009849999999999994,-7.999999999998408e-05,66.35211181640625,0,0,0.0,20.0,0.0,0.0,-20.0,-20.0,-20.0,0.0
50.68448734283447,5.0000000000011366e-05,0.009724999999999994,-7.999999999998408e-05,66.35211181640625,0,0,0.0,20.0,0.0,0.0,-20.0,-20.0,-20.0,0.0
50.76248502731323,5.0000000000011366e-05,0.009574999999999988,-7.999999999998408e-05,66.35211181640625,0,0,0.0,20.0,0.0,0.0,-20.0,-20.0,-20.0,0.0
50.940495014190674,5.0000000000011366e-05,0.009449999999999988,-6.999999999999318e-05,68.89349937438965,0,0,0.0,18.225777,1.7742233,0.0,-20.0,-20.0,-20.0,0.0
51.08248329162598,3.749999999999432e-05,0.009324999999999988,-6.999999999999318e-05,73.6412525177002,0,0,0.0,14.911221,5.0887794,0.0,-20.0,-20.0,-20.0,0.0
51.226487159729004,3.749999999999432e-05,0.00919999999999999,-6.999999999999318e-05,77.90360069274902,0,0,0.0,11.935539,8.064461,0.0,-20.0,-20.0,-20.0,0.0
51.36954092979431,3.749999999999432e-05,0.00907499999999999,-6.000000000000227e-05,82.45007801055908,0,0,0.0,8.7614975,11.2385025,0.0,-20.0,-20.0,-20.0,0.0
51.512547969818115,3.749999999999432e-05,0.00894999999999999,-6.000000000000227e-05,86.72529125213623,0,0,0.0,5.7768373,14.223163,0.0,-20.0,-20.0,-20.0,0.0
51.655543088912964,3.749999999999432e-05,0.008824999999999989,-6.000000000000227e-05,91.00731062889099,0,0,0.0,2.7874222,17.212578,0.0,-20.0,-20.0,-20.0,0.0
51.81253933906555,3.749999999999432e-05,0.008699999999999989,-6.000000000000227e-05,95.0,0,0,0.0,0.0,20.0,0.0,-20.0,-20.0,-20.0,0.0
51.88954281806946,2.5000000000005683e-05,0.008574999999999989,-5.0000000000011366e-05,95.0,0,0,0.0,0.0,20.0,0.0,-20.0,-20.0,-20.0,0.0
51.96854019165039,2.5000000000005683e-05,0.008474999999999995,-5.0000000000011366e-05,95.0,0,0,0.0,0.0,20.0,0.0,-20.0,-20.0,-20.0,0.0
52.04554319381714,2.5000000000005683e-05,0.008349999999999995,-5.0000000000011366e-05,95.0,0,0,0.0,0.0,20.0,0.0,-20.0,-20.0,-20.0,0.0
52.12554121017456,2.5000000000005683e-05,0.008237500000000012,-5.0000000000011366e-05,95.0,0,0,0.0,0.0,20.0,0.0,-20.0,-20.0,-20.0,0.0
52.22854042053223,2.5000000000005683e-05,0.008125,-5.0000000000011366e-05,95.0,0,0,0.0,0.0,20.0,0.0,-20.0,-20.0,-20.0,0.0
52.308547496795654,2.5000000000005683e-05,0.008012499999999988,-4.000000000002046e-05,95.0,0,0,0.0,0.0,20.0,0.0,-20.0,-20.0,-20.0,0.0
52.38454341888428,2.5000000000005683e-05,0.007900000000000006,-4.000000000002046e-05,95.0,0,0,0.0,0.0,20.0,0.0,-20.0,-20.0,-20.0,0.0
52.461540937423706,2.5000000000005683e-05,0.007787499999999994,-4.000000000002046e-05,95.0,0,0,0.0,0.0,20.0,0.0,-20.0,-20.0,-20.0,0.0
52.540544509887695,2.5000000000005683e-05,0.0076875,-4.000000000002046e-05,95.0,0,0,0.0,0.0,20.0,0.0,-20.0,-20.0,-20.0,0.0
52.633624792099,2.5000000000005683e-05,0.007574999999999989,-4.000000000002046e-05,95.0,0,0,0.0,0.0,20.0,0.0,-20.0,-20.0,-20.0,0.0
52.71263670921326,2.5000000000005683e-05,0.007474999999999995,-4.000000000002046e-05,95.0,0,0,0.0,0.0,20.0,0.0,-20.0,-20.0,-20.0,0.0
52.78962779045105,2.5000000000005683e-05,0.007375,-2.9999999999972716e-05,95.0,0,0,0.0,0.0,20.0,0.0,-20.0,-20.0,-20.0,0.0
52.86762976646423,2.5000000000005683e-05,0.007275000000000005,-2.9999999999972716e-05,95.0,0,0,0.0,0.0,20.0,0.0,-20.0,-20.0,-20.0,0.0
52.946648359298706,2.5000000000005683e-05,0.007175000000000011,-2.9999999999972716e-05,95.0,0,0,0.0,0.0,20.0,0.0,-20.0,-20.0,-20.0,0.0
53.026633501052856,2.5000000000005683e-05,0.007074999999999988,-2.9999999999972716e-05,95.0,0,0,0.0,0.0,20.0,0.0,-20.0,-20.0,-20.0,0.0
53.105632305145264,2.5000000000005683e-05,0.006974999999999994,-2.9999999999972716e-05,95.0,0,0,0.0,0.0,20.0,0.0,-20.0,-20.0,-20.0,0.0
53.18362832069397,2.5000000000005683e-05,0.006875,-2.9999999999972716e-05,95.0,0,0,0.0,0.0,20.0,0.0,-20.0,-20.0,-20.0,0.0
53.299702405929565,2.5000000000005683e-05,0.006787499999999994,-2.9999999999972716e-05,95.0,0,0,0.0,0.0,20.0,0.0,-20.0,-20.0,-20.0,0.0
53.37669610977173,2.5000000000005683e-05,0.006699999999999989,-2.9999999999972716e-05,95.0,0,0,0.0,0.0,20.0,0.0,-20.0,-20.0,-20.0,0.0
53.4546959400177,2.5000000000005683e-05,0.006599999999999994,-2.9999999999972716e-05,95.0,0,0,0.0,0.0,20.0,0.0,-20.0,-20.0,-20.0,0.0
53.53169012069702,2.5000000000005683e-05,0.006512499999999989,-1.999999999998181e-05,95.0,0,0,0.0,0.0,20.0,0.0,-20.0,-20.0,-20.0,0.0
53.611703872680664,1.2499999999988632e-05,0.006425000000000011,-1.999999999998181e-05,95.0,0,0,0.0,0.0,20.0,0.0,-20.0,-20.0,-20.0,0.0
53.70669150352478,1.2499999999988632e-05,0.0063375000000000055,-1.999999999998181e-05,95.0,0,0,0.0,0.0,20.0,0.0,-20.0,-20.0,-20.0,0.0
53.78269100189209,1.2499999999988632e-05,0.00625,-1.999999999998181e-05,95.0,0,0,0.0,0.0,20.0,0.0,-20.0,-20.0,-20.0,0.0
53.86069655418396,1.2499999999988632e-05,0.006162499999999994,-1.999999999998181e-05,95.0,0,0,0.0,0.0,20.0,0.0,-20.0,-20.0,-20.0,0.0
53.93874931335449,1.2499999999988632e-05,0.006074999999999988,-1.999999999998181e-05,95.0,0,0,0.0,0.0,20.0,0.0,-20.0,-20.0,-20.0,0.0
54.015753507614136,1.2499999999988632e-05,0.006,-1.999999999998181e-05,95.0,0,0,0.0,0.0,20.0,0.0,-20.0,-20.0,-20.0,0.0
54.09575819969177,1.2499999999988632e-05,0.005912499999999994,-1.999999999998181e-05,95.0,0,0,0.0,0.0,20.0,0.0,-20.0,-20.0,-20.0,0.0
54.17375421524048,1.2499999999988632e-05,0.005824999999999989,-1.999999999998181e-05,95.0,0,0,0.0,0.0,20.0,0.0,-20.0,-20.0,-20.0,0.0
54.25375723838806,1.2499999999988632e-05,0.00575,-1.999999999998181e-05,95.0,0,0,0.0,0.0,20.0,0.0,-20.0,-20.0,-20.0,0.0
54.35175013542175,1.2499999999988632e-05,0.005675000000000012,-1.999999999998181e-05,95.0,0,0,0.0,0.0,20.0,0.0,-20.0,-20.0,-20.0,0.0
54.43774914741516,1.2499999999988632e-05,0.005599999999999995,-1.999999999998181e-05,95.0,0,0,0.0,0.0,20.0,0.0,-20.0,-20.0,-20.0,0.0
54.51574945449829,1.2499999999988632e-05,0.005525000000000006,-9.999999999990905e-06,95.0,0,0,0.0,0.0,20.0,0.0,-20.0,-20.0,-20.0,0.0
54.609755754470825,1.2499999999988632e-05,0.0054375,-9.999999999990905e-06,95.0,0,0,0.0,0.0,20.0,0.0,-20.0,-20.0,-20.0,0.0
54.68974947929382,1.2499999999988632e-05,0.0054375,-9.999999999990905e-06,95.0,0,0,0.0,0.0,20.0,0.0,-20.0,-20.0,-20.0,0.0
54.78377151489258,1.2499999999988632e-05,0.005300000000000011,-9.999999999990905e-06,95.0,0,0,0.0,0.0,20.0,0.0,-20.0,-20.0,-20.0,0.0
54.86174964904785,1.2499999999988632e-05,0.005224999999999994,-9.999999999990905e-06,95.0,0,0,0.0,0.0,20.0,0.0,-20.0,-20.0,-20.0,0.0
54.940751791000366,1.2499999999988632e-05,0.005150000000000005,-9.999999999990905e-06,95.0,0,0,0.0,0.0,20.0,0.0,-20.0,-20.0,-20.0,0.0
55.01875185966492,1.2499999999988632e-05,0.005074999999999988,-9.999999999990905e-06,95.0,0,0,0.0,0.0,20.0,0.0,-20.0,-20.0,-20.0,0.0
55.096750259399414,1.2499999999988632e-05,0.005074999999999988,-9.999999999990905e-06,95.0,0,0,0.0,0.0,20.0,0.0,-20.0,-20.0,-20.0,0.0
55.17675518989563,1.2499999999988632e-05,0.0049375,-9.999999999990905e-06,95.0,0,0,0.0,0.0,20.0,0.0,-20.0,-20.0,-20.0,0.0
55.25375151634216,1.2499999999988632e-05,0.0049375,-9.999999999990905e-06,95.0,0,0,0.0,0.0,20.0,0.0,-20.0,-20.0,-20.0,0.0
55.33076047897339,1.2499999999988632e-05,0.0048125,-9.999999999990905e-06,95.0,0,0,0.0,0.0,20.0,0.0,-20.0,-20.0,-20.0,0.0
55.428760290145874,1.2499999999988632e-05,0.004737500000000012,-9.999999999990905e-06,95.0,0,0,0.0,0.0,20.0,0.0,-20.0,-20.0,-20.0,0.0
55.52175235748291,1.2499999999988632e-05,0.004737500000000012,-9.999999999990905e-06,95.0,0,0,0.0,0.0,20.0,0.0,-20.0,-20.0,-20.0,0.0
55.60075569152832,1.2499999999988632e-05,0.0046125000000000116,-9.999999999990905e-06,95.0,0,0,0.0,0.0,20.0,0.0,-20.0,-20.0,-20.0,0.0
55.67775797843933,1.2499999999988632e-05,0.0046125000000000116,-9.999999999990905e-06,95.0,0,0,0.0,0.0,20.0,0.0,-20.0,-20.0,-20.0,0.0
55.75575494766235,1.2499999999988632e-05,0.0044875000000000114,-9.999999999990905e-06,95.0,0,0,0.0,0.0,20.0,0.0,-20.0,-20.0,-20.0,0.0
55.83376431465149,1.2499999999988632e-05,0.0044875000000000114,-9.999999999990905e-06,95.0,0,0,0.0,0.0,20.0,0.0,-20.0,-20.0,-20.0,0.0
55.91374731063843,0.0,0.004375,-9.999999999990905e-06,95.0,0,0,0.0,0.0,20.0,0.0,-20.0,-20.0,-20.0,0.0
55.99574947357178,0.0,0.004375,-9.999999999990905e-06,95.0,0,0,0.0,0.0,20.0,0.0,-20.0,-20.0,-20.0,0.0
56.074753522872925,0.0,0.00425,-9.999999999990905e-06,95.0,0,0,0.0,0.0,20.0,0.0,-20.0,-20.0,-20.0,0.0
56.151750326156616,0.0,0.00425,-9.999999999990905e-06,95.0,0,0,0.0,0.0,20.0,0.0,-20.0,-20.0,-20.0,0.0
56.2297523021698,0.0,0.004125,-9.999999999990905e-06,95.0,0,0,0.0,0.0,20.0,0.0,-20.0,-20.0,-20.0,0.0
56.3067524433136,0.0,0.004125,-9.999999999990905e-06,95.0,0,0,0.0,0.0,20.0,0.0,-20.0,-20.0,-20.0,0.0
56.38675117492676,0.0,0.004025000000000006,-9.999999999990905e-06,95.0,0,0,0.0,0.0,20.0,0.0,-20.0,-20.0,-20.0,0.0
56.46476364135742,0.0,0.004025000000000006,-9.999999999990905e-06,95.0,0,0,0.0,0.0,20.0,0.0,-20.0,-20.0,-20.0,0.0
56.56275010108948,0.0,0.003912499999999994,-9.999999999990905e-06,95.0,0,0,0.0,0.0,20.0,0.0,-20.0,-20.0,-20.0,0.0
56.648749351501465,0.0,0.003912499999999994,-9.999999999990905e-06,95.0,0,0,0.0,0.0,20.0,0.0,-20.0,-20.0,-20.0,0.0
56.72775101661682,0.0,0.0038000000000000113,0.0,95.0,0,0,0.0,0.0,20.0,0.0,-20.0,-20.0,-20.0,0.0