Current Date: Thu 08 Sep 2022 22:08:39
Object Position (x,y,z)(m): 0,0,-0.305
Target Position (x,y,z)(m): 0.15,0.15,-0.31
Time,x (m),y (m),z (m),grasp angle (deg),force,Buffer Length,Move to Pre Grasp,Move to grasp,grasp,lift after grasp,move to pre release,move to release,release,lift after release
0.16100811958312988,0.0,0.0,0.0,66.35211181640625,0,0,20.0,0.0,0.0,-20.0,0.0,-20.0,-20.0,0.0
0.25799131393432617,0.0,0.0,-0.0007524999999999977,66.35211181640625,0,1,20.0,0.0,0.0,-20.0,0.0,-20.0,-20.0,0.0
0.3379981517791748,0.0,0.0,-0.002430000000000007,66.35211181640625,0,2,20.0,0.0,0.0,-20.0,0.0,-20.0,-20.0,0.0
0.43499326705932617,0.0,0.0,-0.004480000000000018,66.35211181640625,0,3,20.0,0.0,0.0,-20.0,0.0,-20.0,-20.0,0.0
0.5285258293151855,0.0,0.0,-0.007625,66.35211181640625,0,4,20.0,0.0,0.0,-20.0,0.0,-20.0,-20.0,0.0
0.6105248928070068,0.0,0.0,-0.010042500000000018,66.35211181640625,0,5,20.0,0.0,0.0,-20.0,0.0,-20.0,-20.0,0.0
0.6885170936584473,0.0,0.0,-0.011389999999999987,66.35211181640625,0,6,20.0,0.0,0.0,-20.0,0.0,-20.0,-20.0,0.0
0.765519380569458,0.0,0.0,-0.012089999999999976,66.35211181640625,0,7,20.0,0.0,0.0,-20.0,0.0,-20.0,-20.0,0.0
0.8445255756378174,0.0,0.0,-0.012339999999999974,66.35211181640625,0,7,20.0,0.0,0.0,-20.0,0.0,-20.0,-20.0,0.0
0.9230782985687256,0.0,0.0,-0.013079999999999984,66.35211181640625,0,8,20.0,0.0,0.0,-20.0,0.0,-20.0,-20.0,0.0
1.0160770416259766,0.0,0.0,-0.0144375,66.35211181640625,0,9,20.0,0.0,0.0,-20.0,0.0,-20.0,-20.0,0.0
1.0880756378173828,0.0,0.0,-0.01683499999999998,66.35211181640625,0,10,20.0,0.0,0.0,-20.0,0.0,-20.0,-20.0,0.0
1.1780757904052734,0.0,0.0,-0.01945999999999998,66.35211181640625,0,10,20.0,0.0,0.0,-20.0,0.0,-20.0,-20.0,0.0
1.2610888481140137,0.0,0.0,-0.022785000000000024,66.35211181640625,0,10,20.0,0.0,0.0,-20.0,0.0,-20.0,-20.0,0.0
1.3580763339996338,0.0,0.0,-0.025285000000000026,66.35211181640625,0,9,20.0,0.0,0.0,-20.0,0.0,-20.0,-20.0,0.0
1.4300765991210938,0.0,0.0,-0.02863499999999999,66.35211181640625,0,10,20.0,0.0,0.0,-20.0,0.0,-20.0,-20.0,0.0
1.502084732055664,0.0,0.0,-0.03116500000000002,66.35211181640625,0,10,20.0,0.0,0.0,-20.0,0.0,-20.0,-20.0,0.0
1.573082685470581,0.0,0.0,-0.033694999999999996,66.35211181640625,0,10,20.0,0.0,0.0,-20.0,0.0,-20.0,-20.0,0.0
1.6695942878723145,0.0,0.0,-0.036185,66.35211181640625,0,9,20.0,0.0,0.0,-20.0,0.0,-20.0,-20.0,0.0
1.7396042346954346,0.0,0.0,-0.03954500000000002,66.35211181640625,0,10,20.0,0.0,0.0,-20.0,0.0,-20.0,-20.0,0.0
1.8105926513671875,0.0,0.0,-0.041975000000000026,66.35211181640625,0,10,20.0,0.0,0.0,-20.0,0.0,-20.0,-20.0,0.0
1.8805932998657227,0.0,0.0,-0.04447500000000002,66.35211181640625,0,10,20.0,0.0,0.0,-20.0,0.0,-20.0,-20.0,0.0
1.9795968532562256,0.0,0.0,-0.04689499999999998,66.35211181640625,0,9,20.0,0.0,0.0,-20.0,0.0,-20.0,-20.0,0.0
2.0491344928741455,0.0,0.0,-0.050339999999999975,66.35211181640625,0,10,20.0,0.0,0.0,-20.0,0.0,-20.0,-20.0,0.0
2.1181390285491943,0.0,0.0,-0.052774999999999975,66.35211181640625,0,10,20.0,0.0,0.0,-20.0,0.0,-20.0,-20.0,0.0
2.1891398429870605,0.0,0.0,-0.055185000000000005,66.35211181640625,0,10,20.0,0.0,0.0,-20.0,0.0,-20.0,-20.0,0.0
2.3001534938812256,0.0,0.0,-0.05764999999999998,66.35211181640625,0,9,20.0,0.0,0.0,-20.0,0.0,-20.0,-20.0,0.0
2.394139051437378,0.0,0.0,-0.06195500000000001,66.35211181640625,0,10,20.0,0.0,0.0,-20.0,0.0,-20.0,-20.0,0.0
2.4661362171173096,0.0,0.0,-0.06494499999999999,66.35211181640625,0,10,20.0,0.0,0.0,-20.0,0.0,-20.0,-20.0,0.0
2.54913592338562,0.0,0.0,-0.067345,66.35211181640625,0,9,20.0,0.0,0.0,-20.0,0.0,-20.0,-20.0,0.0
2.621141195297241,0.0,0.0,-0.07021000000000001,66.35211181640625,0,10,20.0,0.0,0.0,-20.0,0.0,-20.0,-20.0,0.0
2.692136764526367,0.0,0.0,-0.07271999999999999,66.35211181640625,0,10,20.0,0.0,0.0,-20.0,0.0,-20.0,-20.0,0.0
2.7651376724243164,0.0,0.0,-0.075155,66.35211181640625,0,10,20.0,0.0,0.0,-20.0,0.0,-20.0,-20.0,0.0
2.8581366539001465,0.0,0.0,-0.07770500000000001,66.35211181640625,0,9,20.0,0.0,0.0,-20.0,0.0,-20.0,-20.0,0.0
2.9291460514068604,0.0,0.0,-0.08096,66.35211181640625,0,10,20.0,0.0,0.0,-20.0,0.0,-20.0,-20.0,0.0
3.0021369457244873,0.0,0.0,-0.08342500000000001,66.35211181640625,0,10,20.0,0.0,0.0,-20.0,0.0,-20.0,-20.0,0.0
3.0981431007385254,0.0,0.0,-0.08597,66.35211181640625,0,9,20.0,0.0,0.0,-20.0,0.0,-20.0,-20.0,0.0
3.1691348552703857,0.0,0.0,-0.08933500000000001,66.35211181640625,0,10,20.0,0.0,0.0,-20.0,0.0,-20.0,-20.0,0.0
3.237135410308838,0.0,0.0,-0.09176499999999999,66.35211181640625,0,10,20.0,0.0,0.0,-20.0,0.0,-20.0,-20.0,0.0
3.330136299133301,0.0,0.0,-0.09416,66.35211181640625,0,9,20.0,0.0,0.0,-20.0,0.0,-20.0,-20.0,0.0
3.4001386165618896,0.0,0.0,-0.097375,66.35211181640625,0,10,20.0,0.0,0.0,-20.0,0.0,-20.0,-20.0,0.0
3.492136001586914,0.0,0.0,-0.10015500000000001,66.35211181640625,0,10,20.0,0.0,0.0,-20.0,0.0,-20.0,-20.0,0.0
3.5981409549713135,0.0,0.0,-0.103445,66.35211181640625,0,9,20.0,0.0,0.0,-20.0,0.0,-20.0,-20.0,0.0
3.667137861251831,0.0,0.0,-0.10672,66.35211181640625,0,10,20.0,0.0,0.0,-20.0,0.0,-20.0,-20.0,0.0
3.7381718158721924,0.0,0.0,-0.10912999999999999,66.35211181640625,0,10,20.0,0.0,0.0,-20.0,0.0,-20.0,-20.0,0.0
3.820174217224121,0.0,0.0,-0.11161000000000001,66.35211181640625,0,9,20.0,0.0,0.0,-20.0,0.0,-20.0,-20.0,0.0
3.891174793243408,0.0,0.0,-0.114465,66.35211181640625,0,10,20.0,0.0,0.0,-20.0,0.0,-20.0,-20.0,0.0
3.961174726486206,0.0,0.0,-0.11696000000000001,66.35211181640625,0,10,20.0,0.0,0.0,-20.0,0.0,-20.0,-20.0,0.0
4.031182050704956,0.0,0.0,-0.11938499999999999,66.35211181640625,0,10,20.0,0.0,0.0,-20.0,0.0,-20.0,-20.0,0.0
4.103729724884033,0.0,0.0,-0.12185,66.35211181640625,0,10,20.0,0.0,0.0,-20.0,0.0,-20.0,-20.0,0.0
4.175728797912598,0.0,0.0,-0.12437000000000001,66.35211181640625,0,10,20.0,0.0,0.0,-20.0,0.0,-20.0,-20.0,0.0
4.249725818634033,0.0,0.0,-0.12688999999999998,66.35211181640625,0,10,20.0,0.0,0.0,-20.0,0.0,-20.0,-20.0,0.0
4.32172703742981,0.0,0.0,-0.12943000000000002,66.35211181640625,0,10,20.0,0.0,0.0,-20.0,0.0,-20.0,-20.0,0.0
4.392727375030518,0.0,0.0,-0.13194,66.35211181640625,0,10,20.0,0.0,0.0,-20.0,0.0,-20.0,-20.0,0.0
4.463739395141602,0.0,0.0,-0.13441,66.35211181640625,0,10,20.0,0.0,0.0,-20.0,0.0,-20.0,-20.0,0.0
4.535727024078369,0.0,0.0,-0.136905,66.35211181640625,0,10,20.0,0.0,0.0,-20.0,0.0,-20.0,-20.0,0.0
4.606435775756836,0.0,0.0,-0.13942,66.35211181640625,0,10,20.0,0.0,0.0,-20.0,0.0,-20.0,-20.0,0.0
4.742827415466309,0.0,0.0,-0.14258,66.35211181640625,0,9,20.0,0.0,0.0,-20.0,0.0,-20.0,-20.0,0.0
4.814363718032837,0.0,0.0,-0.14664,66.35211181640625,0,10,20.0,0.0,0.0,-20.0,0.0,-20.0,-20.0,0.0
4.884903907775879,0.0,0.0,-0.14911000000000002,66.35211181640625,0,10,20.0,0.0,0.0,-20.0,0.0,-20.0,-20.0,0.0
4.955920696258545,0.0,0.0,-0.151555,66.35211181640625,0,10,20.0,0.0,0.0,-20.0,0.0,-20.0,-20.0,0.0
5.027905225753784,0.0,0.0,-0.15408000000000002,66.35211181640625,0,10,20.0,0.0,0.0,-20.0,0.0,-20.0,-20.0,0.0
5.099903106689453,0.0,0.0,-0.156555,66.35211181640625,0,10,20.0,0.0,0.0,-20.0,0.0,-20.0,-20.0,0.0
5.1709065437316895,0.0,0.0,-0.15908,66.35211181640625,0,10,20.0,0.0,0.0,-20.0,0.0,-20.0,-20.0,0.0
5.241440773010254,0.0,0.0,-0.16154,66.35211181640625,0,10,20.0,0.0,0.0,-20.0,0.0,-20.0,-20.0,0.0
5.313441753387451,0.0,0.0,-0.16399,66.35211181640625,0,10,20.0,0.0,0.0,-20.0,0.0,-20.0,-20.0,0.0
5.409443616867065,0.0,0.0,-0.1665,66.35211181640625,0,9,20.0,0.0,0.0,-20.0,0.0,-20.0,-20.0,0.0
5.479974985122681,0.0,0.0,-0.16985499999999998,66.35211181640625,0,10,20.0,0.0,0.0,-20.0,0.0,-20.0,-20.0,0.0
5.549983263015747,0.0,0.0,-0.172315,66.35211181640625,0,10,20.0,0.0,0.0,-20.0,0.0,-20.0,-20.0,0.0
5.620974540710449,0.0,0.0,-0.174745,66.35211181640625,0,10,20.0,0.0,0.0,-20.0,0.0,-20.0,-20.0,0.0
5.692978143692017,0.0,0.0,-0.17724,66.35211181640625,0,10,20.0,0.0,0.0,-20.0,0.0,-20.0,-20.0,0.0
5.761979103088379,0.0,0.0,-0.17972,66.35211181640625,0,10,20.0,0.0,0.0,-20.0,0.0,-20.0,-20.0,0.0
5.854976177215576,0.0,0.0,-0.18237,66.35211181640625,0,10,20.0,0.0,0.0,-20.0,0.0,-20.0,-20.0,0.0
5.934520483016968,0.0,0.0,-0.18564,66.35211181640625,0,10,20.0,0.0,0.0,-20.0,0.0,-20.0,-20.0,0.0
6.0335118770599365,0.0,0.0,-0.188125,66.35211181640625,0,9,20.0,0.0,0.0,-20.0,0.0,-20.0,-20.0,0.0
6.104515790939331,0.0,0.0,-0.19158499999999998,66.35211181640625,0,10,20.0,0.0,0.0,-20.0,0.0,-20.0,-20.0,0.0
6.174509286880493,0.0,0.0,-0.194065,66.35211181640625,0,10,20.0,0.0,0.0,-20.0,0.0,-20.0,-20.0,0.0
6.247517108917236,0.0,0.0,-0.19651,66.35211181640625,0,10,20.0,0.0,0.0,-20.0,0.0,-20.0,-20.0,0.0
6.318512678146362,0.0,0.0,-0.19906000000000001,66.35211181640625,0,10,20.0,0.0,0.0,-20.0,0.0,-20.0,-20.0,0.0
6.386512279510498,0.0,0.0,-0.201535,66.35211181640625,0,10,20.0,0.0,0.0,-20.0,0.0,-20.0,-20.0,0.0
6.483510494232178,0.0,0.0,-0.2039,66.35211181640625,0,9,20.0,0.0,0.0,-20.0,0.0,-20.0,-20.0,0.0
6.5525102615356445,0.0,0.0,-0.20726499999999998,66.35211181640625,0,10,20.0,0.0,0.0,-20.0,0.0,-20.0,-20.0,0.0
6.624508857727051,0.0,0.0,-0.20969,66.35211181640625,0,10,20.0,0.0,0.0,-20.0,0.0,-20.0,-20.0,0.0
6.698510408401489,0.0,0.0,-0.21220499999999998,66.35211181640625,0,10,20.0,0.0,0.0,-20.0,0.0,-20.0,-20.0,0.0
6.769027233123779,0.0,0.0,-0.21477,66.35211181640625,0,10,20.0,0.0,0.0,-20.0,0.0,-20.0,-20.0,0.0
6.850046396255493,0.0,0.0,-0.217235,66.35211181640625,0,9,20.0,0.0,0.0,-20.0,0.0,-20.0,-20.0,0.0
6.921368837356567,0.0,0.0,-0.22004,66.35211181640625,0,10,20.0,0.0,0.0,-20.0,0.0,-20.0,-20.0,0.0
7.019575595855713,0.0,0.0,-0.22303,66.35211181640625,0,10,20.0,0.0,0.0,-20.0,0.0,-20.0,-20.0,0.0
7.100579023361206,0.0,0.0,-0.226275,66.35211181640625,0,10,20.0,0.0,0.0,-20.0,0.0,-20.0,-20.0,0.0
7.169580459594727,0.0,0.0,-0.228745,66.35211181640625,0,10,20.0,0.0,0.0,-20.0,0.0,-20.0,-20.0,0.0
7.26610541343689,0.0,0.0,-0.23118,66.35211181640625,0,9,0.0,20.0,0.0,0.0,-20.0,-20.0,-20.0,0.0
7.337111711502075,0.0,0.0,-0.234525,66.35211181640625,0,10,0.0,20.0,0.0,0.0,-20.0,-20.0,-20.0,0.0
7.405109167098999,0.0,0.0,-0.237005,66.35211181640625,0,10,0.0,20.0,0.0,0.0,-20.0,-20.0,-20.0,0.0
7.502107620239258,0.0,0.0,-0.239385,66.35211181640625,0,9,0.0,20.0,0.0,0.0,-20.0,-20.0,-20.0,0.0
7.574120044708252,0.0,0.0,-0.242755,66.35211181640625,0,10,0.0,20.0,0.0,0.0,-20.0,-20.0,-20.0,0.0
7.645675420761108,0.0,0.0,-0.24526499999999998,66.35211181640625,0,10,0.0,20.0,0.0,0.0,-20.0,-20.0,-20.0,0.0
7.740673542022705,0.0,0.0,-0.24779,66.35211181640625,0,9,0.0,20.0,0.0,0.0,-20.0,-20.0,-20.0,0.0
7.813679218292236,0.0,0.0,-0.251095,66.35211181640625,0,10,0.0,20.0,0.0,0.0,-20.0,-20.0,-20.0,0.0
7.906672716140747,0.0,0.0,-0.25363,66.35211181640625,0,9,0.0,20.0,0.0,0.0,-20.0,-20.0,-20.0,0.0
7.978676795959473,0.0,0.0,-0.25684500000000005,66.35211181640625,0,10,0.0,20.0,0.0,0.0,-20.0,-20.0,-20.0,0.0
8.073230504989624,0.0,0.0,-0.25937,66.35211181640625,0,9,0.0,20.0,0.0,0.0,-20.0,-20.0,-20.0,0.0
8.168225288391113,0.0,0.0,-0.26306,66.35211181640625,0,10,0.0,20.0,0.0,0.0,-20.0,-20.0,-20.0,0.0
8.250244617462158,0.0,0.0,-0.26632,66.35211181640625,0,10,0.0,20.0,0.0,0.0,-20.0,-20.0,-20.0,0.0
8.321232557296753,0.0,0.0,-0.26881499999999997,66.35211181640625,0,10,0.0,20.0,0.0,0.0,-20.0,-20.0,-20.0,0.0
8.390228271484375,0.0,0.0,-0.27129000000000003,66.35211181640625,0,10,0.0,20.0,0.0,0.0,-20.0,-20.0,-20.0,0.0
8.460227966308594,0.0,0.0,-0.2737,66.35211181640625,0,10,0.0,20.0,0.0,0.0,-20.0,-20.0,-20.0,0.0
8.531226634979248,0.0,0.0,-0.276155,66.35211181640625,0,10,0.0,20.0,0.0,0.0,-20.0,-20.0,-20.0,0.0
8.628230094909668,0.0,0.0,-0.27863499999999997,66.35211181640625,0,9,0.0,20.0,0.0,0.0,-20.0,-20.0,-20.0,0.0
8.699240922927856,0.0,0.0,-0.28197500000000003,66.35211181640625,0,10,0.0,20.0,0.0,0.0,-20.0,-20.0,-20.0,0.0
8.772231578826904,0.0,0.0,-0.28447,66.35211181640625,0,10,0.0,20.0,0.0,0.0,-20.0,-20.0,-20.0,0.0
8.866754293441772,0.0,0.0,-0.28701,66.35211181640625,0,9,0.0,20.0,0.0,0.0,-20.0,-20.0,-20.0,0.0
8.938289165496826,0.0,0.0,-0.29031,66.35211181640625,0,10,0.0,20.0,0.0,0.0,-20.0,-20.0,-20.0,0.0
9.03584623336792,0.0,0.0,-0.29281,66.35211181640625,0,9,0.0,20.0,0.0,0.0,-20.0,-20.0,-20.0,0.0
9.197850704193115,0.0,0.0,-0.29589,95.0,0,8,0.0,0.0,20.0,0.0,-20.0,-20.0,-20.0,0.0
9.277848243713379,0.0,0.0,-0.2996075,95.0,0,6,0.0,0.0,20.0,0.0,-20.0,-20.0,-20.0,0.0
9.39684534072876,0.0,0.0,-0.30078,95.0,0,5,0.0,0.0,20.0,0.0,-20.0,-20.0,-20.0,0.0
9.4758460521698,0.0,0.0,-0.30190750000000005,95.0,0,4,0.0,0.0,20.0,0.0,-20.0,-20.0,-20.0,0.0
9.553847551345825,0.0,0.0,-0.30232749999999997,95.0,0,1,0.0,0.0,20.0,0.0,-20.0,-20.0,-20.0,0.0
9.647392511367798,0.0,0.0,-0.30252999999999997,95.0,0,0,0.0,0.0,20.0,0.0,-20.0,-20.0,-20.0,0.0
9.724398612976074,0.0,0.0,-0.30263,95.0,0,0,0.0,0.0,20.0,0.0,-20.0,-20.0,-20.0,0.0
9.80440068244934,0.0,0.0,-0.30273,95.0,0,0,0.0,0.0,20.0,0.0,-20.0,-20.0,-20.0,0.0
9.882396459579468,0.0,0.0,-0.30282,95.0,0,0,0.0,0.0,20.0,0.0,-20.0,-20.0,-20.0,0.0
9.959396123886108,0.0,0.0,-0.3029,95.0,0,0,0.0,0.0,20.0,0.0,-20.0,-20.0,-20.0,0.0
10.038395404815674,0.0,0.0,-0.30299,95.0,0,0,0.0,0.0,20.0,0.0,-20.0,-20.0,-20.0,0.0
10.117398738861084,0.0,0.0,-0.30307,95.0,0,0,0.0,0.0,20.0,0.0,-20.0,-20.0,-20.0,0.0
10.198397636413574,0.0,0.0,-0.30315,95.0,0,0,0.0,0.0,20.0,0.0,-20.0,-20.0,-20.0,0.0
10.278401613235474,0.0,0.0,-0.30322000000000005,95.0,0,0,0.0,0.0,20.0,0.0,-20.0,-20.0,-20.0,0.0
10.355391263961792,0.0,0.0,-0.30329,95.0,0,0,0.0,0.0,20.0,0.0,-20.0,-20.0,-20.0,0.0
10.452920198440552,0.0,0.0,-0.30336,95.0,0,0,0.0,0.0,20.0,0.0,-20.0,-20.0,-20.0,0.0
10.556919574737549,0.0,0.0,-0.30342,95.0,0,0,0.0,0.0,20.0,0.0,-20.0,-20.0,-20.0,0.0
10.634923696517944,0.0,0.0,-0.30349,95.0,0,0,0.0,0.0,20.0,0.0,-20.0,-20.0,-20.0,0.0
10.731929302215576,0.0,0.0,-0.30355,95.0,0,0,0.0,0.0,20.0,0.0,-20.0,-20.0,-20.0,0.0
10.826920509338379,0.0,0.0,-0.30361,95.0,0,0,0.0,0.0,20.0,0.0,-20.0,-20.0,-20.0,0.0
10.907931089401245,0.0,0.0,-0.30366000000000004,95.0,0,0,0.0,0.0,20.0,0.0,-20.0,-20.0,-20.0,0.0
11.003920078277588,0.0,0.0,-0.30372000000000005,95.0,0,0,0.0,0.0,20.0,0.0,-20.0,-20.0,-20.0,0.0
11.0819251537323,0.0,0.0,-0.30377,95.0,0,0,0.0,0.0,20.0,0.0,-20.0,-20.0,-20.0,0.0
11.157922506332397,0.0,0.0,-0.30382,95.0,0,0,0.0,0.0,20.0,0.0,-20.0,-20.0,-20.0,0.0
11.235926151275635,0.0,0.0,-0.30386,95.0,0,0,0.0,0.0,20.0,0.0,-20.0,-20.0,-20.0,0.0
11.315927982330322,0.0,0.0,-0.30391,95.0,0,0,0.0,0.0,20.0,0.0,-20.0,-20.0,-20.0,0.0
11.41092324256897,0.0,0.0,-0.30395,95.0,0,0,0.0,0.0,20.0,0.0,-20.0,-20.0,-20.0,0.0
11.485918998718262,0.0,0.0,-0.30399,95.0,0,0,0.0,0.0,20.0,0.0,-20.0,-20.0,-20.0,0.0
11.597931385040283,0.0,0.0,-0.30402999999999997,95.0,0,0,0.0,0.0,20.0,0.0,-20.0,-20.0,-20.0,0.0
11.692924976348877,0.0,0.0,-0.30407,95.0,0,0,0.0,0.0,20.0,0.0,-20.0,-20.0,-20.0,0.0
11.77191972732544,0.0,0.0,-0.30411,95.0,0,0,0.0,0.0,20.0,0.0,-20.0,-20.0,-20.0,0.0
11.850929260253906,0.0,0.0,-0.30415,95.0,0,0,0.0,0.0,20.0,0.0,-20.0,-20.0,-20.0,0.0
11.9279203414917,0.0,0.0,-0.30418,95.0,0,0,0.0,0.0,20.0,0.0,-20.0,-20.0,-20.0,0.0
12.006921291351318,0.0,0.0,-0.30421,95.0,0,0,0.0,0.0,20.0,0.0,-20.0,-20.0,-20.0,0.0
12.102919578552246,0.0,0.0,-0.30424,95.0,0,0,0.0,0.0,20.0,0.0,-20.0,-20.0,-20.0,0.0
12.18092131614685,0.0,0.0,-0.30427,95.0,0,0,0.0,0.0,20.0,0.0,-20.0,-20.0,-20.0,0.0
12.259920597076416,0.0,0.0,-0.3043,95.0,0,0,0.0,0.0,20.0,0.0,-20.0,-20.0,-20.0,0.0
12.335923433303833,0.0,0.0,-0.30433,95.0,0,0,0.0,0.0,20.0,0.0,-20.0,-20.0,-20.0,0.0
12.41292142868042,0.0,0.0,-0.30436,95.0,0,0,0.0,0.0,20.0,0.0,-20.0,-20.0,-20.0,0.0
12.490923404693604,0.0,0.0,-0.30438,95.0,0,0,0.0,0.0,20.0,0.0,-20.0,-20.0,-20.0,0.0
12.593923091888428,0.0,0.0,-0.30441,95.0,0,0,0.0,0.0,20.0,0.0,-20.0,-20.0,-20.0,0.0
12.68993091583252,0.0,0.0,-0.30443000000000003,95.0,0,0,0.0,0.0,20.0,0.0,-20.0,-20.0,-20.0,0.0
12.768918991088867,0.0,0.0,-0.30445,95.0,0,0,0.0,0.0,20.0,0.0,-20.0,-20.0,-20.0,0.0
12.846920013427734,0.0,0.0,-0.30448000000000003,95.0,0,0,0.0,0.0,20.0,0.0,-20.0,-20.0,-20.0,0.0
12.926929235458374,0.0,0.0,-0.3045,95.0,0,0,0.0,0.0,20.0,0.0,-20.0,-20.0,-20.0,0.0
13.004919052124023,0.0,0.0,-0.30451999999999996,95.0,0,0,0.0,0.0,20.0,0.0,-20.0,-20.0,-20.0,0.0
13.085922956466675,0.0,0.0,-0.30454000000000003,95.0,0,0,0.0,0.0,20.0,0.0,-20.0,-20.0,-20.0,0.0
13.1809241771698,0.0,0.0,-0.30456,95.0,0,0,0.0,0.0,20.0,0.0,-20.0,-20.0,-20.0,0.0
13.2599196434021,0.0,0.0,-0.30456,95.0,0,0,0.0,0.0,20.0,0.0,-20.0,-20.0,-20.0,0.0
13.334919214248657,0.0,0.0,-0.30458999999999997,95.0,0,0,0.0,0.0,20.0,0.0,-20.0,-20.0,-20.0,0.0
13.41192626953125,0.0,0.0,-0.30461,95.0,0,0,0.0,0.0,20.0,0.0,-20.0,-20.0,-20.0,0.0
13.488920211791992,0.0,0.0,-0.30461,95.0,0,0,0.0,0.0,20.0,0.0,-20.0,-20.0,-20.0,0.0
13.567956447601318,0.0,0.0,-0.30463999999999997,95.0,0,0,0.0,0.0,20.0,0.0,-20.0,-20.0,-20.0,0.0
13.66292142868042,0.0,0.0,-0.30463999999999997,95.0,0,0,0.0,0.0,20.0,0.0,-20.0,-20.0,-20.0,0.0
13.774922132492065,0.0,0.0,-0.30467,95.0,0,0,0.0,0.0,20.0,0.0,-20.0,-20.0,-20.0,0.0
13.852927446365356,0.0,0.0,-0.30467,95.0,0,0,0.0,0.0,20.0,0.0,-20.0,-20.0,-20.0,0.0
13.9309401512146,0.0,0.0,-0.30469,95.0,0,0,0.0,0.0,20.0,0.0,-20.0,-20.0,-20.0,0.0
14.008925914764404,0.0,0.0,-0.30469,95.0,0,0,0.0,0.0,20.0,0.0,-20.0,-20.0,-20.0,0.0
14.087535858154297,0.0,0.0,-0.30472000000000005,95.0,0,0,0.0,0.0,20.0,0.0,-20.0,-20.0,-20.0,0.0
14.16553807258606,0.0,0.0,-0.30472000000000005,95.0,0,0,0.0,0.0,20.0,0.0,-20.0,-20.0,-20.0,0.0
14.262541055679321,0.0,0.0,-0.30474,95.0,0,0,0.0,0.0,20.0,0.0,-20.0,-20.0,-20.0,0.0
14.339534044265747,0.0,0.0,-0.30474,95.0,0,0,0.0,0.0,20.0,0.0,-20.0,-20.0,-20.0,0.0
14.417537450790405,0.0,0.0,-0.30476,95.0,0,0,0.0,0.0,20.0,0.0,-20.0,-20.0,-20.0,0.0
14.494536399841309,0.0,0.0,-0.30476,95.0,0,0,0.0,0.0,20.0,0.0,-20.0,-20.0,-20.0,0.0
14.571546792984009,0.0,0.0,-0.30478,95.0,0,0,0.0,0.0,20.0,0.0,-20.0,-20.0,-20.0,0.0
14.64954137802124,0.0,0.0,-0.30478,95.0,0,0,0.0,0.0,20.0,0.0,-20.0,-20.0,-20.0,0.0
14.72753357887268,0.0,0.0,-0.3048,95.0,0,0,0.0,0.0,20.0,0.0,-20.0,-20.0,-20.0,0.0
14.845550060272217,0.0,0.0,-0.3048,95.0,0,0,0.0,0.0,20.0,0.0,-20.0,-20.0,-20.0,0.0
14.920534133911133,0.0,0.0,-0.3048,95.0,0,0,0.0,0.0,20.0,0.0,-20.0,-20.0,-20.0,0.0
14.997532606124878,0.0,0.0,-0.30482,95.0,0,0,0.0,0.0,20.0,0.0,-20.0,-20.0,-20.0,0.0
15.073534727096558,0.0,0.0,-0.30482,95.0,0,0,0.0,0.0,20.0,0.0,-20.0,-20.0,-20.0,0.0
15.152541875839233,0.0,0.0,-0.30482,95.0,0,0,0.0,0.0,20.0,0.0,-20.0,-20.0,-20.0,0.0
15.23005485534668,0.0,0.0,-0.30484,95.0,0,0,0.0,0.0,20.0,0.0,-20.0,-20.0,-20.0,0.0
15.305060863494873,0.0,0.0,-0.30484,95.0,0,0,0.0,0.0,20.0,0.0,-20.0,-20.0,-20.0,0.0
15.400066375732422,0.0,0.0,-0.30484,95.0,0,0,0.0,0.0,20.0,0.0,-20.0,-20.0,-20.0,0.0
15.476059675216675,0.0,0.0,-0.30486,95.0,0,0,0.0,0.0,20.0,0.0,-20.0,-20.0,-20.0,0.0
15.551059484481812,0.0,0.0,-0.30486,95.0,0,0,0.0,0.0,20.0,0.0,-20.0,-20.0,-20.0,0.0
15.63006329536438,0.0,0.0,-0.30486,95.0,0,0,0.0,0.0,20.0,0.0,-20.0,-20.0,-20.0,0.0
15.708569288253784,0.0,0.0,-0.30486,95.0,0,0,0.0,0.0,20.0,0.0,-20.0,-20.0,-20.0,0.0
15.786572694778442,0.0,0.0,-0.30488,95.0,0,0,0.0,0.0,20.0,0.0,-20.0,-20.0,-20.0,0.0
15.8881196975708,0.0,0.0,-0.30488,95.0,0,0,0.0,0.0,20.0,0.0,-20.0,-20.0,-20.0,0.0
15.984121799468994,0.0,0.0,-0.30488,95.0,0,0,0.0,0.0,20.0,0.0,-20.0,-20.0,-20.0,0.0
16.064168453216553,0.0,0.0,-0.30488,95.0,0,0,0.0,0.0,20.0,0.0,-20.0,-20.0,-20.0,0.0
16.143168210983276,0.0,0.0,-0.3049,95.0,0,0,0.0,0.0,20.0,0.0,-20.0,-20.0,-20.0,0.0
16.223171710968018,0.0,0.0,-0.3049,95.0,0,0,0.0,0.0,20.0,0.0,-20.0,-20.0,-20.0,0.0
16.30417013168335,0.0,0.0,-0.3049,95.0,0,0,0.0,0.0,20.0,0.0,-20.0,-20.0,-20.0,0.0
16.383190155029297,0.0,0.0,-0.3049,95.0,0,0,0.0,0.0,20.0,0.0,-20.0,-20.0,-20.0,0.0
16.477179288864136,0.0,0.0,-0.3049,95.0,0,0,0.0,0.0,20.0,0.0,-20.0,-20.0,-20.0,0.0
16.5541729927063,0.0,0.0,-0.30492,95.0,0,0,0.0,0.0,20.0,0.0,-20.0,-20.0,-20.0,0.0
16.633180856704712,0.0,0.0,-0.30492,95.0,0,0,0.0,0.0,20.0,0.0,-20.0,-20.0,-20.0,0.0
16.711169481277466,0.0,0.0,-0.30492,95.0,0,0,0.0,0.0,20.0,0.0,-20.0,-20.0,-20.0,0.0
16.787171125411987,0.0,0.0,-0.30492,95.0,0,0,0.0,0.0,20.0,0.0,-20.0,-20.0,-20.0,0.0
16.86616849899292,0.0,0.0,-0.30492,95.0,0,0,0.0,0.0,20.0,0.0,-20.0,-20.0,-20.0,0.0
16.943702220916748,0.0,0.0,-0.30492,95.0,0,0,0.0,0.0,20.0,0.0,-20.0,-20.0,-20.0,0.0
17.051701545715332,0.0,0.0,-0.30492,95.0,0,0,0.0,0.0,20.0,0.0,-20.0,-20.0,-20.0,0.0
17.130716562271118,0.0,0.0,-0.30494,95.0,0,0,0.0,0.0,20.0,0.0,-20.0,-20.0,-20.0,0.0
17.206702709197998,0.0,0.0,-0.30494,95.0,0,0,0.0,0.0,20.0,0.0,-20.0,-20.0,-20.0,0.0
17.283706665039062,0.0,0.0,-0.30494,95.0,0,0,0.0,0.0,20.0,0.0,-20.0,-20.0,-20.0,0.0
17.36172366142273,0.0,0.0,-0.30494,95.0,0,0,0.0,0.0,20.0,0.0,-20.0,-20.0,-20.0,0.0
17.441245555877686,0.0,0.0,-0.30494,95.0,0,0,0.0,0.0,20.0,0.0,-20.0,-20.0,-20.0,0.0
17.520254135131836,0.0,0.0,-0.30494,95.0,0,0,0.0,0.0,20.0,0.0,-20.0,-20.0,-20.0,0.0
17.597285270690918,0.0,0.0,-0.30494,95.0,0,0,0.0,0.0,20.0,0.0,-20.0,-20.0,-20.0,0.0
17.676286458969116,0.0,0.0,-0.30494,95.0,0,0,0.0,0.0,20.0,0.0,-20.0,-20.0,-20.0,0.0
17.755295038223267,0.0,0.0,-0.30494,95.0,0,0,0.0,0.0,20.0,0.0,-20.0,-20.0,-20.0,0.0
17.831281423568726,0.0,0.0,-0.30495999999999995,95.0,0,0,0.0,0.0,20.0,0.0,-20.0,-20.0,-20.0,0.0
17.90928316116333,0.0,0.0,-0.30495999999999995,95.0,0,0,0.0,0.0,20.0,0.0,-20.0,-20.0,-20.0,0.0
17.989288330078125,0.0,0.0,-0.30495999999999995,95.0,0,0,0.0,0.0,20.0,0.0,-20.0,-20.0,-20.0,0.0
18.09128212928772,0.0,0.0,-0.30495999999999995,95.0,0,0,0.0,0.0,20.0,0.0,-20.0,-20.0,-20.0,0.0
18.182283639907837,0.0,0.0,-0.30495999999999995,95.0,0,0,0.0,0.0,20.0,0.0,-20.0,-20.0,-20.0,0.0
18.260285139083862,0.0,0.0,-0.30495999999999995,95.0,20,0,0.0,0.0,20.0,0.0,-20.0,-20.0,-20.0,0.0
18.337287425994873,0.0,0.0,-0.30495999999999995,95.0,20,0,-20.0,-20.0,0.0,20.0,0.0,0.0,0.0,-20.0
18.41728711128235,0.0,0.0,-0.30479500000000004,95.0,20,1,-20.0,-20.0,0.0,20.0,0.0,0.0,0.0,-20.0
18.512288808822632,0.0,0.0,-0.3040075,95.0,20,2,-20.0,-20.0,0.0,20.0,0.0,0.0,0.0,-20.0
18.60828471183777,0.0,0.0,-0.3023575,95.0,20,3,-20.0,-20.0,0.0,20.0,0.0,0.0,0.0,-20.0
18.687301635742188,0.0,0.0,-0.30121749999999997,95.0,20,4,-20.0,-20.0,0.0,20.0,0.0,0.0,0.0,-20.0
18.76528549194336,0.0,0.0,-0.3009275,95.0,20,4,-20.0,-20.0,0.0,20.0,0.0,0.0,0.0,-20.0
18.860286951065063,0.0,0.0,-0.30038,95.0,20,5,-20.0,-20.0,0.0,20.0,0.0,0.0,0.0,-20.0
18.955283403396606,0.0,0.0,-0.29889499999999997,95.0,20,6,-20.0,-20.0,0.0,20.0,0.0,0.0,0.0,-20.0
19.049286603927612,0.0,0.0,-0.296515,95.0,20,6,-20.0,-20.0,0.0,20.0,0.0,0.0,0.0,-20.0
19.166828632354736,0.0,0.0,-0.293345,95.0,20,6,-20.0,0.0,-20.0,20.0,0.0,0.0,0.0,-20.0
19.302830934524536,0.0,0.0,-0.28862,95.0,20,6,-20.0,0.0,-20.0,20.0,0.0,0.0,0.0,-20.0
19.398378372192383,0.0,0.0,-0.28451499999999996,95.0,20,6,-20.0,0.0,-20.0,20.0,0.0,0.0,0.0,-20.0
19.49538230895996,0.0,0.0,-0.2812,95.0,20,6,-20.0,0.0,-20.0,20.0,0.0,0.0,0.0,-20.0
19.590378999710083,0.0,0.0,-0.27807,95.0,20,6,-20.0,0.0,-20.0,20.0,0.0,0.0,0.0,-20.0
19.686381340026855,0.0,0.0,-0.27508499999999997,95.0,20,6,-20.0,0.0,-20.0,20.0,0.0,0.0,0.0,-20.0
19.78337812423706,0.0,0.0,-0.27215,95.0,20,6,-20.0,0.0,-20.0,20.0,0.0,0.0,0.0,-20.0
19.87838077545166,0.0,0.0,-0.26948500000000003,95.0,20,6,-20.0,0.0,-20.0,20.0,0.0,0.0,0.0,-20.0
19.97237730026245,0.0,0.0,-0.26692,95.0,20,6,-20.0,0.0,-20.0,20.0,0.0,0.0,0.0,-20.0
20.068379402160645,0.0,0.0,-0.26443,95.0,20,6,-20.0,0.0,-20.0,20.0,0.0,0.0,0.0,-20.0
20.16438341140747,0.0,0.0,-0.261955,95.0,20,6,-20.0,0.0,-20.0,20.0,0.0,0.0,0.0,-20.0
20.26138210296631,0.0,0.0,-0.25953250000000005,95.0,20,6,-20.0,0.0,-20.0,20.0,0.0,0.0,0.0,-20.0
20.41338038444519,0.0,0.0,-0.25655500000000003,95.0,20,5,-20.0,0.0,-20.0,20.0,0.0,0.0,0.0,-20.0
20.518378973007202,0.0,0.0,-0.2532825,95.0,20,5,-20.0,0.0,-20.0,20.0,0.0,0.0,0.0,-20.0
20.617380619049072,0.0,0.0,-0.251205,95.0,20,5,-20.0,0.0,-20.0,20.0,0.0,0.0,0.0,-20.0
20.695383548736572,0.0,0.0,-0.2491325,95.0,20,4,-20.0,0.0,-20.0,20.0,0.0,0.0,0.0,-20.0
20.791578769683838,0.0,0.0,-0.2475,95.0,20,5,-20.0,0.0,-20.0,20.0,0.0,0.0,0.0,-20.0
20.88804864883423,0.0,0.0,-0.245575,95.0,20,4,-20.0,0.0,-20.0,20.0,0.0,0.0,0.0,-20.0
20.986053228378296,0.0,0.0,-0.24366500000000002,95.0,20,4,-20.0,0.0,-20.0,20.0,0.0,0.0,0.0,-20.0
21.067050218582153,0.0,0.0,-0.241755,95.0,20,4,-20.0,0.0,-20.0,20.0,0.0,0.0,0.0,-20.0
21.162052869796753,0.0,0.0,-0.2402275,95.0,20,4,-20.0,0.0,-20.0,20.0,0.0,0.0,0.0,-20.0
21.259047746658325,0.0,0.0,-0.23844749999999998,95.0,20,4,-20.0,0.0,-20.0,20.0,0.0,0.0,0.0,-20.0
21.35060715675354,0.0,0.0,-0.23675749999999998,95.0,20,3,-20.0,0.0,-20.0,20.0,0.0,0.0,0.0,-20.0
21.46960997581482,0.0,0.0,-0.23515,95.0,20,3,-20.0,0.0,-20.0,20.0,0.0,0.0,0.0,-20.0
21.580606937408447,0.0,0.0,-0.2330175,95.0,20,2,-20.0,0.0,-20.0,20.0,0.0,0.0,0.0,-20.0
21.661612033843994,0.0,0.0,-0.23129500000000003,95.0,20,2,-20.0,0.0,-20.0,20.0,0.0,0.0,0.0,-20.0
21.73860502243042,0.0,0.0,-0.23029500000000003,95.0,20,2,-15.931854,-4.0681458,-20.0,15.931854,4.0681458,0.0,0.0,-20.0
21.81961965560913,0.0,0.0,-0.2299425,95.0,20,2,0.0,-20.0,-20.0,0.0,20.0,0.0,0.0,-20.0
21.915606260299683,0.0,0.0,-0.2294825,95.0,20,3,0.0,-20.0,-20.0,0.0,20.0,0.0,0.0,-20.0
21.995615005493164,0.0,0.0,-0.2281025,95.0,20,3,0.0,-20.0,-20.0,0.0,20.0,0.0,0.0,-20.0
22.093608617782593,0.0,0.0,-0.22622499999999998,95.0,20,4,0.0,-20.0,-20.0,0.0,20.0,0.0,0.0,-20.0
22.17560839653015,0.0,0.0,-0.22351249999999998,95.0,20,5,0.0,-20.0,-20.0,0.0,20.0,0.0,0.0,-20.0
22.254607915878296,0.0,0.0,-0.22191500000000003,95.0,20,6,0.0,-20.0,-20.0,0.0,20.0,0.0,0.0,-20.0
22.348605155944824,0.0,0.0,-0.22097750000000002,95.0,20,7,0.0,-20.0,-20.0,0.0,20.0,0.0,0.0,-20.0
22.440606832504272,0.00011250000000001137,3.749999999999432e-05,-0.22073500000000001,95.0,20,7,0.0,-20.0,-20.0,0.0,20.0,0.0,0.0,-20.0
22.519608736038208,0.0014124999999999943,0.0004749999999999943,-0.2215075,95.0,20,8,0.0,-20.0,-20.0,0.0,20.0,0.0,0.0,-20.0
22.646758794784546,0.003675000000000011,0.00125,-0.22285750000000001,95.0,20,9,0.0,-20.0,-20.0,0.0,20.0,0.0,0.0,-20.0
22.753758907318115,0.0091875,0.0031750000000000116,-0.226135,95.0,20,9,0.0,-20.0,-20.0,0.0,20.0,0.0,0.0,-20.0
22.849756956100464,0.013212500000000005,0.004599999999999995,-0.2285325,95.0,0,9,0.0,-20.0,-20.0,0.0,20.0,0.0,0.0,-20.0
22.979772090911865,0.01711250000000001,0.006012499999999988,-0.2308675,66.35211181640625,0,10,20.0,0.0,0.0,-20.0,0.0,-20.0,-20.0,0.0
23.076764345169067,0.022462500000000007,0.008,-0.23404750000000002,66.35211181640625,0,9,20.0,0.0,0.0,-20.0,0.0,-20.0,-20.0,0.0
23.171754360198975,0.02636250000000001,0.009487500000000012,-0.2363675,66.35211181640625,0,9,20.0,0.0,0.0,-20.0,0.0,-20.0,-20.0,0.0
23.26676297187805,0.030224999999999995,0.010987500000000011,-0.23867000000000002,66.35211181640625,0,9,20.0,0.0,0.0,-20.0,0.0,-20.0,-20.0,0.0
23.362756729125977,0.03408750000000001,0.012525000000000005,-0.240975,66.35211181640625,0,9,20.0,0.0,0.0,-20.0,0.0,-20.0,-20.0,0.0
23.45676589012146,0.037962499999999975,0.014099999999999994,-0.24328,66.35211181640625,0,9,20.0,0.0,0.0,-20.0,0.0,-20.0,-20.0,0.0
23.525298833847046,0.041787500000000026,0.015675000000000012,-0.2455575,66.35211181640625,0,10,20.0,0.0,0.0,-20.0,0.0,-20.0,-20.0,0.0
23.62030005455017,0.04451249999999999,0.01682499999999999,-0.24718,66.35211181640625,0,9,20.0,0.0,0.0,-20.0,0.0,-20.0,-20.0,0.0
23.73884153366089,0.048324999999999986,0.018474999999999995,-0.24944999999999998,66.35211181640625,0,9,20.0,0.0,0.0,-20.0,0.0,-20.0,-20.0,0.0
23.87037491798401,0.05347500000000002,0.020775000000000005,-0.2525225,66.35211181640625,0,9,20.0,0.0,0.0,-20.0,0.0,-20.0,-20.0,0.0
23.964364767074585,0.05698750000000001,0.022375,-0.2546175,66.35211181640625,0,9,20.0,0.0,0.0,-20.0,0.0,-20.0,-20.0,0.0
24.030362606048584,0.0580625,0.02286250000000001,-0.25525749999999997,66.35211181640625,0,10,20.0,0.0,0.0,-20.0,0.0,-20.0,-20.0,0.0
24.12337350845337,0.05777499999999998,0.022837500000000007,-0.25554,66.35211181640625,0,9,20.0,0.0,0.0,-20.0,0.0,-20.0,-20.0,0.0
24.19336247444153,0.05642500000000001,0.022650000000000007,-0.25669,66.35211181640625,0,10,20.0,0.0,0.0,-20.0,0.0,-20.0,-20.0,0.0
24.265361547470093,0.05476249999999999,0.02242500000000001,-0.2581175,66.35211181640625,0,10,20.0,0.0,0.0,-20.0,0.0,-20.0,-20.0,0.0
24.36036443710327,0.05248750000000001,0.02211250000000001,-0.260065,66.35211181640625,0,9,20.0,0.0,0.0,-20.0,0.0,-20.0,-20.0,0.0
24.457364797592163,0.048875,0.021587500000000006,-0.263155,66.35211181640625,0,8,20.0,0.0,0.0,-20.0,0.0,-20.0,-20.0,0.0
24.55392551422119,0.045300000000000014,0.021037499999999994,-0.26622500000000004,66.35211181640625,0,7,20.0,0.0,0.0,-20.0,0.0,-20.0,-20.0,0.0
24.65092444419861,0.0416875,0.02044999999999999,-0.26931499999999997,66.35211181640625,0,7,20.0,0.0,0.0,-20.0,0.0,-20.0,-20.0,0.0
24.746928215026855,0.0380625,0.01982499999999999,-0.27242,66.35211181640625,0,6,20.0,0.0,0.0,-20.0,0.0,-20.0,-20.0,0.0
24.84392476081848,0.03458750000000001,0.019199999999999988,-0.275395,66.35211181640625,0,6,20.0,0.0,0.0,-20.0,0.0,-20.0,-20.0,0.0
24.973941802978516,0.031412499999999996,0.018587500000000007,-0.278105,66.35211181640625,0,6,20.0,0.0,0.0,-20.0,0.0,-20.0,-20.0,0.0
25.07292675971985,0.02857499999999999,0.018,-0.280535,66.35211181640625,0,5,20.0,0.0,0.0,-20.0,0.0,-20.0,-20.0,0.0
25.16644048690796,0.026824999999999988,0.017625,-0.28204,66.35211181640625,0,5,0.0,20.0,0.0,0.0,-20.0,-20.0,-20.0,0.0
25.261573553085327,0.025224999999999994,0.01726249999999999,-0.28340750000000003,66.35211181640625,0,4,0.0,20.0,0.0,0.0,-20.0,-20.0,-20.0,0.0
25.356651306152344,0.023612500000000012,0.016875,-0.28478250000000005,66.35211181640625,0,3,0.0,20.0,0.0,0.0,-20.0,-20.0,-20.0,0.0
25.43665051460266,0.0220625,0.016487500000000013,-0.2861175,66.35211181640625,0,3,0.0,20.0,0.0,0.0,-20.0,-20.0,-20.0,0.0
25.530641317367554,0.02082499999999999,0.016175000000000012,-0.28718,66.35211181640625,0,2,0.0,20.0,0.0,0.0,-20.0,-20.0,-20.0,0.0
25.609641075134277,0.019375,0.015787499999999996,-0.28842,66.35211181640625,0,2,0.0,20.0,0.0,0.0,-20.0,-20.0,-20.0,0.0
25.688645839691162,0.01861250000000001,0.015574999999999988,-0.2890625,66.35211181640625,0,2,0.0,20.0,0.0,0.0,-20.0,-20.0,-20.0,0.0
25.767643690109253,0.018324999999999987,0.015487500000000012,-0.2893125,66.35211181640625,0,2,0.0,20.0,0.0,0.0,-20.0,-20.0,-20.0,0.0
25.843643188476562,0.01780000000000001,0.015337500000000006,-0.2897625,66.35211181640625,0,3,0.0,20.0,0.0,0.0,-20.0,-20.0,-20.0,0.0
25.937216997146606,0.01744999999999999,0.015237500000000011,-0.29006,66.35211181640625,0,3,0.0,20.0,0.0,0.0,-20.0,-20.0,-20.0,0.0
26.053218841552734,0.01626249999999999,0.01488749999999999,-0.291075,66.35211181640625,0,2,0.0,20.0,0.0,0.0,-20.0,-20.0,-20.0,0.0
26.147226333618164,0.015099999999999994,0.014525000000000005,-0.29207,66.35211181640625,0,1,0.0,20.0,0.0,0.0,-20.0,-20.0,-20.0,0.0
26.22522258758545,0.014675000000000011,0.014387499999999989,-0.292435,66.35211181640625,0,2,0.0,20.0,0.0,0.0,-20.0,-20.0,-20.0,0.0
26.305219411849976,0.014400000000000007,0.014287499999999995,-0.29268,66.35211181640625,0,2,0.0,20.0,0.0,0.0,-20.0,-20.0,-20.0,0.0
26.398226499557495,0.013625,0.014012499999999989,-0.29334,66.35211181640625,0,2,0.0,20.0,0.0,0.0,-20.0,-20.0,-20.0,0.0
26.47722029685974,0.012849999999999995,0.01375,-0.2939975,66.35211181640625,0,2,0.0,20.0,0.0,0.0,-20.0,-20.0,-20.0,0.0
26.55621910095215,0.012512499999999989,0.013612500000000012,-0.2943,66.35211181640625,0,2,0.0,20.0,0.0,0.0,-20.0,-20.0,-20.0,0.0
26.63522481918335,0.012224999999999995,0.013512499999999988,-0.2945475,66.35211181640625,0,2,0.0,20.0,0.0,0.0,-20.0,-20.0,-20.0,0.0
26.714229822158813,0.011474999999999994,0.013224999999999994,-0.295175,66.35211181640625,0,2,0.0,20.0,0.0,0.0,-20.0,-20.0,-20.0,0.0
26.79322123527527,0.010912499999999995,0.013,-0.2956575,66.35211181640625,0,2,0.0,20.0,0.0,0.0,-20.0,-20.0,-20.0,0.0
26.885217905044556,0.010574999999999989,0.012875,-0.2959525,66.35211181640625,0,2,0.0,20.0,0.0,0.0,-20.0,-20.0,-20.0,0.0
26.963233470916748,0.010199999999999989,0.012712500000000005,-0.29627,66.35211181640625,0,2,0.0,20.0,0.0,0.0,-20.0,-20.0,-20.0,0.0
27.05821704864502,0.009912499999999994,0.012587500000000005,-0.2965125,66.35211181640625,0,2,0.0,20.0,0.0,0.0,-20.0,-20.0,-20.0,0.0
27.17021870613098,0.0090625,0.012212500000000006,-0.297235,66.35211181640625,0,1,0.0,20.0,0.0,0.0,-20.0,-20.0,-20.0,0.0
27.25022292137146,0.00861250000000001,0.012012499999999988,-0.297625,66.35211181640625,0,1,0.0,20.0,0.0,0.0,-20.0,-20.0,-20.0,0.0
27.32822823524475,0.008349999999999995,0.011887499999999988,-0.2978525,66.35211181640625,0,1,0.0,20.0,0.0,0.0,-20.0,-20.0,-20.0,0.0
27.406219720840454,0.008074999999999988,0.011737500000000012,-0.29808999999999997,66.35211181640625,0,1,0.0,20.0,0.0,0.0,-20.0,-20.0,-20.0,0.0
27.485219955444336,0.007787499999999994,0.011599999999999994,-0.29833499999999996,66.35211181640625,0,1,0.0,20.0,0.0,0.0,-20.0,-20.0,-20.0,0.0
27.56281280517578,0.0075,0.011449999999999988,-0.298585,66.35211181640625,0,1,0.0,20.0,0.0,0.0,-20.0,-20.0,-20.0,0.0
27.640817165374756,0.0071999999999999885,0.0113125,-0.29883,66.35211181640625,0,1,0.0,20.0,0.0,0.0,-20.0,-20.0,-20.0,0.0
27.71980905532837,0.006925000000000011,0.011162499999999994,-0.299075,66.35211181640625,0,1,0.0,20.0,0.0,0.0,-20.0,-20.0,-20.0,0.0
27.798805713653564,0.006637499999999989,0.011,-0.2993125,66.35211181640625,0,1,0.0,20.0,0.0,0.0,-20.0,-20.0,-20.0,0.0
27.875804901123047,0.006362500000000011,0.010837500000000005,-0.2995475,66.35211181640625,0,1,0.0,20.0,0.0,0.0,-20.0,-20.0,-20.0,0.0
27.969810962677002,0.006099999999999994,0.0106875,-0.29977499999999996,66.35211181640625,0,1,0.0,20.0,0.0,0.0,-20.0,-20.0,-20.0,0.0
28.04681396484375,0.005762499999999989,0.01048750000000001,-0.3000675,66.35211181640625,0,1,0.0,20.0,0.0,0.0,-20.0,-20.0,-20.0,0.0
28.12580680847168,0.0055,0.0103125,-0.3002925,66.35211181640625,0,1,0.0,20.0,0.0,0.0,-20.0,-20.0,-20.0,0.0
28.20481538772583,0.005275000000000005,0.010162499999999994,-0.3004875,66.35211181640625,0,1,0.0,20.0,0.0,0.0,-20.0,-20.0,-20.0,0.0
28.31580686569214,0.005025000000000006,0.01,-0.300705,66.35211181640625,0,1,0.0,20.0,0.0,0.0,-20.0,-20.0,-20.0,0.0
28.39380955696106,0.004837500000000006,0.009875,-0.30087,66.35211181640625,0,1,0.0,20.0,0.0,0.0,-20.0,-20.0,-20.0,0.0
28.47180485725403,0.004662499999999994,0.00975,-0.30101,66.35211181640625,0,1,0.0,20.0,0.0,0.0,-20.0,-20.0,-20.0,0.0
28.548805236816406,0.004474999999999995,0.009625,-0.3011725,66.35211181640625,0,1,0.0,20.0,0.0,0.0,-20.0,-20.0,-20.0,0.0
28.62881326675415,0.0042874999999999944,0.0095,-0.30132749999999997,66.35211181640625,0,1,0.0,20.0,0.0,0.0,-20.0,-20.0,-20.0,0.0
28.705854892730713,0.004112500000000011,0.009362500000000011,-0.3014775,66.35211181640625,0,1,0.0,20.0,0.0,0.0,-20.0,-20.0,-20.0,0.0
28.783859968185425,0.0039375,0.009224999999999994,-0.30163,66.35211181640625,0,1,0.0,20.0,0.0,0.0,-20.0,-20.0,-20.0,0.0
28.874855041503906,0.0037874999999999944,0.009087500000000005,-0.30176,66.35211181640625,0,1,0.0,20.0,0.0,0.0,-20.0,-20.0,-20.0,0.0
28.95285201072693,0.003625,0.008962500000000005,-0.3019,66.35211181640625,0,0,0.0,20.0,0.0,0.0,-20.0,-20.0,-20.0,0.0
29.030855655670166,0.0034875000000000114,0.008837500000000005,-0.30201999999999996,66.35211181640625,0,1,0.0,20.0,0.0,0.0,-20.0,-20.0,-20.0,0.0
29.12686514854431,0.003337500000000006,0.008712500000000005,-0.3021375,66.35211181640625,0,1,0.0,20.0,0.0,0.0,-20.0,-20.0,-20.0,0.0
29.204926013946533,0.0031999999999999884,0.008587500000000005,-0.30226,66.35211181640625,0,0,0.0,20.0,0.0,0.0,-20.0,-20.0,-20.0,0.0
29.28492569923401,0.0030749999999999888,0.008474999999999995,-0.30237,66.35211181640625,0,0,0.0,20.0,0.0,0.0,-20.0,-20.0,-20.0,0.0
29.389926433563232,0.0029499999999999887,0.00836250000000001,-0.30247,66.35211181640625,0,0,0.0,20.0,0.0,0.0,-20.0,-20.0,-20.0,0.0
29.469928979873657,0.0028249999999999885,0.00825,-0.30257,66.35211181640625,0,0,0.0,20.0,0.0,0.0,-20.0,-20.0,-20.0,0.0
29.54797863960266,0.0027249999999999944,0.008125,-0.30267,66.35211181640625,0,0,0.0,20.0,0.0,0.0,-20.0,-20.0,-20.0,0.0
29.62399435043335,0.0026125000000000115,0.008025000000000006,-0.30276,66.35211181640625,0,0,0.0,20.0,0.0,0.0,-20.0,-20.0,-20.0,0.0
29.701984882354736,0.0025124999999999887,0.007912499999999994,-0.30285,66.35211181640625,0,0,0.0,20.0,0.0,0.0,-20.0,-20.0,-20.0,0.0
29.793980598449707,0.0024124999999999945,0.007800000000000012,-0.30294,66.35211181640625,0,0,0.0,20.0,0.0,0.0,-20.0,-20.0,-20.0,0.0
29.871984720230103,0.0023125,0.007699999999999989,-0.30301999999999996,66.35211181640625,0,0,0.0,20.0,0.0,0.0,-20.0,-20.0,-20.0,0.0
29.9519784450531,0.0022249999999999943,0.007587500000000006,-0.30310000000000004,66.35211181640625,0,0,0.0,20.0,0.0,0.0,-20.0,-20.0,-20.0,0.0
30.030505418777466,0.002125,0.0074875000000000115,-0.30318,66.35211181640625,0,0,0.0,20.0,0.0,0.0,-20.0,-20.0,-20.0,0.0
30.10950517654419,0.002037499999999994,0.007375,-0.30325,66.35211181640625,0,0,0.0,20.0,0.0,0.0,-20.0,-20.0,-20.0,0.0
30.184504508972168,0.0019625000000000055,0.007275000000000005,-0.30332,66.35211181640625,0,0,0.0,20.0,0.0,0.0,-20.0,-20.0,-20.0,0.0
30.261505603790283,0.001875,0.007175000000000011,-0.30339,66.35211181640625,0,0,0.0,20.0,0.0,0.0,-20.0,-20.0,-20.0,0.0
30.339504718780518,0.0018125,0.007074999999999988,-0.30345,66.35211181640625,0,0,0.0,20.0,0.0,0.0,-20.0,-20.0,-20.0,0.0
30.439507484436035,0.0017375000000000114,0.006987500000000011,-0.30351,66.35211181640625,0,0,0.0,20.0,0.0,0.0,-20.0,-20.0,-20.0,0.0
30.515503406524658,0.0016750000000000113,0.006887499999999988,-0.30357,66.35211181640625,0,0,0.0,20.0,0.0,0.0,-20.0,-20.0,-20.0,0.0
30.593518018722534,0.0015999999999999942,0.006800000000000012,-0.30363,66.35211181640625,0,0,0.0,20.0,0.0,0.0,-20.0,-20.0,-20.0,0.0
30.737525701522827,0.0015374999999999944,0.006699999999999989,-0.30369,66.96359825134277,0,0,0.0,19.573101,0.42689896,0.0,-20.0,-20.0,-20.0,0.0
30.878509044647217,0.0014749999999999943,0.006612500000000012,-0.30374,73.9530029296875,0,0,0.0,14.693577,5.306423,0.0,-20.0,-20.0,-20.0,0.0
31.022517442703247,0.0014250000000000113,0.006525000000000006,-0.30379,80.45132255554199,0,0,0.0,10.156893,9.843107,0.0,-20.0,-20.0,-20.0,0.0
31.16457986831665,0.0013625000000000113,0.006425000000000011,-0.30384,87.8947319984436,0,0,0.0,4.9604135,15.039587,0.0,-20.0,-20.0,-20.0,0.0
31.305572986602783,0.0013000000000000114,0.0063375000000000055,-0.30388,94.61816170811653,0,0,0.0,0.26657248,19.733427,0.0,-20.0,-20.0,-20.0,0.0
31.44657611846924,0.00125,0.0062624999999999886,-0.30393000000000003,95.0,0,0,0.0,0.0,20.0,0.0,-20.0,-20.0,-20.0,0.0
31.525579690933228,0.0011999999999999886,0.006175000000000011,-0.30397,95.0,0,0,0.0,0.0,20.0,0.0,-20.0,-20.0,-20.0,0.0
31.603577375411987,0.0011500000000000056,0.006087500000000006,-0.30401,95.0,0,0,0.0,0.0,20.0,0.0,-20.0,-20.0,-20.0,0.0
31.716646909713745,0.0011125000000000113,0.006,-0.30405,95.0,0,0,0.0,0.0,20.0,0.0,-20.0,-20.0,-20.0,0.0
31.794636011123657,0.0010625,0.005925000000000011,-0.30408999999999997,95.0,0,0,0.0,0.0,20.0,0.0,-20.0,-20.0,-20.0,0.0
31.8716402053833,0.0010250000000000057,0.005837500000000006,-0.30413,95.0,0,0,0.0,0.0,20.0,0.0,-20.0,-20.0,-20.0,0.0
31.948636531829834,0.0009749999999999943,0.005762499999999989,-0.30416000000000004,95.0,0,0,0.0,0.0,20.0,0.0,-20.0,-20.0,-20.0,0.0
32.02666449546814,0.0009375,0.005675000000000012,-0.30419,95.0,0,0,0.0,0.0,20.0,0.0,-20.0,-20.0,-20.0,0.0
32.10364031791687,0.0009000000000000057,0.005599999999999995,-0.30423,95.0,0,0,0.0,0.0,20.0,0.0,-20.0,-20.0,-20.0,0.0
32.18063759803772,0.000875,0.005525000000000006,-0.30426,95.0,0,0,0.0,0.0,20.0,0.0,-20.0,-20.0,-20.0,0.0
32.256643295288086,0.0008249999999999886,0.005449999999999989,-0.30429,95.0,0,0,0.0,0.0,20.0,0.0,-20.0,-20.0,-20.0,0.0
32.33464217185974,0.0008000000000000114,0.005375,-0.30432,95.0,0,0,0.0,0.0,20.0,0.0,-20.0,-20.0,-20.0,0.0
32.412649393081665,0.0007750000000000057,0.005300000000000011,-0.30434,95.0,0,0,0.0,0.0,20.0,0.0,-20.0,-20.0,-20.0,0.0
32.49064111709595,0.0007375000000000114,0.005224999999999994,-0.30437000000000003,95.0,0,0,0.0,0.0,20.0,0.0,-20.0,-20.0,-20.0,0.0
32.56764459609985,0.0007125000000000057,0.005162499999999994,-0.30439,95.0,0,0,0.0,0.0,20.0,0.0,-20.0,-20.0,-20.0,0.0
32.64363765716553,0.0006750000000000114,0.005087500000000006,-0.30442,95.0,0,0,0.0,0.0,20.0,0.0,-20.0,-20.0,-20.0,0.0
32.72364044189453,0.0006500000000000057,0.005025000000000006,-0.30444,95.0,0,0,0.0,0.0,20.0,0.0,-20.0,-20.0,-20.0,0.0
32.82871079444885,0.000625,0.004949999999999988,-0.30445999999999995,95.0,0,0,0.0,0.0,20.0,0.0,-20.0,-20.0,-20.0,0.0
32.907707929611206,0.0005999999999999943,0.004875,-0.30449,95.0,0,0,0.0,0.0,20.0,0.0,-20.0,-20.0,-20.0,0.0
32.9842312335968,0.0005749999999999886,0.004824999999999989,-0.30451,95.0,0,0,0.0,0.0,20.0,0.0,-20.0,-20.0,-20.0,0.0
33.061230421066284,0.0005500000000000114,0.00475,-0.30452999999999997,95.0,0,0,0.0,0.0,20.0,0.0,-20.0,-20.0,-20.0,0.0
33.140244007110596,0.0005250000000000057,0.004675000000000012,-0.30454000000000003,95.0,0,0,0.0,0.0,20.0,0.0,-20.0,-20.0,-20.0,0.0
33.2152316570282,0.0005124999999999887,0.004625,-0.30456,95.0,0,0,0.0,0.0,20.0,0.0,-20.0,-20.0,-20.0,0.0
33.291229486465454,0.00048750000000001136,0.0045625,-0.30457999999999996,95.0,0,0,0.0,0.0,20.0,0.0,-20.0,-20.0,-20.0,0.0
33.37023067474365,0.0004749999999999943,0.0044875000000000114,-0.30460000000000004,95.0,0,0,0.0,0.0,20.0,0.0,-20.0,-20.0,-20.0,0.0
33.44822907447815,0.0004749999999999943,0.0044875000000000114,-0.30460000000000004,95.0,0,0,0.0,0.0,20.0,0.0,-20.0,-20.0,-20.0,0.0
33.52623152732849,0.00042500000000001136,0.004375,-0.30463,95.0,0,0,0.0,0.0,20.0,0.0,-20.0,-20.0,-20.0,0.0
33.60475707054138,0.00042500000000001136,0.004375,-0.30463,95.0,0,0,0.0,0.0,20.0,0.0,-20.0,-20.0,-20.0,0.0
33.68275856971741,0.0004000000000000057,0.00425,-0.30466000000000004,95.0,0,0,0.0,0.0,20.0,0.0,-20.0,-20.0,-20.0,0.0
33.760759592056274,0.0004000000000000057,0.00425,-0.30466000000000004,95.0,0,0,0.0,0.0,20.0,0.0,-20.0,-20.0,-20.0,0.0
33.85784912109375,0.000375,0.004137499999999988,-0.30468,95.0,0,0,0.0,0.0,20.0,0.0,-20.0,-20.0,-20.0,0.0
33.947378158569336,0.0003499999999999943,0.004074999999999988,-0.30469999999999997,95.0,0,0,0.0,0.0,20.0,0.0,-20.0,-20.0,-20.0,0.0
34.021382331848145,0.0003499999999999943,0.004074999999999988,-0.30469999999999997,95.0,0,0,0.0,0.0,20.0,0.0,-20.0,-20.0,-20.0,0.0
34.098382234573364,0.00032499999999998866,0.003974999999999994,-0.30472000000000005,95.0,0,0,0.0,0.0,20.0,0.0,-20.0,-20.0,-20.0,0.0
34.175387382507324,0.00032499999999998866,0.003974999999999994,-0.30472000000000005,95.0,0,0,0.0,0.0,20.0,0.0,-20.0,-20.0,-20.0,0.0
34.254379987716675,0.00030000000000001136,0.0038625000000000113,-0.30474,95.0,0,0,0.0,0.0,20.0,0.0,-20.0,-20.0,-20.0,0.0
34.33237934112549,0.00030000000000001136,0.0038625000000000113,-0.30474,95.0,0,0,0.0,0.0,20.0,0.0,-20.0,-20.0,-20.0,0.0
34.40938067436218,0.0002750000000000057,0.0037624999999999885,-0.30476,95.0,0,0,0.0,0.0,20.0,0.0,-20.0,-20.0,-20.0,0.0
34.50338125228882,0.0002750000000000057,0.0037624999999999885,-0.30476,95.0,0,0,0.0,0.0,20.0,0.0,-20.0,-20.0,-20.0,0.0
34.580381631851196,0.00025,0.0036500000000000057,-0.30478,95.0,0,0,0.0,0.0,20.0,0.0,-20.0,-20.0,-20.0,0.0
34.66038107872009,0.00025,0.0036500000000000057,-0.30478,95.0,0,0,0.0,0.0,20.0,0.0,-20.0,-20.0,-20.0,0.0
34.73737907409668,0.00022499999999999433,0.0035625,-0.3048,95.0,0,0,0.0,0.0,20.0,0.0,-20.0,-20.0,-20.0,0.0
34.81437706947327,0.00022499999999999433,0.0035625,-0.3048,95.0,0,0,0.0,0.0,20.0,0.0,-20.0,-20.0,-20.0,0.0
34.89238381385803,0.00022499999999999433,0.0034625000000000055,-0.30481,95.0,0,0,0.0,0.0,20.0,0.0,-20.0,-20.0,-20.0,0.0
35.000378370285034,0.00022499999999999433,0.0034625000000000055,-0.30481,95.0,0,0,0.0,0.0,20.0,0.0,-20.0,-20.0,-20.0,0.0
35.0763955116272,0.00019999999999998863,0.0033625000000000113,-0.30483,95.0,0,0,0.0,0.0,20.0,0.0,-20.0,-20.0,-20.0,0.0
35.156383752822876,0.00019999999999998863,0.0033625000000000113,-0.30483,95.0,0,0,0.0,0.0,20.0,0.0,-20.0,-20.0,-20.0,0.0
35.23638963699341,0.00017500000000001136,0.0032750000000000058,-0.30484,95.0,0,0,0.0,0.0,20.0,0.0,-20.0,-20.0,-20.0,0.0
35.31438851356506,0.00017500000000001136,0.0032750000000000058,-0.30484,95.0,0,0,0.0,0.0,20.0,0.0,-20.0,-20.0,-20.0,0.0
35.394387006759644,0.00017500000000001136,0.0031750000000000116,-0.30485,95.0,0,0,0.0,0.0,20.0,0.0,-20.0,-20.0,-20.0,0.0
35.472387075424194,0.00017500000000001136,0.0031750000000000116,-0.30485,95.0,0,0,0.0,0.0,20.0,0.0,-20.0,-20.0,-20.0,0.0
35.55138611793518,0.00016249999999999433,0.0030999999999999943,-0.30487000000000003,95.0,0,0,0.0,0.0,20.0,0.0,-20.0,-20.0,-20.0,0.0
35.63138508796692,0.00016249999999999433,0.0030999999999999943,-0.30487000000000003,95.0,0,0,0.0,0.0,20.0,0.0,-20.0,-20.0,-20.0,0.0
35.70737814903259,0.00013749999999998862,0.0030124999999999887,-0.30488,95.0,0,0,0.0,0.0,20.0,0.0,-20.0,-20.0,-20.0,0.0
35.78638744354248,0.00013749999999998862,0.0030124999999999887,-0.30488,95.0,0,0,0.0,0.0,20.0,0.0,-20.0,-20.0,-20.0,0.0
35.866387367248535,0.000125,0.0029250000000000114,-0.30489,95.0,0,0,0.0,0.0,20.0,0.0,-20.0,-20.0,-20.0,0.0
35.94437861442566,0.000125,0.0029250000000000114,-0.30489,95.0,0,0,0.0,0.0,20.0,0.0,-20.0,-20.0,-20.0,0.0
36.06037998199463,0.000125,0.0028499999999999945,-0.3049,95.0,0,0,0.0,0.0,20.0,0.0,-20.0,-20.0,-20.0,0.0
36.15438270568848,0.000125,0.0028499999999999945,-0.3049,95.0,0,0,0.0,0.0,20.0,0.0,-20.0,-20.0,-20.0,0.0
36.23338437080383,0.00011250000000001137,0.0027750000000000058,-0.3049,95.0,0,0,0.0,0.0,20.0,0.0,-20.0,-20.0,-20.0,0.0
36.32939434051514,0.00011250000000001137,0.0027750000000000058,-0.3049,95.0,0,0,0.0,0.0,20.0,0.0,-20.0,-20.0,-20.0,0.0
36.406378984451294,9.999999999999431e-05,0.0026999999999999884,-0.30491,95.0,0,0,0.0,0.0,20.0,0.0,-20.0,-20.0,-20.0,0.0
36.485390424728394,9.999999999999431e-05,0.0026999999999999884,-0.30491,95.0,0,0,0.0,0.0,20.0,0.0,-20.0,-20.0,-20.0,0.0
36.56339359283447,9.999999999999431e-05,0.002625,-0.30492,95.0,0,0,0.0,0.0,20.0,0.0,-20.0,-20.0,-20.0,0.0
36.641382694244385,9.999999999999431e-05,0.002625,-0.30492,95.0,0,0,0.0,0.0,20.0,0.0,-20.0,-20.0,-20.0,0.0
36.72138524055481,8.750000000000568e-05,0.0025500000000000115,-0.30492,95.0,0,0,0.0,0.0,20.0,0.0,-20.0,-20.0,-20.0,0.0
36.79837942123413,8.750000000000568e-05,0.0025500000000000115,-0.30492,95.0,0,0,0.0,0.0,20.0,0.0,-20.0,-20.0,-20.0,0.0
36.87738108634949,7.499999999998864e-05,0.002474999999999994,-0.30493000000000003,95.0,0,0,0.0,0.0,20.0,0.0,-20.0,-20.0,-20.0,0.0
36.955376386642456,7.499999999998864e-05,0.002474999999999994,-0.30493000000000003,95.0,0,0,0.0,0.0,20.0,0.0,-20.0,-20.0,-20.0,0.0
37.03537940979004,7.499999999998864e-05,0.002474999999999994,-0.30493000000000003,95.0,0,0,0.0,0.0,20.0,0.0,-20.0,-20.0,-20.0,0.0
37.14838004112244,7.499999999998864e-05,0.002375,-0.30494,95.0,0,0,0.0,0.0,20.0,0.0,-20.0,-20.0,-20.0,0.0
37.2283775806427,7.499999999998864e-05,0.002375,-0.30494,95.0,0,0,0.0,0.0,20.0,0.0,-20.0,-20.0,-20.0,0.0
37.30638241767883,7.499999999998864e-05,0.002375,-0.30494,95.0,0,0,0.0,0.0,20.0,0.0,-20.0,-20.0,-20.0,0.0
37.38538074493408,6.25e-05,0.0022874999999999944,-0.30495,95.0,0,0,0.0,0.0,20.0,0.0,-20.0,-20.0,-20.0,0.0
37.461381912231445,6.25e-05,0.0022874999999999944,-0.30495,95.0,0,0,0.0,0.0,20.0,0.0,-20.0,-20.0,-20.0,0.0
37.54040312767029,6.25e-05,0.0022874999999999944,-0.30495,95.0,0,0,0.0,0.0,20.0,0.0,-20.0,-20.0,-20.0,0.0
37.621376752853394,6.25e-05,0.0021875,-0.30495,95.0,0,0,0.0,0.0,20.0,0.0,-20.0,-20.0,-20.0,0.0
37.69737958908081,6.25e-05,0.0021875,-0.30495,95.0,0,0,0.0,0.0,20.0,0.0,-20.0,-20.0,-20.0,0.0
37.77537798881531,6.25e-05,0.0021875,-0.30495,95.0,0,0,0.0,0.0,20.0,0.0,-20.0,-20.0,-20.0,0.0
37.85438561439514,5.0000000000011366e-05,0.0021125000000000115,-0.30495999999999995,95.0,0,0,0.0,0.0,20.0,0.0,-20.0,-20.0,-20.0,0.0
37.93038201332092,5.0000000000011366e-05,0.0021125000000000115,-0.30495999999999995,95.0,0,0,0.0,0.0,20.0,0.0,-20.0,-20.0,-20.0,0.0
38.008379220962524,5.0000000000011366e-05,0.0021125000000000115,-0.30495999999999995,95.0,0,0,0.0,0.0,20.0,0.0,-20.0,-20.0,-20.0,0.0
38.086379289627075,3.749999999999432e-05,0.0020250000000000055,-0.30495999999999995,95.0,0,0,0.0,0.0,20.0,0.0,-20.0,-20.0,-20.0,0.0
38.16437816619873,3.749999999999432e-05,0.0020250000000000055,-0.30495999999999995,95.0,0,0,0.0,0.0,20.0,0.0,-20.0,-20.0,-20.0,0.0
38.27138161659241,3.749999999999432e-05,0.0020250000000000055,-0.30495999999999995,95.0,0,0,0.0,0.0,20.0,0.0,-20.0,-20.0,-20.0,0.0
38.349387407302856,3.749999999999432e-05,0.0019375,-0.30497,95.0,0,0,0.0,0.0,20.0,0.0,-20.0,-20.0,-20.0,0.0
38.42437672615051,3.749999999999432e-05,0.0019375,-0.30497,95.0,0,0,0.0,0.0,20.0,0.0,-20.0,-20.0,-20.0,0.0
38.50538897514343,3.749999999999432e-05,0.0019375,-0.30497,95.0,0,0,0.0,0.0,20.0,0.0,-20.0,-20.0,-20.0,0.0
38.600388050079346,2.5000000000005683e-05,0.0018625000000000113,-0.30497,95.0,0,0,0.0,0.0,20.0,0.0,-20.0,-20.0,-20.0,0.0
38.67538022994995,2.5000000000005683e-05,0.0018625000000000113,-0.30497,95.0,0,0,0.0,0.0,20.0,0.0,-20.0,-20.0,-20.0,0.0
38.755382776260376,2.5000000000005683e-05,0.0018625000000000113,-0.30497,95.0,0,0,0.0,0.0,20.0,0.0,-20.0,-20.0,-20.0,0.0
38.83237934112549,2.5000000000005683e-05,0.0017750000000000057,-0.30497,95.0,0,0,0.0,0.0,20.0,0.0,-20.0,-20.0,-20.0,0.0
38.908384561538696,2.5000000000005683e-05,0.0017750000000000057,-0.30497,95.0,0,0,0.0,0.0,20.0,0.0,-20.0,-20.0,-20.0,0.0
38.98638987541199,2.5000000000005683e-05,0.0017750000000000057,-0.30497,95.0,0,0,0.0,0.0,20.0,0.0,-20.0,-20.0,-20.0,0.0
39.06437873840332,2.5000000000005683e-05,0.0017750000000000057,-0.30497,95.0,0,0,0.0,0.0,20.0,0.0,-20.0,-20.0,-20.0,0.0
39.143386125564575,2.5000000000005683e-05,0.0016875,-0.30498000000000003,95.0,0,0,0.0,0.0,20.0,0.0,-20.0,-20.0,-20.0,0.0
39.22238230705261,2.5000000000005683e-05,0.0016875,-0.30498000000000003,95.0,0,0,0.0,0.0,20.0,0.0,-20.0,-20.0,-20.0,0.0
39.333903789520264,2.5000000000005683e-05,0.0016875,-0.30498000000000003,95.0,0,0,0.0,0.0,20.0,0.0,-20.0,-20.0,-20.0,0.0
39.41090536117554,2.5000000000005683e-05,0.0016875,-0.30498000000000003,95.0,0,0,0.0,0.0,20.0,0.0,-20.0,-20.0,-20.0,0.0
39.48543405532837,2.5000000000005683e-05,0.0015999999999999942,-0.30498000000000003,95.0,0,0,0.0,0.0,20.0,0.0,-20.0,-20.0,-20.0,0.0
39.56343603134155,2.5000000000005683e-05,0.0015999999999999942,-0.30498000000000003,95.0,0,0,0.0,0.0,20.0,0.0,-20.0,-20.0,-20.0,0.0
39.643431186676025,2.5000000000005683e-05,0.0015999999999999942,-0.30498000000000003,95.0,0,0,0.0,0.0,20.0,0.0,-20.0,-20.0,-20.0,0.0
39.72343444824219,2.5000000000005683e-05,0.0015250000000000057,-0.30498000000000003,95.0,0,0,0.0,0.0,20.0,0.0,-20.0,-20.0,-20.0,0.0
39.801430225372314,2.5000000000005683e-05,0.0015250000000000057,-0.30498000000000003,95.0,0,0,0.0,0.0,20.0,0.0,-20.0,-20.0,-20.0,0.0
39.87843132019043,2.5000000000005683e-05,0.0015250000000000057,-0.30498000000000003,95.0,0,0,0.0,0.0,20.0,0.0,-20.0,-20.0,-20.0,0.0
39.955429792404175,2.5000000000005683e-05,0.0015250000000000057,-0.30498000000000003,95.0,0,0,0.0,0.0,20.0,0.0,-20.0,-20.0,-20.0,0.0
40.03243374824524,2.5000000000005683e-05,0.0014499999999999886,-0.30499,95.0,0,0,0.0,0.0,20.0,0.0,-20.0,-20.0,-20.0,0.0
40.10944366455078,2.5000000000005683e-05,0.0014499999999999886,-0.30499,95.0,0,0,0.0,0.0,20.0,0.0,-20.0,-20.0,-20.0,0.0
40.18742752075195,2.5000000000005683e-05,0.0014499999999999886,-0.30499,95.0,0,0,0.0,0.0,20.0,0.0,-20.0,-20.0,-20.0,0.0
40.26642918586731,2.5000000000005683e-05,0.0014499999999999886,-0.30499,95.0,0,0,0.0,0.0,20.0,0.0,-20.0,-20.0,-20.0,0.0
40.347434282302856,1.2499999999988632e-05,0.001375,-0.30499,95.0,0,0,0.0,0.0,20.0,0.0,-20.0,-20.0,-20.0,0.0
40.4514377117157,1.2499999999988632e-05,0.001375,-0.30499,95.0,0,0,0.0,0.0,20.0,0.0,-20.0,-20.0,-20.0,0.0
40.52842974662781,1.2499999999988632e-05,0.001375,-0.30499,95.0,0,0,0.0,0.0,20.0,0.0,-20.0,-20.0,-20.0,0.0
40.60743737220764,1.2499999999988632e-05,0.001375,-0.30499,95.0,0,0,0.0,0.0,20.0,0.0,-20.0,-20.0,-20.0,0.0
40.68543362617493,1.2499999999988632e-05,0.0013000000000000114,-0.30499,95.0,0,0,0.0,0.0,20.0,0.0,-20.0,-20.0,-20.0,0.0
40.7634334564209,1.2499999999988632e-05,0.0013000000000000114,-0.30499,95.0,0,0,0.0,0.0,20.0,0.0,-20.0,-20.0,-20.0,0.0
40.842430114746094,1.2499999999988632e-05,0.0013000000000000114,-0.30499,95.0,0,0,0.0,0.0,20.0,0.0,-20.0,-20.0,-20.0,0.0
40.91843628883362,1.2499999999988632e-05,0.0013000000000000114,-0.30499,95.0,0,0,0.0,0.0,20.0,0.0,-20.0,-20.0,-20.0,0.0
40.99743962287903,1.2499999999988632e-05,0.0012249999999999943,-0.30499,95.0,0,0,0.0,0.0,20.0,0.0,-20.0,-20.0,-20.0,0.0
41.073444843292236,1.2499999999988632e-05,0.0012249999999999943,-0.30499,95.0,0,0,0.0,0.0,20.0,0.0,-20.0,-20.0,-20.0,0.0
41.150432109832764,1.2499999999988632e-05,0.0012249999999999943,-0.30499,95.0,0,0,0.0,0.0,20.0,0.0,-20.0,-20.0,-20.0,0.0
41.2304413318634,1.2499999999988632e-05,0.0012249999999999943,-0.30499,95.0,0,0,0.0,0.0,20.0,0.0,-20.0,-20.0,-20.0,0.0
41.30897092819214,1.2499999999988632e-05,0.0012249999999999943,-0.30499,95.0,0,0,0.0,0.0,20.0,0.0,-20.0,-20.0,-20.0,0.0
41.38797092437744,1.2499999999988632e-05,0.0011500000000000056,-0.30499,95.0,0,0,0.0,0.0,20.0,0.0,-20.0,-20.0,-20.0,0.0
41.481982469558716,1.2499999999988632e-05,0.0011500000000000056,-0.30499,95.0,0,0,0.0,0.0,20.0,0.0,-20.0,-20.0,-20.0,0.0
41.572973012924194,1.2499999999988632e-05,0.0011500000000000056,-0.30499,95.0,0,0,0.0,0.0,20.0,0.0,-20.0,-20.0,-20.0,0.0
41.65297198295593,1.2499999999988632e-05,0.0011500000000000056,-0.30499,95.0,0,0,0.0,0.0,20.0,0.0,-20.0,-20.0,-20.0,0.0
41.730026721954346,1.2499999999988632e-05,0.0011500000000000056,-0.30499,95.0,0,0,0.0,0.0,20.0,0.0,-20.0,-20.0,-20.0,0.0
41.80802392959595,1.2499999999988632e-05,0.0010749999999999887,-0.30499,95.0,0,0,0.0,0.0,20.0,0.0,-20.0,-20.0,-20.0,0.0
41.885030031204224,1.2499999999988632e-05,0.0010749999999999887,-0.30499,95.0,0,0,0.0,0.0,20.0,0.0,-20.0,-20.0,-20.0,0.0
41.96202087402344,1.2499999999988632e-05,0.0010749999999999887,-0.30499,95.0,0,0,0.0,0.0,20.0,0.0,-20.0,-20.0,-20.0,0.0
42.039021253585815,1.2499999999988632e-05,0.0010749999999999887,-0.30499,95.0,0,0,0.0,0.0,20.0,0.0,-20.0,-20.0,-20.0,0.0
42.118030071258545,1.2499999999988632e-05,0.0010749999999999887,-0.30499,95.0,0,0,0.0,0.0,20.0,0.0,-20.0,-20.0,-20.0,0.0
42.194021701812744,1.2499999999988632e-05,0.001,-0.305,95.0,0,0,0.0,0.0,20.0,0.0,-20.0,-20.0,-20.0,0.0
42.27202653884888,1.2499999999988632e-05,0.001,-0.305,95.0,0,0,0.0,0.0,20.0,0.0,-20.0,-20.0,-20.0,0.0
42.35102987289429,1.2499999999988632e-05,0.001,-0.305,95.0,0,0,0.0,0.0,20.0,0.0,-20.0,-20.0,-20.0,0.0
42.4300754070282,1.2499999999988632e-05,0.001,-0.305,95.0,0,0,0.0,0.0,20.0,0.0,-20.0,-20.0,-20.0,0.0
42.507076025009155,1.2499999999988632e-05,0.001,-0.305,95.0,0,0,0.0,0.0,20.0,0.0,-20.0,-20.0,-20.0,0.0
42.60607290267944,0.0,0.0009250000000000113,-0.305,95.0,0,0,0.0,0.0,20.0,0.0,-20.0,-20.0,-20.0,0.0
42.68207311630249,0.0,0.0009250000000000113,-0.305,95.0,0,0,0.0,0.0,20.0,0.0,-20.0,-20.0,-20.0,0.0
42.758086919784546,0.0,0.0009250000000000113,-0.305,95.0,0,0,0.0,0.0,20.0,0.0,-20.0,-20.0,-20.0,0.0
42.834078550338745,0.0,0.0009250000000000113,-0.305,95.0,0,0,0.0,0.0,20.0,0.0,-20.0,-20.0,-20.0,0.0
42.911078453063965,0.0,0.0009250000000000113,-0.305,95.0,0,0,0.0,0.0,20.0,0.0,-20.0,-20.0,-20.0,0.0
42.99108958244324,0.0,0.0009250000000000113,-0.305,95.0,0,0,0.0,0.0,20.0,0.0,-20.0,-20.0,-20.0,0.0
43.06807327270508,0.0,0.0009250000000000113,-0.305,95.0,0,0,0.0,0.0,20.0,0.0,-20.0,-20.0,-20.0,0.0
43.14610481262207,0.0,0.0008499999999999943,-0.305,95.0,0,0,0.0,0.0,20.0,0.0,-20.0,-20.0,-20.0,0.0
43.22508406639099,0.0,0.0008499999999999943,-0.305,95.0,0,0,0.0,0.0,20.0,0.0,-20.0,-20.0,-20.0,0.0
43.301074504852295,0.0,0.0008499999999999943,-0.305,95.0,0,0,0.0,0.0,20.0,0.0,-20.0,-20.0,-20.0,0.0
43.3780779838562,0.0,0.0008499999999999943,-0.305,95.0,0,0,0.0,0.0,20.0,0.0,-20.0,-20.0,-20.0,0.0
43.458083152770996,0.0,0.0008499999999999943,-0.305,95.0,0,0,0.0,0.0,20.0,0.0,-20.0,-20.0,-20.0,0.0
43.53707981109619,0.0,0.0008499999999999943,-0.305,95.0,0,0,0.0,0.0,20.0,0.0,-20.0,-20.0,-20.0,0.0
43.61508226394653,0.0,0.0007750000000000057,-0.305,95.0,0,0,0.0,0.0,20.0,0.0,-20.0,-20.0,-20.0,0.0
43.7280797958374,0.0,0.0007750000000000057,-0.305,95.0,0,0,0.0,0.0,20.0,0.0,-20.0,-20.0,-20.0,0.0
43.803075313568115,0.0,0.0007750000000000057,-0.305,95.0,0,0,0.0,0.0,20.0,0.0,-20.0,-20.0,-20.0,0.0
43.88108706474304,0.0,0.0007750000000000057,-0.305,95.0,0,0,0.0,0.0,20.0,0.0,-20.0,-20.0,-20.0,0.0
43.96008634567261,0.0,0.0007750000000000057,-0.305,95.0,0,0,0.0,0.0,20.0,0.0,-20.0,-20.0,-20.0,0.0
44.03759837150574,0.0,0.0007750000000000057,-0.305,95.0,0,0,0.0,0.0,20.0,0.0,-20.0,-20.0,-20.0,0.0
44.115607500076294,0.0,0.0007750000000000057,-0.305,95.0,0,0,0.0,0.0,20.0,0.0,-20.0,-20.0,-20.0,0.0
44.19359755516052,0.0,0.0007750000000000057,-0.305,95.0,0,0,0.0,0.0,20.0,0.0,-20.0,-20.0,-20.0,0.0
44.26959800720215,0.0,0.0006999999999999886,-0.305,95.0,0,0,0.0,0.0,20.0,0.0,-20.0,-20.0,-20.0,0.0
44.34960651397705,0.0,0.0006999999999999886,-0.305,95.0,0,0,0.0,0.0,20.0,0.0,-20.0,-20.0,-20.0,0.0
44.42759466171265,0.0,0.0006999999999999886,-0.305,95.0,0,0,0.0,0.0,20.0,0.0,-20.0,-20.0,-20.0,0.0
44.50560116767883,0.0,0.0006999999999999886,-0.305,95.0,0,0,0.0,0.0,20.0,0.0,-20.0,-20.0,-20.0,0.0
44.58361577987671,0.0,0.0006999999999999886,-0.305,95.0,0,0,0.0,0.0,20.0,0.0,-20.0,-20.0,-20.0,0.0
44.66259574890137,0.0,0.0006999999999999886,-0.305,95.0,0,0,0.0,0.0,20.0,0.0,-20.0,-20.0,-20.0,0.0
44.73960590362549,0.0,0.0006999999999999886,-0.305,95.0,0,0,0.0,0.0,20.0,0.0,-20.0,-20.0,-20.0,0.0
44.8435959815979,0.0,0.000625,-0.305,95.0,0,0,0.0,0.0,20.0,0.0,-20.0,-20.0,-20.0,0.0
44.92315435409546,0.0,0.000625,-0.305,95.0,0,0,0.0,0.0,20.0,0.0,-20.0,-20.0,-20.0,0.0
45.000150203704834,0.0,0.000625,-0.305,95.0,0,0,0.0,0.0,20.0,0.0,-20.0,-20.0,-20.0,0.0
45.07814693450928,0.0,0.000625,-0.305,95.0,0,0,0.0,0.0,20.0,0.0,-20.0,-20.0,-20.0,0.0
45.157145261764526,0.0,0.000625,-0.305,95.0,0,0,0.0,0.0,20.0,0.0,-20.0,-20.0,-20.0,0.0
45.235700368881226,0.0,0.000625,-0.305,95.0,0,0,0.0,0.0,20.0,0.0,-20.0,-20.0,-20.0,0.0
45.31275653839111,0.0,0.000625,-0.305,95.0,0,0,0.0,0.0,20.0,0.0,-20.0,-20.0,-20.0,0.0
45.39075541496277,0.0,0.000625,-0.305,95.0,0,0,0.0,0.0,20.0,0.0,-20.0,-20.0,-20.0,0.0
45.46877431869507,0.0,0.000625,-0.305,95.0,0,0,0.0,0.0,20.0,0.0,-20.0,-20.0,-20.0,0.0
45.548309326171875,0.0,0.000625,-0.305,95.0,0,0,0.0,0.0,20.0,0.0,-20.0,-20.0,-20.0,0.0
45.625303506851196,0.0,0.0005500000000000114,-0.305,95.0,0,0,0.0,0.0,20.0,0.0,-20.0,-20.0,-20.0,0.0
45.70530581474304,0.0,0.0005500000000000114,-0.305,95.0,0,0,0.0,0.0,20.0,0.0,-20.0,-20.0,-20.0,0.0
45.78130602836609,0.0,0.0005500000000000114,-0.305,95.0,0,0,0.0,0.0,20.0,0.0,-20.0,-20.0,-20.0,0.0
45.87830877304077,0.0,0.0005500000000000114,-0.305,95.0,0,0,0.0,0.0,20.0,0.0,-20.0,-20.0,-20.0,0.0
45.965309858322144,0.0,0.0005500000000000114,-0.305,95.0,0,0,0.0,0.0,20.0,0.0,-20.0,-20.0,-20.0,0.0
46.04430270195007,0.0,0.0005500000000000114,-0.305,95.0,0,0,0.0,0.0,20.0,0.0,-20.0,-20.0,-20.0,0.0
46.123307943344116,0.0,0.0005500000000000114,-0.305,95.0,0,0,0.0,0.0,20.0,0.0,-20.0,-20.0,-20.0,0.0
46.198307275772095,0.0,0.0005500000000000114,-0.305,95.0,0,0,0.0,0.0,20.0,0.0,-20.0,-20.0,-20.0,0.0
46.27530837059021,0.0,0.0005500000000000114,-0.305,95.0,0,0,0.0,0.0,20.0,0.0,-20.0,-20.0,-20.0,0.0
46.35431885719299,0.0,0.0005500000000000114,-0.305,95.0,0,0,0.0,0.0,20.0,0.0,-20.0,-20.0,-20.0,0.0
46.43230319023132,0.0,0.0004749999999999943,-0.305,95.0,0,0,0.0,0.0,20.0,0.0,-20.0,-20.0,-20.0,0.0
46.50930666923523,0.0,0.0004749999999999943,-0.305,95.0,0,0,0.0,0.0,20.0,0.0,-20.0,-20.0,-20.0,0.0
46.589308977127075,0.0,0.0004749999999999943,-0.305,95.0,0,0,0.0,0.0,20.0,0.0,-20.0,-20.0,-20.0,0.0
46.66730976104736,0.0,0.0004749999999999943,-0.305,95.0,0,0,0.0,0.0,20.0,0.0,-20.0,-20.0,-20.0,0.0
46.74731183052063,0.0,0.0004749999999999943,-0.305,95.0,0,0,0.0,0.0,20.0,0.0,-20.0,-20.0,-20.0,0.0
46.827311992645264,0.0,0.0004749999999999943,-0.305,95.0,0,0,0.0,0.0,20.0,0.0,-20.0,-20.0,-20.0,0.0
46.90330481529236,0.0,0.0004749999999999943,-0.305,95.0,0,0,0.0,0.0,20.0,0.0,-20.0,-20.0,-20.0,0.0
47.019306659698486,0.0,0.0004749999999999943,-0.305,95.0,0,0,0.0,0.0,20.0,0.0,-20.0,-20.0,-20.0,0.0
47.097830295562744,0.0,0.0004749999999999943,-0.305,95.0,0,0,0.0,0.0,20.0,0.0,-20.0,-20.0,-20.0,0.0
47.17535376548767,0.0,0.0004749999999999943,-0.305,95.0,0,0,0.0,0.0,20.0,0.0,-20.0,-20.0,-20.0,0.0
47.25236988067627,0.0,0.0004749999999999943,-0.305,95.0,0,0,0.0,0.0,20.0,0.0,-20.0,-20.0,-20.0,0.0
47.330352544784546,0.0,0.0004749999999999943,-0.305,95.0,0,0,0.0,0.0,20.0,0.0,-20.0,-20.0,-20.0,0.0
47.41035723686218,0.0,0.0004749999999999943,-0.305,95.0,0,0,0.0,0.0,20.0,0.0,-20.0,-20.0,-20.0,0.0
47.491358041763306,0.0,0.0004000000000000057,-0.305,95.0,0,0,0.0,0.0,20.0,0.0,-20.0,-20.0,-20.0,0.0
47.570351362228394,0.0,0.0004000000000000057,-0.305,95.0,0,0,0.0,0.0,20.0,0.0,-20.0,-20.0,-20.0,0.0
47.64935779571533,0.0,0.0004000000000000057,-0.305,95.0,0,0,0.0,0.0,20.0,0.0,-20.0,-20.0,-20.0,0.0
47.728358030319214,0.0,0.0004000000000000057,-0.305,95.0,0,0,0.0,0.0,20.0,0.0,-20.0,-20.0,-20.0,0.0
47.806349754333496,0.0,0.0004000000000000057,-0.305,95.0,0,0,0.0,0.0,20.0,0.0,-20.0,-20.0,-20.0,0.0
47.88535165786743,0.0,0.0004000000000000057,-0.305,95.0,0,0,0.0,0.0,20.0,0.0,-20.0,-20.0,-20.0,0.0
47.96336030960083,0.0,0.0004000000000000057,-0.305,95.0,0,0,0.0,0.0,20.0,0.0,-20.0,-20.0,-20.0,0.0
48.064353227615356,0.0,0.0004000000000000057,-0.305,95.0,0,0,0.0,0.0,20.0,0.0,-20.0,-20.0,-20.0,0.0
48.15435290336609,0.0,0.0004000000000000057,-0.305,95.0,0,0,0.0,0.0,20.0,0.0,-20.0,-20.0,-20.0,0.0
48.23035931587219,0.0,0.0004000000000000057,-0.305,95.0,0,0,0.0,0.0,20.0,0.0,-20.0,-20.0,-20.0,0.0
48.308353900909424,0.0,0.0004000000000000057,-0.305,95.0,0,0,0.0,0.0,20.0,0.0,-20.0,-20.0,-20.0,0.0
48.38737177848816,0.0,0.0004000000000000057,-0.305,95.0,0,0,0.0,0.0,20.0,0.0,-20.0,-20.0,-20.0,0.0
48.464359998703,0.0,0.0004000000000000057,-0.305,95.0,0,0,0.0,0.0,20.0,0.0,-20.0,-20.0,-20.0,0.0
48.541354179382324,0.0,0.0004000000000000057,-0.305,95.0,0,0,0.0,0.0,20.0,0.0,-20.0,-20.0,-20.0,0.0
48.61936593055725,0.0,0.00032499999999998866,-0.305,95.0,0,0,0.0,0.0,20.0,0.0,-20.0,-20.0,-20.0,0.0
48.69835448265076,0.0,0.00032499999999998866,-0.305,95.0,0,0,0.0,0.0,20.0,0.0,-20.0,-20.0,-20.0,0.0
48.779356241226196,0.0,0.00032499999999998866,-0.305,95.0,0,0,0.0,0.0,20.0,0.0,-20.0,-20.0,-20.0,0.0
48.85635423660278,0.0,0.00032499999999998866,-0.305,95.0,0,0,0.0,0.0,20.0,0.0,-20.0,-20.0,-20.0,0.0
48.9343523979187,0.0,0.00032499999999998866,-0.305,95.0,0,0,0.0,0.0,20.0,0.0,-20.0,-20.0,-20.0,0.0
49.01235842704773,0.0,0.00032499999999998866,-0.305,95.0,0,0,0.0,0.0,20.0,0.0,-20.0,-20.0,-20.0,0.0
49.09137487411499,0.0,0.00032499999999998866,-0.305,95.0,0,0,0.0,0.0,20.0,0.0,-20.0,-20.0,-20.0,0.0
49.204946756362915,0.0,0.00032499999999998866,-0.305,95.0,0,0,0.0,0.0,20.0,0.0,-20.0,-20.0,-20.0,0.0
49.283944845199585,0.0,0.00032499999999998866,-0.305,95.0,0,0,0.0,0.0,20.0,0.0,-20.0,-20.0,-20.0,0.0
49.36195635795593,0.0,0.00032499999999998866,-0.305,95.0,0,0,0.0,0.0,20.0,0.0,-20.0,-20.0,-20.0,0.0
49.43994355201721,0.0,0.00032499999999998866,-0.305,95.0,0,0,0.0,0.0,20.0,0.0,-20.0,-20.0,-20.0,0.0
49.51894497871399,0.0,0.00032499999999998866,-0.305,95.0,0,0,0.0,0.0,20.0,0.0,-20.0,-20.0,-20.0,0.0
49.59794545173645,0.0,0.00032499999999998866,-0.305,95.0,0,0,0.0,0.0,20.0,0.0,-20.0,-20.0,-20.0,0.0
49.67494225502014,0.0,0.00032499999999998866,-0.305,95.0,0,0,0.0,0.0,20.0,0.0,-20.0,-20.0,-20.0,0.0
49.75394129753113,0.0,0.00032499999999998866,-0.305,95.0,0,0,0.0,0.0,20.0,0.0,-20.0,-20.0,-20.0,0.0
49.83395290374756,0.0,0.00032499999999998866,-0.305,95.0,0,0,0.0,0.0,20.0,0.0,-20.0,-20.0,-20.0,0.0
49.91195321083069,0.0,0.00032499999999998866,-0.305,95.0,0,0,0.0,0.0,20.0,0.0,-20.0,-20.0,-20.0,0.0
49.98895311355591,0.0,0.00032499999999998866,-0.305,95.0,0,0,0.0,0.0,20.0,0.0,-20.0,-20.0,-20.0,0.0
50.065943479537964,0.0,0.00032499999999998866,-0.305,95.0,0,0,0.0,0.0,20.0,0.0,-20.0,-20.0,-20.0,0.0
50.14495253562927,0.0,0.00032499999999998866,-0.305,95.0,0,0,0.0,0.0,20.0,0.0,-20.0,-20.0,-20.0,0.0
50.22495722770691,0.0,0.00025,-0.305,95.0,0,0,0.0,0.0,20.0,0.0,-20.0,-20.0,-20.0,0.0
50.328956842422485,0.0,0.00025,-0.305,95.0,0,0,0.0,0.0,20.0,0.0,-20.0,-20.0,-20.0,0.0
50.40794038772583,0.0,0.00025,-0.305,95.0,0,0,0.0,0.0,20.0,0.0,-20.0,-20.0,-20.0,0.0
50.48647713661194,0.0,0.00025,-0.305,95.0,0,0,0.0,0.0,20.0,0.0,-20.0,-20.0,-20.0,0.0
50.56449294090271,0.0,0.00025,-0.305,95.0,0,0,0.0,0.0,20.0,0.0,-20.0,-20.0,-20.0,0.0
50.64248275756836,0.0,0.00025,-0.305,95.0,0,0,0.0,0.0,20.0,0.0,-20.0,-20.0,-20.0,0.0
50.722477197647095,0.0,0.00025,-0.305,95.0,0,0,0.0,0.0,20.0,0.0,-20.0,-20.0,-20.0,0.0
50.79948091506958,0.0,0.00025,-0.305,95.0,0,0,0.0,0.0,20.0,0.0,-20.0,-20.0,-20.0,0.0
50.87847709655762,0.0,0.00025,-0.305,95.0,0,0,0.0,0.0,20.0,0.0,-20.0,-20.0,-20.0,0.0
50.955475091934204,0.0,0.00025,-0.305,95.0,0,0,0.0,0.0,20.0,0.0,-20.0,-20.0,-20.0,0.0
51.035475730895996,0.0,0.00025,-0.305,95.0,0,0,0.0,0.0,20.0,0.0,-20.0,-20.0,-20.0,0.0
51.11347985267639,0.0,0.00025,-0.305,95.0,0,0,0.0,0.0,20.0,0.0,-20.0,-20.0,-20.0,0.0
51.18947672843933,0.0,0.00025,-0.305,95.0,0,0,0.0,0.0,20.0,0.0,-20.0,-20.0,-20.0,0.0
51.26847791671753,0.0,0.00025,-0.305,95.0,0,0,0.0,0.0,20.0,0.0,-20.0,-20.0,-20.0,0.0
51.37254357337952,0.0,0.00025,-0.305,95.0,0,0,0.0,0.0,20.0,0.0,-20.0,-20.0,-20.0,0.0
51.459545373916626,0.0,0.00025,-0.305,95.0,0,0,0.0,0.0,20.0,0.0,-20.0,-20.0,-20.0,0.0
51.53954887390137,0.0,0.00025,-0.305,95.0,0,0,0.0,0.0,20.0,0.0,-20.0,-20.0,-20.0,0.0
51.618074893951416,0.0,0.00025,-0.305,95.0,0,0,0.0,0.0,20.0,0.0,-20.0,-20.0,-20.0,0.0
51.69507694244385,0.0,0.00025,-0.305,95.0,0,0,0.0,0.0,20.0,0.0,-20.0,-20.0,-20.0,0.0
51.77207541465759,0.0,0.00025,-0.305,95.0,0,0,0.0,0.0,20.0,0.0,-20.0,-20.0,-20.0,0.0
51.84912443161011,0.0,0.00025,-0.305,95.0,0,0,0.0,0.0,20.0,0.0,-20.0,-20.0,-20.0,0.0
51.927125215530396,0.0,0.00025,-0.305,95.0,0,0,0.0,0.0,20.0,0.0,-20.0,-20.0,-20.0,0.0
52.00813317298889,0.0,0.00025,-0.305,95.0,0,0,0.0,0.0,20.0,0.0,-20.0,-20.0,-20.0,0.0
52.086118936538696,0.0,0.00017500000000001136,-0.305,95.0,0,0,0.0,0.0,20.0,0.0,-20.0,-20.0,-20.0,0.0
52.165128231048584,0.0,0.00017500000000001136,-0.305,95.0,0,0,0.0,0.0,20.0,0.0,-20.0,-20.0,-20.0,0.0
52.24111843109131,0.0,0.00017500000000001136,-0.305,95.0,0,0,0.0,0.0,20.0,0.0,-20.0,-20.0,-20.0,0.0
52.31612205505371,0.0,0.00017500000000001136,-0.305,95.0,0,0,0.0,0.0,20.0,0.0,-20.0,-20.0,-20.0,0.0
52.39514398574829,0.0,0.00017500000000001136,-0.305,95.0,0,0,0.0,0.0,20.0,0.0,-20.0,-20.0,-20.0,0.0
52.511130809783936,0.0,0.00017500000000001136,-0.305,95.0,0,0,0.0,0.0,20.0,0.0,-20.0,-20.0,-20.0,0.0
52.58911919593811,0.0,0.00017500000000001136,-0.305,95.0,0,0,0.0,0.0,20.0,0.0,-20.0,-20.0,-20.0,0.0
52.66712403297424,0.0,0.00017500000000001136,-0.305,95.0,0,0,0.0,0.0,20.0,0.0,-20.0,-20.0,-20.0,0.0
52.74465274810791,0.0,0.00017500000000001136,-0.305,95.0,0,0,0.0,0.0,20.0,0.0,-20.0,-20.0,-20.0,0.0
52.823654651641846,0.0,0.00017500000000001136,-0.305,95.0,0,0,0.0,0.0,20.0,0.0,-20.0,-20.0,-20.0,0.0
52.90265488624573,0.0,0.00017500000000001136,-0.305,95.0,0,0,0.0,0.0,20.0,0.0,-20.0,-20.0,-20.0,0.0
52.98120474815369,0.0,0.00017500000000001136,-0.305,95.0,0,0,0.0,0.0,20.0,0.0,-20.0,-20.0,-20.0,0.0
53.06119990348816,0.0,0.00017500000000001136,-0.305,95.0,0,0,0.0,0.0,20.0,0.0,-20.0,-20.0,-20.0,0.0
53.14019775390625,0.0,0.00017500000000001136,-0.305,95.0,0,0,0.0,0.0,20.0,0.0,-20.0,-20.0,-20.0,0.0
53.218199253082275,0.0,0.00017500000000001136,-0.305,95.0,0,0,0.0,0.0,20.0,0.0,-20.0,-20.0,-20.0,0.0
53.29520010948181,0.0,0.00017500000000001136,-0.305,95.0,0,0,0.0,0.0,20.0,0.0,-20.0,-20.0,-20.0,0.0
53.37520146369934,0.0,0.00017500000000001136,-0.305,95.0,0,0,0.0,0.0,20.0,0.0,-20.0,-20.0,-20.0,0.0
53.454200744628906,0.0,0.00017500000000001136,-0.305,95.0,0,0,0.0,0.0,20.0,0.0,-20.0,-20.0,-20.0,0.0
53.55320501327515,0.0,0.00017500000000001136,-0.305,95.0,0,0,0.0,0.0,20.0,0.0,-20.0,-20.0,-20.0,0.0
53.644205808639526,0.0,0.00017500000000001136,-0.305,95.0,0,0,0.0,0.0,20.0,0.0,-20.0,-20.0,-20.0,0.0
53.71926188468933,0.0,0.00017500000000001136,-0.305,95.0,0,0,0.0,0.0,20.0,0.0,-20.0,-20.0,-20.0,0.0
53.79936385154724,0.0,0.00017500000000001136,-0.305,95.0,0,0,0.0,0.0,20.0,0.0,-20.0,-20.0,-20.0,0.0
53.87637376785278,0.0,0.00017500000000001136,-0.305,95.0,0,0,0.0,0.0,20.0,0.0,-20.0,-20.0,-20.0,0.0
53.954354763031006,0.0,0.00017500000000001136,-0.305,95.0,0,0,0.0,0.0,20.0,0.0,-20.0,-20.0,-20.0,0.0
54.03335785865784,0.0,0.00017500000000001136,-0.305,95.0,0,0,0.0,0.0,20.0,0.0,-20.0,-20.0,-20.0,0.0
54.108895778656006,0.0,0.00017500000000001136,-0.305,95.0,0,0,0.0,0.0,20.0,0.0,-20.0,-20.0,-20.0,0.0
54.18888711929321,0.0,0.00017500000000001136,-0.305,95.0,0,0,0.0,0.0,20.0,0.0,-20.0,-20.0,-20.0,0.0
54.26788401603699,0.0,0.00017500000000001136,-0.305,95.0,0,0,0.0,0.0,20.0,0.0,-20.0,-20.0,-20.0,0.0
54.34388279914856,0.0,0.00017500000000001136,-0.305,95.0,0,0,0.0,0.0,20.0,0.0,-20.0,-20.0,-20.0,0.0
54.41988945007324,0.0,0.00017500000000001136,-0.305,95.0,0,0,0.0,0.0,20.0,0.0,-20.0,-20.0,-20.0,0.0
54.49890208244324,0.0,0.00017500000000001136,-0.305,95.0,0,0,0.0,0.0,20.0,0.0,-20.0,-20.0,-20.0,0.0
54.57388424873352,0.0,0.00017500000000001136,-0.305,95.0,0,0,0.0,0.0,20.0,0.0,-20.0,-20.0,-20.0,0.0
54.67188549041748,0.0,0.00017500000000001136,-0.305,95.0,0,0,0.0,0.0,20.0,0.0,-20.0,-20.0,-20.0,0.0
54.750887393951416,0.0,0.00017500000000001136,-0.305,95.0,0,0,0.0,0.0,20.0,0.0,-20.0,-20.0,-20.0,0.0
54.82540702819824,0.0,0.00017500000000001136,-0.305,95.0,0,0,0.0,0.0,20.0,0.0,-20.0,-20.0,-20.0,0.0
54.90541410446167,0.0,0.00017500000000001136,-0.305,95.0,0,0,0.0,0.0,20.0,0.0,-20.0,-20.0,-20.0,0.0
54.98449397087097,0.0,0.00017500000000001136,-0.305,95.0,0,0,0.0,0.0,20.0,0.0,-20.0,-20.0,-20.0,0.0
55.06450891494751,0.0,0.00017500000000001136,-0.305,95.0,0,0,0.0,0.0,20.0,0.0,-20.0,-20.0,-20.0,0.0
55.14249587059021,0.0,0.00017500000000001136,-0.305,95.0,0,0,0.0,0.0,20.0,0.0,-20.0,-20.0,-20.0,0.0
55.21949744224548,0.0,0.00017500000000001136,-0.305,95.0,0,0,0.0,0.0,20.0,0.0,-20.0,-20.0,-20.0,0.0
55.29849600791931,0.0,0.00017500000000001136,-0.305,95.0,0,0,0.0,0.0,20.0,0.0,-20.0,-20.0,-20.0,0.0
55.37549185752869,0.0,9.999999999999431e-05,-0.305,95.0,0,0,0.0,0.0,20.0,0.0,-20.0,-20.0,-20.0,0.0
55.45349454879761,0.0,9.999999999999431e-05,-0.305,95.0,0,0,0.0,0.0,20.0,0.0,-20.0,-20.0,-20.0,0.0
55.53049349784851,0.0,9.999999999999431e-05,-0.305,95.0,0,0,0.0,0.0,20.0,0.0,-20.0,-20.0,-20.0,0.0
55.607492208480835,0.0,9.999999999999431e-05,-0.305,95.0,0,0,0.0,0.0,20.0,0.0,-20.0,-20.0,-20.0,0.0
55.68549585342407,0.0,9.999999999999431e-05,-0.305,95.0,0,0,0.0,0.0,20.0,0.0,-20.0,-20.0,-20.0,0.0
55.7864933013916,0.0,9.999999999999431e-05,-0.305,95.0,0,0,0.0,0.0,20.0,0.0,-20.0,-20.0,-20.0,0.0
55.86449885368347,0.0,9.999999999999431e-05,-0.305,95.0,0,0,0.0,0.0,20.0,0.0,-20.0,-20.0,-20.0,0.0
55.938499212265015,0.0,9.999999999999431e-05,-0.305,95.0,0,0,0.0,0.0,20.0,0.0,-20.0,-20.0,-20.0,0.0
56.01649808883667,0.0,9.999999999999431e-05,-0.305,95.0,0,0,0.0,0.0,20.0,0.0,-20.0,-20.0,-20.0,0.0
56.09449219703674,0.0,9.999999999999431e-05,-0.305,95.0,0,0,0.0,0.0,20.0,0.0,-20.0,-20.0,-20.0,0.0
56.17151379585266,0.0,9.999999999999431e-05,-0.305,95.0,0,0,0.0,0.0,20.0,0.0,-20.0,-20.0,-20.0,0.0
56.24949526786804,0.0,9.999999999999431e-05,-0.305,95.0,0,0,0.0,0.0,20.0,0.0,-20.0,-20.0,-20.0,0.0
56.32449221611023,0.0,9.999999999999431e-05,-0.305,95.0,0,0,0.0,0.0,20.0,0.0,-20.0,-20.0,-20.0,0.0
56.400492668151855,0.0,9.999999999999431e-05,-0.305,95.0,0,0,0.0,0.0,20.0,0.0,-20.0,-20.0,-20.0,0.0
56.47849202156067,0.0,9.999999999999431e-05,-0.305,95.0,0,0,0.0,0.0,20.0,0.0,-20.0,-20.0,-20.0,0.0
56.55749201774597,0.0,9.999999999999431e-05,-0.305,95.0,0,0,0.0,0.0,20.0,0.0,-20.0,-20.0,-20.0,0.0
56.63849401473999,0.0,9.999999999999431e-05,-0.305,95.0,0,0,0.0,0.0,20.0,0.0,-20.0,-20.0,-20.0,0.0
56.71749520301819,0.0,9.999999999999431e-05,-0.305,95.0,0,0,0.0,0.0,20.0,0.0,-20.0,-20.0,-20.0,0.0
56.796497106552124,0.0,9.999999999999431e-05,-0.305,95.0,0,0,0.0,0.0,20.0,0.0,-20.0,-20.0,-20.0,0.0
56.911500215530396,0.0,9.999999999999431e-05,-0.305,95.0,0,0,0.0,0.0,20.0,0.0,-20.0,-20.0,-20.0,0.0
56.99049234390259,0.0,9.999999999999431e-05,-0.305,95.0,0,0,0.0,0.0,20.0,0.0,-20.0,-20.0,-20.0,0.0
57.06649470329285,0.0,9.999999999999431e-05,-0.305,95.0,0,0,0.0,0.0,20.0,0.0,-20.0,-20.0,-20.0,0.0
57.1444947719574,0.0,9.999999999999431e-05,-0.305,95.0,0,0,0.0,0.0,20.0,0.0,-20.0,-20.0,-20.0,0.0
57.22249698638916,0.0,9.999999999999431e-05,-0.305,95.0,0,0,0.0,0.0,20.0,0.0,-20.0,-20.0,-20.0,0.0
57.3004949092865,0.0,9.999999999999431e-05,-0.305,95.0,0,0,0.0,0.0,20.0,0.0,-20.0,-20.0,-20.0,0.0
57.379507541656494,0.0,9.999999999999431e-05,-0.305,95.0,0,0,0.0,0.0,20.0,0.0,-20.0,-20.0,-20.0,0.0
57.458035945892334,0.0,9.999999999999431e-05,-0.305,95.0,0,0,0.0,0.0,20.0,0.0,-20.0,-20.0,-20.0,0.0
57.53603911399841,0.0,9.999999999999431e-05,-0.305,95.0,0,0,0.0,0.0,20.0,0.0,-20.0,-20.0,-20.0,0.0
57.615041732788086,0.0,9.999999999999431e-05,-0.305,95.0,0,0,0.0,0.0,20.0,0.0,-20.0,-20.0,-20.0,0.0
57.69303011894226,0.0,9.999999999999431e-05,-0.305,95.0,0,0,0.0,0.0,20.0,0.0,-20.0,-20.0,-20.0,0.0
57.772032737731934,0.0,9.999999999999431e-05,-0.305,95.0,0,0,0.0,0.0,20.0,0.0,-20.0,-20.0,-20.0,0.0
57.85203576087952,0.0,9.999999999999431e-05,-0.305,95.0,0,0,0.0,0.0,20.0,0.0,-20.0,-20.0,-20.0,0.0
57.93005180358887,0.0,9.999999999999431e-05,-0.305,95.0,0,0,0.0,0.0,20.0,0.0,-20.0,-20.0,-20.0,0.0
58.03705978393555,0.0,9.999999999999431e-05,-0.305,95.0,0,0,0.0,0.0,20.0,0.0,-20.0,-20.0,-20.0,0.0
58.11603760719299,0.0,9.999999999999431e-05,-0.305,95.0,0,0,0.0,0.0,20.0,0.0,-20.0,-20.0,-20.0,0.0
58.1905562877655,0.0,9.999999999999431e-05,-0.305,95.0,0,0,0.0,0.0,20.0,0.0,-20.0,-20.0,-20.0,0.0
58.267558574676514,0.0,9.999999999999431e-05,-0.305,95.0,0,0,0.0,0.0,20.0,0.0,-20.0,-20.0,-20.0,0.0
58.34555673599243,0.0,9.999999999999431e-05,-0.305,95.0,0,0,0.0,0.0,20.0,0.0,-20.0,-20.0,-20.0,0.0
58.42355513572693,0.0,9.999999999999431e-05,-0.305,95.0,0,0,0.0,0.0,20.0,0.0,-20.0,-20.0,-20.0,0.0
58.50455617904663,0.0,9.999999999999431e-05,-0.305,95.0,0,0,0.0,0.0,20.0,0.0,-20.0,-20.0,-20.0,0.0
58.581562757492065,0.0,9.999999999999431e-05,-0.305,95.0,0,0,0.0,0.0,20.0,0.0,-20.0,-20.0,-20.0,0.0
58.66055750846863,0.0,9.999999999999431e-05,-0.305,95.0,0,0,0.0,0.0,20.0,0.0,-20.0,-20.0,-20.0,0.0
58.73856449127197,0.0,9.999999999999431e-05,-0.305,95.0,0,0,0.0,0.0,20.0,0.0,-20.0,-20.0,-20.0,0.0
58.81555676460266,0.0,9.999999999999431e-05,-0.305,95.0,0,0,0.0,0.0,20.0,0.0,-20.0,-20.0,-20.0,0.0
58.89155626296997,0.0,9.999999999999431e-05,-0.305,95.0,0,0,0.0,0.0,20.0,0.0,-20.0,-20.0,-20.0,0.0
58.97055768966675,0.0,9.999999999999431e-05,-0.305,95.0,0,0,0.0,0.0,20.0,0.0,-20.0,-20.0,-20.0,0.0
59.07055592536926,0.0,9.999999999999431e-05,-0.305,95.0,0,0,0.0,0.0,20.0,0.0,-20.0,-20.0,-20.0,0.0
59.16155958175659,0.0,9.999999999999431e-05,-0.305,95.0,0,0,0.0,0.0,20.0,0.0,-20.0,-20.0,-20.0,0.0
59.23955965042114,0.0,9.999999999999431e-05,-0.305,95.0,0,0,0.0,0.0,20.0,0.0,-20.0,-20.0,-20.0,0.0
59.31807589530945,0.0,9.999999999999431e-05,-0.305,95.0,0,0,0.0,0.0,20.0,0.0,-20.0,-20.0,-20.0,0.0
59.39407277107239,0.0,9.999999999999431e-05,-0.305,95.0,0,0,0.0,0.0,20.0,0.0,-20.0,-20.0,-20.0,0.0
59.47007417678833,0.0,9.999999999999431e-05,-0.305,95.0,0,0,0.0,0.0,20.0,0.0,-20.0,-20.0,-20.0,0.0
59.54907751083374,0.0,9.999999999999431e-05,-0.305,95.0,0,0,0.0,0.0,20.0,0.0,-20.0,-20.0,-20.0,0.0
59.62517833709717,0.0,9.999999999999431e-05,-0.305,95.0,0,0,0.0,0.0,20.0,0.0,-20.0,-20.0,-20.0,0.0
59.69917917251587,0.0,9.999999999999431e-05,-0.305,95.0,0,0,0.0,0.0,20.0,0.0,-20.0,-20.0,-20.0,0.0
59.77917504310608,0.0,9.999999999999431e-05,-0.305,95.0,0,0,0.0,0.0,20.0,0.0,-20.0,-20.0,-20.0,0.0
59.860190629959106,0.0,9.999999999999431e-05,-0.305,95.0,0,0,0.0,0.0,20.0,0.0,-20.0,-20.0,-20.0,0.0
59.93917179107666,0.0,9.999999999999431e-05,-0.305,95.0,0,0,0.0,0.0,20.0,0.0,-20.0,-20.0,-20.0,0.0
60.01817560195923,0.0,9.999999999999431e-05,-0.305,95.0,0,0,0.0,0.0,20.0,0.0,-20.0,-20.0,-20.0,0.0
60.098175287246704,0.0,9.999999999999431e-05,-0.305,95.0,0,0,0.0,0.0,20.0,0.0,-20.0,-20.0,-20.0,0.0
60.20817279815674,0.0,9.999999999999431e-05,-0.305,95.0,0,0,0.0,0.0,20.0,0.0,-20.0,-20.0,-20.0,0.0
60.28817939758301,0.0,9.999999999999431e-05,-0.305,95.0,0,0,0.0,0.0,20.0,0.0,-20.0,-20.0,-20.0,0.0
60.36617827415466,0.0,9.999999999999431e-05,-0.305,95.0,0,0,0.0,0.0,20.0,0.0,-20.0,-20.0,-20.0,0.0
60.44617557525635,0.0,9.999999999999431e-05,-0.305,95.0,0,0,0.0,0.0,20.0,0.0,-20.0,-20.0,-20.0,0.0
60.52618217468262,0.0,9.999999999999431e-05,-0.305,95.0,0,0,0.0,0.0,20.0,0.0,-20.0,-20.0,-20.0,0.0
60.602177143096924,0.0,9.999999999999431e-05,-0.305,95.0,0,0,0.0,0.0,20.0,0.0,-20.0,-20.0,-20.0,0.0
60.67917585372925,0.0,9.999999999999431e-05,-0.305,95.0,0,0,0.0,0.0,20.0,0.0,-20.0,-20.0,-20.0,0.0
60.75617432594299,0.0,9.999999999999431e-05,-0.305,95.0,0,0,0.0,0.0,20.0,0.0,-20.0,-20.0,-20.0,0.0
60.834173917770386,0.0,9.999999999999431e-05,-0.305,95.0,0,0,0.0,0.0,20.0,0.0,-20.0,-20.0,-20.0,0.0
60.91317582130432,0.0,9.999999999999431e-05,-0.305,95.0,0,0,0.0,0.0,20.0,0.0,-20.0,-20.0,-20.0,0.0
60.99117469787598,0.0,9.999999999999431e-05,-0.305,95.0,0,0,0.0,0.0,20.0,0.0,-20.0,-20.0,-20.0,0.0
61.069172620773315,0.0,9.999999999999431e-05,-0.305,95.0,0,0,0.0,0.0,20.0,0.0,-20.0,-20.0,-20.0,0.0
61.147175788879395,0.0,9.999999999999431e-05,-0.305,95.0,0,0,0.0,0.0,20.0,0.0,-20.0,-20.0,-20.0,0.0
61.244179248809814,0.0,9.999999999999431e-05,-0.305,95.0,0,0,0.0,0.0,20.0,0.0,-20.0,-20.0,-20.0,0.0
61.332178354263306,0.0,9.999999999999431e-05,-0.305,95.0,0,0,0.0,0.0,20.0,0.0,-20.0,-20.0,-20.0,0.0
61.427183866500854,0.0,9.999999999999431e-05,-0.305,95.0,0,0,0.0,0.0,20.0,0.0,-20.0,-20.0,-20.0,0.0
61.508174419403076,0.0,9.999999999999431e-05,-0.305,95.0,0,0,0.0,0.0,20.0,0.0,-20.0,-20.0,-20.0,0.0
61.58717918395996,0.0,9.999999999999431e-05,-0.305,95.0,0,0,0.0,0.0,20.0,0.0,-20.0,-20.0,-20.0,0.0
61.66718006134033,0.0,9.999999999999431e-05,-0.305,95.0,0,0,0.0,0.0,20.0,0.0,-20.0,-20.0,-20.0,0.0
61.74217486381531,0.0,9.999999999999431e-05,-0.305,95.0,0,0,0.0,0.0,20.0,0.0,-20.0,-20.0,-20.0,0.0
61.8201744556427,0.0,9.999999999999431e-05,-0.305,95.0,0,0,0.0,0.0,20.0,0.0,-20.0,-20.0,-20.0,0.0
61.900182247161865,0.0,2.5000000000005683e-05,-0.305,95.0,0,0,0.0,0.0,20.0,0.0,-20.0,-20.0,-20.0,0.0
61.98017477989197,0.0,2.5000000000005683e-05,-0.305,95.0,0,0,0.0,0.0,20.0,0.0,-20.0,-20.0,-20.0,0.0
62.05717492103577,0.0,2.5000000000005683e-05,-0.305,95.0,0,0,0.0,0.0,20.0,0.0,-20.0,-20.0,-20.0,0.0
62.13618230819702,0.0,2.5000000000005683e-05,-0.305,95.0,0,0,0.0,0.0,20.0,0.0,-20.0,-20.0,-20.0,0.0
62.216699838638306,0.0,2.5000000000005683e-05,-0.305,95.0,0,0,0.0,0.0,20.0,0.0,-20.0,-20.0,-20.0,0.0
62.31370210647583,0.0,2.5000000000005683e-05,-0.305,95.0,0,0,0.0,0.0,20.0,0.0,-20.0,-20.0,-20.0,0.0
62.404696226119995,0.0,2.5000000000005683e-05,-0.305,95.0,0,0,0.0,0.0,20.0,0.0,-20.0,-20.0,-20.0,0.0
62.48269820213318,0.0,2.5000000000005683e-05,-0.305,95.0,0,0,0.0,0.0,20.0,0.0,-20.0,-20.0,-20.0,0.0
62.56070280075073,0.0,2.5000000000005683e-05,-0.305,95.0,0,0,0.0,0.0,20.0,0.0,-20.0,-20.0,-20.0,0.0
62.63969850540161,0.0,2.5000000000005683e-05,-0.305,95.0,0,0,0.0,0.0,20.0,0.0,-20.0,-20.0,-20.0,0.0
62.71769976615906,0.0,2.5000000000005683e-05,-0.305,95.0,0,0,0.0,0.0,20.0,0.0,-20.0,-20.0,-20.0,0.0
62.798707485198975,0.0,2.5000000000005683e-05,-0.305,95.0,0,0,0.0,0.0,20.0,0.0,-20.0,-20.0,-20.0,0.0
62.87522840499878,0.0,2.5000000000005683e-05,-0.305,95.0,0,0,0.0,0.0,20.0,0.0,-20.0,-20.0,-20.0,0.0
62.95421862602234,0.0,2.5000000000005683e-05,-0.305,95.0,0,0,0.0,0.0,20.0,0.0,-20.0,-20.0,-20.0,0.0
63.0332305431366,0.0,2.5000000000005683e-05,-0.305,95.0,0,0,0.0,0.0,20.0,0.0,-20.0,-20.0,-20.0,0.0
63.1102237701416,0.0,2.5000000000005683e-05,-0.305,95.0,0,0,0.0,0.0,20.0,0.0,-20.0,-20.0,-20.0,0.0
63.18821740150452,0.0,2.5000000000005683e-05,-0.305,95.0,0,0,0.0,0.0,20.0,0.0,-20.0,-20.0,-20.0,0.0
63.26824474334717,0.0,2.5000000000005683e-05,-0.305,95.0,0,0,0.0,0.0,20.0,0.0,-20.0,-20.0,-20.0,0.0
63.346219301223755,0.0,2.5000000000005683e-05,-0.305,95.0,0,0,0.0,0.0,20.0,0.0,-20.0,-20.0,-20.0,0.0
63.44222092628479,0.0,2.5000000000005683e-05,-0.305,95.0,0,0,0.0,0.0,20.0,0.0,-20.0,-20.0,-20.0,0.0
63.531217098236084,0.0,2.5000000000005683e-05,-0.305,95.0,0,0,0.0,0.0,20.0,0.0,-20.0,-20.0,-20.0,0.0
63.6072154045105,0.0,2.5000000000005683e-05,-0.305,95.0,0,0,0.0,0.0,20.0,0.0,-20.0,-20.0,-20.0,0.0
63.686224699020386,0.0,2.5000000000005683e-05,-0.305,95.0,0,0,0.0,0.0,20.0,0.0,-20.0,-20.0,-20.0,0.0
63.762746810913086,0.0,2.5000000000005683e-05,-0.305,95.0,0,0,0.0,0.0,20.0,0.0,-20.0,-20.0,-20.0,0.0
63.84173035621643,0.0,2.5000000000005683e-05,-0.305,95.0,0,0,0.0,0.0,20.0,0.0,-20.0,-20.0,-20.0,0.0
63.92075800895691,0.0,2.5000000000005683e-05,-0.305,95.0,0,0,0.0,0.0,20.0,0.0,-20.0,-20.0,-20.0,0.0
64.00173544883728,0.0,2.5000000000005683e-05,-0.305,95.0,0,0,0.0,0.0,20.0,0.0,-20.0,-20.0,-20.0,0.0
64.07773566246033,0.0,2.5000000000005683e-05,-0.305,95.0,0,0,0.0,0.0,20.0,0.0,-20.0,-20.0,-20.0,0.0
64.15572834014893,0.0,2.5000000000005683e-05,-0.305,95.0,0,0,0.0,0.0,20.0,0.0,-20.0,-20.0,-20.0,0.0
64.23473381996155,0.0,2.5000000000005683e-05,-0.305,95.0,0,0,0.0,0.0,20.0,0.0,-20.0,-20.0,-20.0,0.0
64.31272745132446,0.0,2.5000000000005683e-05,-0.305,95.0,0,0,0.0,0.0,20.0,0.0,-20.0,-20.0,-20.0,0.0
64.39172959327698,0.0,2.5000000000005683e-05,-0.305,95.0,0,0,0.0,0.0,20.0,0.0,-20.0,-20.0,-20.0,0.0
64.47073078155518,0.0,2.5000000000005683e-05,-0.305,95.0,0,0,0.0,0.0,20.0,0.0,-20.0,-20.0,-20.0,0.0
64.57372999191284,0.0,2.5000000000005683e-05,-0.305,95.0,0,0,0.0,0.0,20.0,0.0,-20.0,-20.0,-20.0,0.0
64.65273022651672,0.0,2.5000000000005683e-05,-0.305,95.0,0,0,0.0,0.0,20.0,0.0,-20.0,-20.0,-20.0,0.0
64.73273205757141,0.0,2.5000000000005683e-05,-0.305,95.0,0,0,0.0,0.0,20.0,0.0,-20.0,-20.0,-20.0,0.0
64.81173133850098,0.0,2.5000000000005683e-05,-0.305,95.0,0,0,0.0,0.0,20.0,0.0,-20.0,-20.0,-20.0,0.0
64.88873267173767,0.0,2.5000000000005683e-05,-0.305,95.0,0,0,0.0,0.0,20.0,0.0,-20.0,-20.0,-20.0,0.0
64.96573233604431,0.0,2.5000000000005683e-05,-0.305,95.0,0,0,0.0,0.0,20.0,0.0,-20.0,-20.0,-20.0,0.0
65.04074287414551,0.0,2.5000000000005683e-05,-0.305,95.0,0,0,0.0,0.0,20.0,0.0,-20.0,-20.0,-20.0,0.0
65.11973142623901,0.0,2.5000000000005683e-05,-0.305,95.0,0,0,0.0,0.0,20.0,0.0,-20.0,-20.0,-20.0,0.0
65.19772934913635,0.0,2.5000000000005683e-05,-0.305,95.0,0,0,0.0,0.0,20.0,0.0,-20.0,-20.0,-20.0,0.0
65.2757339477539,0.0,2.5000000000005683e-05,-0.305,95.0,0,0,0.0,0.0,20.0,0.0,-20.0,-20.0,-20.0,0.0
65.35573482513428,0.0,2.5000000000005683e-05,-0.305,95.0,0,0,0.0,0.0,20.0,0.0,-20.0,-20.0,-20.0,0.0
65.43372821807861,0.0,2.5000000000005683e-05,-0.305,95.0,0,0,0.0,0.0,20.0,0.0,-20.0,-20.0,-20.0,0.0
65.51373028755188,0.0,2.5000000000005683e-05,-0.305,95.0,0,0,0.0,0.0,20.0,0.0,-20.0,-20.0,-20.0,0.0
65.62274241447449,0.0,2.5000000000005683e-05,-0.305,95.0,0,0,0.0,0.0,20.0,0.0,-20.0,-20.0,-20.0,0.0
65.70073461532593,0.0,2.5000000000005683e-05,-0.305,95.0,0,0,0.0,0.0,20.0,0.0,-20.0,-20.0,-20.0,0.0
65.77873253822327,0.0,2.5000000000005683e-05,-0.305,95.0,0,0,0.0,0.0,20.0,0.0,-20.0,-20.0,-20.0,0.0
65.85772752761841,0.0,2.5000000000005683e-05,-0.305,95.0,0,0,0.0,0.0,20.0,0.0,-20.0,-20.0,-20.0,0.0
65.9347288608551,0.0,2.5000000000005683e-05,-0.305,95.0,0,0,0.0,0.0,20.0,0.0,-20.0,-20.0,-20.0,0.0
66.01573967933655,0.0,2.5000000000005683e-05,-0.305,95.0,0,0,0.0,0.0,20.0,0.0,-20.0,-20.0,-20.0,0.0
66.0937294960022,0.0,2.5000000000005683e-05,-0.305,95.0,0,0,0.0,0.0,20.0,0.0,-20.0,-20.0,-20.0,0.0
66.17174005508423,0.0,2.5000000000005683e-05,-0.305,95.0,0,0,0.0,0.0,20.0,0.0,-20.0,-20.0,-20.0,0.0
66.24873208999634,0.0,2.5000000000005683e-05,-0.305,95.0,0,0,0.0,0.0,20.0,0.0,-20.0,-20.0,-20.0,0.0
66.32373046875,0.0,2.5000000000005683e-05,-0.305,95.0,0,0,0.0,0.0,20.0,0.0,-20.0,-20.0,-20.0,0.0
66.40172958374023,0.0,2.5000000000005683e-05,-0.305,95.0,0,0,0.0,0.0,20.0,0.0,-20.0,-20.0,-20.0,0.0
66.47973418235779,0.0,2.5000000000005683e-05,-0.305,95.0,0,0,0.0,0.0,20.0,0.0,-20.0,-20.0,-20.0,0.0
66.55926036834717,0.0,2.5000000000005683e-05,-0.305,95.0,0,0,0.0,0.0,20.0,0.0,-20.0,-20.0,-20.0,0.0
66.63826322555542,0.0,2.5000000000005683e-05,-0.305,95.0,0,0,0.0,0.0,20.0,0.0,-20.0,-20.0,-20.0,0.0
66.75180101394653,0.0,2.5000000000005683e-05,-0.305,95.0,0,0,0.0,0.0,20.0,0.0,-20.0,-20.0,-20.0,0.0
66.82980275154114,0.0,2.5000000000005683e-05,-0.305,95.0,0,0,0.0,0.0,20.0,0.0,-20.0,-20.0,-20.0,0.0
66.90880012512207,0.0,2.5000000000005683e-05,-0.305,95.0,0,0,0.0,0.0,20.0,0.0,-20.0,-20.0,-20.0,0.0
66.98580408096313,0.0,2.5000000000005683e-05,-0.305,95.0,0,0,0.0,0.0,20.0,0.0,-20.0,-20.0,-20.0,0.0
67.06380343437195,0.0,2.5000000000005683e-05,-0.305,95.0,0,0,0.0,0.0,20.0,0.0,-20.0,-20.0,-20.0,0.0
67.13980150222778,0.0,2.5000000000005683e-05,-0.305,95.0,0,0,0.0,0.0,20.0,0.0,-20.0,-20.0,-20.0,0.0
67.21880173683167,0.0,2.5000000000005683e-05,-0.305,95.0,0,0,0.0,0.0,20.0,0.0,-20.0,-20.0,-20.0,0.0
67.2968020439148,0.0,2.5000000000005683e-05,-0.305,95.0,0,0,0.0,0.0,20.0,0.0,-20.0,-20.0,-20.0,0.0
67.37581157684326,0.0,2.5000000000005683e-05,-0.305,95.0,0,0,0.0,0.0,20.0,0.0,-20.0,-20.0,-20.0,0.0
67.45380282402039,0.0,2.5000000000005683e-05,-0.305,95.0,0,0,0.0,0.0,20.0,0.0,-20.0,-20.0,-20.0,0.0
67.53380703926086,0.0,2.5000000000005683e-05,-0.305,95.0,0,0,0.0,0.0,20.0,0.0,-20.0,-20.0,-20.0,0.0
67.61280584335327,0.0,2.5000000000005683e-05,-0.305,95.0,0,0,0.0,0.0,20.0,0.0,-20.0,-20.0,-20.0,0.0
67.69132661819458,0.0,2.5000000000005683e-05,-0.305,95.0,0,0,0.0,0.0,20.0,0.0,-20.0,-20.0,-20.0,0.0
67.77034091949463,0.0,2.5000000000005683e-05,-0.305,95.0,0,0,0.0,0.0,20.0,0.0,-20.0,-20.0,-20.0,0.0
67.87336206436157,0.0,2.5000000000005683e-05,-0.305,95.0,0,0,0.0,0.0,20.0,0.0,-20.0,-20.0,-20.0,0.0
67.951904296875,0.0,2.5000000000005683e-05,-0.305,95.0,0,0,0.0,0.0,20.0,0.0,-20.0,-20.0,-20.0,0.0
68.03191184997559,0.0,2.5000000000005683e-05,-0.305,95.0,0,0,0.0,0.0,20.0,0.0,-20.0,-20.0,-20.0,0.0
68.11090779304504,0.0,2.5000000000005683e-05,-0.305,95.0,0,0,0.0,0.0,20.0,0.0,-20.0,-20.0,-20.0,0.0
68.18790745735168,0.0,2.5000000000005683e-05,-0.305,95.0,0,0,0.0,0.0,20.0,0.0,-20.0,-20.0,-20.0,0.0
68.26691961288452,0.0,2.5000000000005683e-05,-0.305,95.0,0,0,0.0,0.0,20.0,0.0,-20.0,-20.0,-20.0,0.0
68.34594488143921,0.0,2.5000000000005683e-05,-0.305,95.0,0,0,0.0,0.0,20.0,0.0,-20.0,-20.0,-20.0,0.0
68.424959897995,0.0,2.5000000000005683e-05,-0.305,95.0,0,0,0.0,0.0,20.0,0.0,-20.0,-20.0,-20.0,0.0
68.5039439201355,0.0,2.5000000000005683e-05,-0.305,95.0,0,0,0.0,0.0,20.0,0.0,-20.0,-20.0,-20.0,0.0
68.58094549179077,0.0,2.5000000000005683e-05,-0.305,95.0,0,0,0.0,0.0,20.0,0.0,-20.0,-20.0,-20.0,0.0
68.65794897079468,0.0,2.5000000000005683e-05,-0.305,95.0,0,0,0.0,0.0,20.0,0.0,-20.0,-20.0,-20.0,0.0
68.73794388771057,0.0,2.5000000000005683e-05,-0.305,95.0,0,0,0.0,0.0,20.0,0.0,-20.0,-20.0,-20.0,0.0
68.81495070457458,0.0,2.5000000000005683e-05,-0.305,95.0,0,0,0.0,0.0,20.0,0.0,-20.0,-20.0,-20.0,0.0
68.91095495223999,0.0,2.5000000000005683e-05,-0.305,95.0,0,0,0.0,0.0,20.0,0.0,-20.0,-20.0,-20.0,0.0
68.99994564056396,0.0,2.5000000000005683e-05,-0.305,95.0,0,0,0.0,0.0,20.0,0.0,-20.0,-20.0,-20.0,0.0
69.07794189453125,0.0,2.5000000000005683e-05,-0.305,95.0,0,0,0.0,0.0,20.0,0.0,-20.0,-20.0,-20.0,0.0
69.15594577789307,0.0,2.5000000000005683e-05,-0.305,95.0,0,0,0.0,0.0,20.0,0.0,-20.0,-20.0,-20.0,0.0
69.23395204544067,0.0,2.5000000000005683e-05,-0.305,95.0,0,0,0.0,0.0,20.0,0.0,-20.0,-20.0,-20.0,0.0
69.31094169616699,0.0,2.5000000000005683e-05,-0.305,95.0,0,0,0.0,0.0,20.0,0.0,-20.0,-20.0,-20.0,0.0
69.38795256614685,0.0,2.5000000000005683e-05,-0.305,95.0,0,0,0.0,0.0,20.0,0.0,-20.0,-20.0,-20.0,0.0
69.46495413780212,0.0,2.5000000000005683e-05,-0.305,95.0,0,0,0.0,0.0,20.0,0.0,-20.0,-20.0,-20.0,0.0
69.53994226455688,0.0,2.5000000000005683e-05,-0.305,95.0,0,0,0.0,0.0,20.0,0.0,-20.0,-20.0,-20.0,0.0
69.61996603012085,0.0,2.5000000000005683e-05,-0.305,95.0,0,0,0.0,0.0,20.0,0.0,-20.0,-20.0,-20.0,0.0
69.69894790649414,0.0,2.5000000000005683e-05,-0.305,95.0,0,0,0.0,0.0,20.0,0.0,-20.0,-20.0,-20.0,0.0
69.77694630622864,0.0,2.5000000000005683e-05,-0.305,95.0,0,0,0.0,0.0,20.0,0.0,-20.0,-20.0,-20.0,0.0
69.8549439907074,0.0,2.5000000000005683e-05,-0.305,95.0,0,0,0.0,0.0,20.0,0.0,-20.0,-20.0,-20.0,0.0
69.92894387245178,0.0,2.5000000000005683e-05,-0.305,95.0,0,0,0.0,0.0,20.0,0.0,-20.0,-20.0,-20.0,0.0
70.02794575691223,0.0,2.5000000000005683e-05,-0.305,95.0,0,0,0.0,0.0,20.0,0.0,-20.0,-20.0,-20.0,0.0
70.1059455871582,0.0,2.5000000000005683e-05,-0.305,95.0,0,0,0.0,0.0,20.0,0.0,-20.0,-20.0,-20.0,0.0
70.18102288246155,0.0,2.5000000000005683e-05,-0.305,95.0,0,0,0.0,0.0,20.0,0.0,-20.0,-20.0,-20.0,0.0
70.26102876663208,0.0,2.5000000000005683e-05,-0.305,95.0,0,0,0.0,0.0,20.0,0.0,-20.0,-20.0,-20.0,0.0
70.33802151679993,0.0,2.5000000000005683e-05,-0.305,95.0,0,0,0.0,0.0,20.0,0.0,-20.0,-20.0,-20.0,0.0
70.41604447364807,0.0,2.5000000000005683e-05,-0.305,95.0,0,0,0.0,0.0,20.0,0.0,-20.0,-20.0,-20.0,0.0
70.49502348899841,0.0,2.5000000000005683e-05,-0.305,95.0,0,0,0.0,0.0,20.0,0.0,-20.0,-20.0,-20.0,0.0
70.57203817367554,0.0,2.5000000000005683e-05,-0.305,95.0,0,0,0.0,0.0,20.0,0.0,-20.0,-20.0,-20.0,0.0
70.65004515647888,0.0,2.5000000000005683e-05,-0.305,95.0,0,0,0.0,0.0,20.0,0.0,-20.0,-20.0,-20.0,0.0
70.72802519798279,0.0,2.5000000000005683e-05,-0.305,95.0,0,0,0.0,0.0,20.0,0.0,-20.0,-20.0,-20.0,0.0
70.80502557754517,0.0,2.5000000000005683e-05,-0.305,95.0,0,0,0.0,0.0,20.0,0.0,-20.0,-20.0,-20.0,0.0
70.8800253868103,0.0,2.5000000000005683e-05,-0.305,95.0,0,0,0.0,0.0,20.0,0.0,-20.0,-20.0,-20.0,0.0
70.95902490615845,0.0,2.5000000000005683e-05,-0.305,95.0,0,0,0.0,0.0,20.0,0.0,-20.0,-20.0,-20.0,0.0
71.03902196884155,0.0,2.5000000000005683e-05,-0.305,95.0,0,0,0.0,0.0,20.0,0.0,-20.0,-20.0,-20.0,0.0
71.14902663230896,0.0,2.5000000000005683e-05,-0.305,95.0,0,0,0.0,0.0,20.0,0.0,-20.0,-20.0,-20.0,0.0
71.22702121734619,0.0,2.5000000000005683e-05,-0.305,95.0,0,0,0.0,0.0,20.0,0.0,-20.0,-20.0,-20.0,0.0
71.30502891540527,0.0,2.5000000000005683e-05,-0.305,95.0,0,0,0.0,0.0,20.0,0.0,-20.0,-20.0,-20.0,0.0
71.384028673172,0.0,2.5000000000005683e-05,-0.305,95.0,0,0,0.0,0.0,20.0,0.0,-20.0,-20.0,-20.0,0.0
71.4610288143158,0.0,2.5000000000005683e-05,-0.305,95.0,0,0,0.0,0.0,20.0,0.0,-20.0,-20.0,-20.0,0.0
71.53703379631042,0.0,2.5000000000005683e-05,-0.305,95.0,0,0,0.0,0.0,20.0,0.0,-20.0,-20.0,-20.0,0.0
71.61603307723999,0.0,2.5000000000005683e-05,-0.305,95.0,0,0,0.0,0.0,20.0,0.0,-20.0,-20.0,-20.0,0.0
71.69457244873047,0.0,2.5000000000005683e-05,-0.305,95.0,0,0,0.0,0.0,20.0,0.0,-20.0,-20.0,-20.0,0.0
71.77257704734802,0.0,2.5000000000005683e-05,-0.305,95.0,0,0,0.0,0.0,20.0,0.0,-20.0,-20.0,-20.0,0.0
71.85057997703552,0.0,2.5000000000005683e-05,-0.305,95.0,0,0,0.0,0.0,20.0,0.0,-20.0,-20.0,-20.0,0.0
71.9285717010498,0.0,2.5000000000005683e-05,-0.305,95.0,0,0,0.0,0.0,20.0,0.0,-20.0,-20.0,-20.0,0.0
72.0061445236206,0.0,2.5000000000005683e-05,-0.305,95.0,0,0,0.0,0.0,20.0,0.0,-20.0,-20.0,-20.0,0.0
72.08614730834961,0.0,2.5000000000005683e-05,-0.305,95.0,0,0,0.0,0.0,20.0,0.0,-20.0,-20.0,-20.0,0.0
72.16413760185242,0.0,2.5000000000005683e-05,-0.305,95.0,0,0,0.0,0.0,20.0,0.0,-20.0,-20.0,-20.0,0.0
72.27214097976685,0.0,2.5000000000005683e-05,-0.305,95.0,0,0,0.0,0.0,20.0,0.0,-20.0,-20.0,-20.0,0.0
72.35113406181335,0.0,2.5000000000005683e-05,-0.305,95.0,0,0,0.0,0.0,20.0,0.0,-20.0,-20.0,-20.0,0.0
72.42813420295715,0.0,2.5000000000005683e-05,-0.305,95.0,0,0,0.0,0.0,20.0,0.0,-20.0,-20.0,-20.0,0.0
72.50615668296814,0.0,2.5000000000005683e-05,-0.305,95.0,0,0,0.0,0.0,20.0,0.0,-20.0,-20.0,-20.0,0.0
72.58413600921631,0.0,2.5000000000005683e-05,-0.305,95.0,0,0,0.0,0.0,20.0,0.0,-20.0,-20.0,-20.0,0.0
72.65914511680603,0.0,2.5000000000005683e-05,-0.305,95.0,0,0,0.0,0.0,20.0,0.0,-20.0,-20.0,-20.0,0.0
72.73913645744324,0.0,2.5000000000005683e-05,-0.305,95.0,0,0,0.0,0.0,20.0,0.0,-20.0,-20.0,-20.0,0.0
72.81714034080505,0.0,2.5000000000005683e-05,-0.305,95.0,0,0,0.0,0.0,20.0,0.0,-20.0,-20.0,-20.0,0.0
72.89613580703735,0.0,2.5000000000005683e-05,-0.305,95.0,0,0,0.0,0.0,20.0,0.0,-20.0,-20.0,-20.0,0.0
72.97613573074341,0.0,2.5000000000005683e-05,-0.305,95.0,0,0,0.0,0.0,20.0,0.0,-20.0,-20.0,-20.0,0.0
73.05318641662598,0.0,2.5000000000005683e-05,-0.305,95.0,0,0,0.0,0.0,20.0,0.0,-20.0,-20.0,-20.0,0.0
73.1301851272583,0.0,2.5000000000005683e-05,-0.305,95.0,0,0,0.0,0.0,20.0,0.0,-20.0,-20.0,-20.0,0.0
73.2091875076294,0.0,2.5000000000005683e-05,-0.305,95.0,0,0,0.0,0.0,20.0,0.0,-20.0,-20.0,-20.0,0.0
73.30718636512756,0.0,2.5000000000005683e-05,-0.305,95.0,0,0,0.0,0.0,20.0,0.0,-20.0,-20.0,-20.0,0.0
73.38619208335876,0.0,2.5000000000005683e-05,-0.305,95.0,0,0,0.0,0.0,20.0,0.0,-20.0,-20.0,-20.0,0.0
73.46518969535828,0.0,2.5000000000005683e-05,-0.305,95.0,0,0,0.0,0.0,20.0,0.0,-20.0,-20.0,-20.0,0.0
73.54218649864197,0.0,2.5000000000005683e-05,-0.305,95.0,0,0,0.0,0.0,20.0,0.0,-20.0,-20.0,-20.0,0.0
73.6221911907196,0.0,2.5000000000005683e-05,-0.305,95.0,0,0,0.0,0.0,20.0,0.0,-20.0,-20.0,-20.0,0.0
73.70070362091064,0.0,2.5000000000005683e-05,-0.305,95.0,0,0,0.0,0.0,20.0,0.0,-20.0,-20.0,-20.0,0.0
73.7787070274353,0.0,2.5000000000005683e-05,-0.305,95.0,0,0,0.0,0.0,20.0,0.0,-20.0,-20.0,-20.0,0.0
73.85670566558838,0.0,2.5000000000005683e-05,-0.305,95.0,0,0,0.0,0.0,20.0,0.0,-20.0,-20.0,-20.0,0.0
73.93570184707642,0.0,2.5000000000005683e-05,-0.305,95.0,0,0,0.0,0.0,20.0,0.0,-20.0,-20.0,-20.0,0.0
74.0137026309967,0.0,2.5000000000005683e-05,-0.305,95.0,0,0,0.0,0.0,20.0,0.0,-20.0,-20.0,-20.0,0.0
74.0937111377716,0.0,2.5000000000005683e-05,-0.305,95.0,0,0,0.0,0.0,20.0,0.0,-20.0,-20.0,-20.0,0.0
74.17073011398315,0.0,2.5000000000005683e-05,-0.305,95.0,0,0,0.0,0.0,20.0,0.0,-20.0,-20.0,-20.0,0.0
74.24970602989197,0.0,2.5000000000005683e-05,-0.305,95.0,0,0,0.0,0.0,20.0,0.0,-20.0,-20.0,-20.0,0.0
74.32971620559692,0.0,2.5000000000005683e-05,-0.305,95.0,0,0,0.0,0.0,20.0,0.0,-20.0,-20.0,-20.0,0.0
74.44070839881897,0.0,2.5000000000005683e-05,-0.305,95.0,0,0,0.0,0.0,20.0,0.0,-20.0,-20.0,-20.0,0.0
74.51971054077148,0.0,2.5000000000005683e-05,-0.305,95.0,0,0,0.0,0.0,20.0,0.0,-20.0,-20.0,-20.0,0.0
74.59870457649231,0.0,2.5000000000005683e-05,-0.305,95.0,0,0,0.0,0.0,20.0,0.0,-20.0,-20.0,-20.0,0.0
74.6757025718689,0.0,2.5000000000005683e-05,-0.305,95.0,0,0,0.0,0.0,20.0,0.0,-20.0,-20.0,-20.0,0.0
74.75524473190308,0.0,2.5000000000005683e-05,-0.305,95.0,0,0,0.0,0.0,20.0,0.0,-20.0,-20.0,-20.0,0.0
74.83024644851685,0.0,2.5000000000005683e-05,-0.305,95.0,0,0,0.0,0.0,20.0,0.0,-20.0,-20.0,-20.0,0.0
74.91024732589722,0.0,2.5000000000005683e-05,-0.305,95.0,0,0,0.0,0.0,20.0,0.0,-20.0,-20.0,-20.0,0.0
74.99124813079834,0.0,2.5000000000005683e-05,-0.305,95.0,0,0,0.0,0.0,20.0,0.0,-20.0,-20.0,-20.0,0.0
75.07024502754211,0.0,2.5000000000005683e-05,-0.305,95.0,0,0,0.0,0.0,20.0,0.0,-20.0,-20.0,-20.0,0.0
75.15077233314514,0.0,2.5000000000005683e-05,-0.305,95.0,0,0,0.0,0.0,20.0,0.0,-20.0,-20.0,-20.0,0.0
75.2467679977417,0.0,2.5000000000005683e-05,-0.305,95.0,0,0,0.0,0.0,20.0,0.0,-20.0,-20.0,-20.0,0.0
75.32379603385925,0.0,2.5000000000005683e-05,-0.305,95.0,0,0,0.0,0.0,20.0,0.0,-20.0,-20.0,-20.0,0.0
75.40276908874512,0.0,2.5000000000005683e-05,-0.305,95.0,0,0,0.0,0.0,20.0,0.0,-20.0,-20.0,-20.0,0.0
75.50576949119568,0.0,2.5000000000005683e-05,-0.305,95.0,0,0,0.0,0.0,20.0,0.0,-20.0,-20.0,-20.0,0.0
75.59477496147156,0.0,2.5000000000005683e-05,-0.305,95.0,0,0,0.0,0.0,20.0,0.0,-20.0,-20.0,-20.0,0.0
75.6747682094574,0.0,2.5000000000005683e-05,-0.305,95.0,0,0,0.0,0.0,20.0,0.0,-20.0,-20.0,-20.0,0.0
75.75377130508423,0.0,2.5000000000005683e-05,-0.305,95.0,0,0,0.0,0.0,20.0,0.0,-20.0,-20.0,-20.0,0.0
75.8317699432373,0.0,2.5000000000005683e-05,-0.305,95.0,0,0,0.0,0.0,20.0,0.0,-20.0,-20.0,-20.0,0.0
75.91380381584167,0.0,2.5000000000005683e-05,-0.305,95.0,0,0,0.0,0.0,20.0,0.0,-20.0,-20.0,-20.0,0.0
75.99077010154724,0.0,2.5000000000005683e-05,-0.305,95.0,0,0,0.0,0.0,20.0,0.0,-20.0,-20.0,-20.0,0.0
76.07177305221558,0.0,2.5000000000005683e-05,-0.305,95.0,0,0,0.0,0.0,20.0,0.0,-20.0,-20.0,-20.0,0.0
76.15277171134949,0.0,2.5000000000005683e-05,-0.305,95.0,0,0,0.0,0.0,20.0,0.0,-20.0,-20.0,-20.0,0.0
76.23176956176758,0.0,2.5000000000005683e-05,-0.305,95.0,0,0,0.0,0.0,20.0,0.0,-20.0,-20.0,-20.0,0.0
76.30976986885071,0.0,2.5000000000005683e-05,-0.305,95.0,0,0,0.0,0.0,20.0,0.0,-20.0,-20.0,-20.0,0.0
76.38878273963928,0.0,2.5000000000005683e-05,-0.305,95.0,0,0,0.0,0.0,20.0,0.0,-20.0,-20.0,-20.0,0.0
76.46877121925354,0.0,2.5000000000005683e-05,-0.305,95.0,0,0,0.0,0.0,20.0,0.0,-20.0,-20.0,-20.0,0.0
76.54878878593445,0.0,2.5000000000005683e-05,-0.305,95.0,0,0,0.0,0.0,20.0,0.0,-20.0,-20.0,-20.0,0.0
76.65177083015442,0.0,2.5000000000005683e-05,-0.305,95.0,0,0,0.0,0.0,20.0,0.0,-20.0,-20.0,-20.0,0.0
76.72776961326599,0.0,2.5000000000005683e-05,-0.305,95.0,0,0,0.0,0.0,20.0,0.0,-20.0,-20.0,-20.0,0.0
76.80677890777588,0.0,2.5000000000005683e-05,-0.305,95.0,0,0,0.0,0.0,20.0,0.0,-20.0,-20.0,-20.0,0.0
76.88377094268799,0.0,2.5000000000005683e-05,-0.305,95.0,0,0,0.0,0.0,20.0,0.0,-20.0,-20.0,-20.0,0.0
76.9637701511383,0.0,2.5000000000005683e-05,-0.305,95.0,0,0,0.0,0.0,20.0,0.0,-20.0,-20.0,-20.0,0.0
77.04377150535583,0.0,2.5000000000005683e-05,-0.305,95.0,0,0,0.0,0.0,20.0,0.0,-20.0,-20.0,-20.0,0.0
77.11976861953735,0.0,2.5000000000005683e-05,-0.305,95.0,0,0,0.0,0.0,20.0,0.0,-20.0,-20.0,-20.0,0.0
77.19776892662048,0.0,2.5000000000005683e-05,-0.305,95.0,0,0,0.0,0.0,20.0,0.0,-20.0,-20.0,-20.0,0.0
77.27677416801453,0.0,2.5000000000005683e-05,-0.305,95.0,0,0,0.0,0.0,20.0,0.0,-20.0,-20.0,-20.0,0.0
77.35476851463318,0.0,2.5000000000005683e-05,-0.305,95.0,0,0,0.0,0.0,20.0,0.0,-20.0,-20.0,-20.0,0.0
77.43377542495728,0.0,2.5000000000005683e-05,-0.305,95.0,0,0,0.0,0.0,20.0,0.0,-20.0,-20.0,-20.0,0.0
77.51277446746826,0.0,2.5000000000005683e-05,-0.305,95.0,0,0,0.0,0.0,20.0,0.0,-20.0,-20.0,-20.0,0.0
77.58930706977844,0.0,2.5000000000005683e-05,-0.305,95.0,0,0,0.0,0.0,20.0,0.0,-20.0,-20.0,-20.0,0.0
77.68931150436401,0.0,2.5000000000005683e-05,-0.305,95.0,0,0,0.0,0.0,20.0,0.0,-20.0,-20.0,-20.0,0.0
77.76630711555481,0.0,2.5000000000005683e-05,-0.305,95.0,0,0,0.0,0.0,20.0,0.0,-20.0,-20.0,-20.0,0.0
77.84630751609802,0.0,2.5000000000005683e-05,-0.305,95.0,0,0,0.0,0.0,20.0,0.0,-20.0,-20.0,-20.0,0.0
77.92530918121338,0.0,2.5000000000005683e-05,-0.305,95.0,0,0,0.0,0.0,20.0,0.0,-20.0,-20.0,-20.0,0.0
78.00331282615662,0.0,2.5000000000005683e-05,-0.305,95.0,0,0,0.0,0.0,20.0,0.0,-20.0,-20.0,-20.0,0.0
78.08231401443481,0.0,2.5000000000005683e-05,-0.305,95.0,0,0,0.0,0.0,20.0,0.0,-20.0,-20.0,-20.0,0.0
78.1623125076294,0.0,2.5000000000005683e-05,-0.305,95.0,0,0,0.0,0.0,20.0,0.0,-20.0,-20.0,-20.0,0.0
78.23930716514587,0.0,2.5000000000005683e-05,-0.305,95.0,0,0,0.0,0.0,20.0,0.0,-20.0,-20.0,-20.0,0.0
78.3183126449585,0.0,2.5000000000005683e-05,-0.305,95.0,0,0,0.0,0.0,20.0,0.0,-20.0,-20.0,-20.0,0.0
78.39731407165527,0.0,2.5000000000005683e-05,-0.305,95.0,0,0,0.0,0.0,20.0,0.0,-20.0,-20.0,-20.0,0.0
78.47630786895752,0.0,2.5000000000005683e-05,-0.305,95.0,0,0,0.0,0.0,20.0,0.0,-20.0,-20.0,-20.0,0.0
78.556312084198,0.0,2.5000000000005683e-05,-0.305,95.0,0,0,0.0,0.0,20.0,0.0,-20.0,-20.0,-20.0,0.0
78.63630747795105,0.0,2.5000000000005683e-05,-0.305,95.0,0,0,0.0,0.0,20.0,0.0,-20.0,-20.0,-20.0,0.0
78.71231079101562,0.0,2.5000000000005683e-05,-0.305,95.0,0,0,0.0,0.0,20.0,0.0,-20.0,-20.0,-20.0,0.0
78.8263087272644,0.0,2.5000000000005683e-05,-0.305,95.0,0,0,0.0,0.0,20.0,0.0,-20.0,-20.0,-20.0,0.0
78.90330743789673,0.0,2.5000000000005683e-05,-0.305,95.0,0,0,0.0,0.0,20.0,0.0,-20.0,-20.0,-20.0,0.0
78.98330974578857,0.0,2.5000000000005683e-05,-0.305,95.0,0,0,0.0,0.0,20.0,0.0,-20.0,-20.0,-20.0,0.0
79.06231760978699,0.0,2.5000000000005683e-05,-0.305,95.0,0,0,0.0,0.0,20.0,0.0,-20.0,-20.0,-20.0,0.0
79.14230942726135,0.0,2.5000000000005683e-05,-0.305,95.0,0,0,0.0,0.0,20.0,0.0,-20.0,-20.0,-20.0,0.0
79.22130751609802,0.0,2.5000000000005683e-05,-0.305,95.0,0,0,0.0,0.0,20.0,0.0,-20.0,-20.0,-20.0,0.0
79.3003191947937,0.0,2.5000000000005683e-05,-0.305,95.0,0,0,0.0,0.0,20.0,0.0,-20.0,-20.0,-20.0,0.0