Current Date: Thu 08 Sep 2022 21:51:35
Object Position (x,y,z)(m): 0,0,-0.305
Target Position (x,y,z)(m): 0.15,0.15,-0.31
Time,x (m),y (m),z (m),grasp angle (deg),force,Buffer Length,Move to Pre Grasp,Move to grasp,grasp,lift after grasp,move to pre release,move to release,release,lift after release
0.16399192810058594,0.0,0.0,0.0,66.35211181640625,0,0,20.0,0.0,0.0,-20.0,0.0,-20.0,-20.0,0.0
0.27599334716796875,0.0,0.0,-0.0010199999999999819,66.35211181640625,0,1,20.0,0.0,0.0,-20.0,0.0,-20.0,-20.0,0.0
0.35499143600463867,0.0,0.0,-0.003144999999999982,66.35211181640625,0,2,20.0,0.0,0.0,-20.0,0.0,-20.0,-20.0,0.0
0.4530014991760254,0.0,0.0,-0.005439999999999998,66.35211181640625,0,3,20.0,0.0,0.0,-20.0,0.0,-20.0,-20.0,0.0
0.547053337097168,0.0,0.0,-0.008535000000000025,66.35211181640625,0,4,20.0,0.0,0.0,-20.0,0.0,-20.0,-20.0,0.0
0.6240649223327637,0.0,0.0,-0.010627499999999998,66.35211181640625,0,5,20.0,0.0,0.0,-20.0,0.0,-20.0,-20.0,0.0
0.7030520439147949,0.0,0.0,-0.011704999999999985,66.35211181640625,0,6,20.0,0.0,0.0,-20.0,0.0,-20.0,-20.0,0.0
0.7810516357421875,0.0,0.0,-0.012189999999999998,66.35211181640625,0,7,20.0,0.0,0.0,-20.0,0.0,-20.0,-20.0,0.0
0.8570520877838135,0.0,0.0,-0.012529999999999973,66.35211181640625,0,7,20.0,0.0,0.0,-20.0,0.0,-20.0,-20.0,0.0
0.9522051811218262,0.0,0.0,-0.013457499999999982,66.35211181640625,0,8,20.0,0.0,0.0,-20.0,0.0,-20.0,-20.0,0.0
1.0307292938232422,0.0,0.0,-0.015410000000000024,66.35211181640625,0,9,20.0,0.0,0.0,-20.0,0.0,-20.0,-20.0,0.0
1.1037333011627197,0.0,0.0,-0.017754999999999996,66.35211181640625,0,10,20.0,0.0,0.0,-20.0,0.0,-20.0,-20.0,0.0
1.1747381687164307,0.0,0.0,-0.02025,66.35211181640625,0,10,20.0,0.0,0.0,-20.0,0.0,-20.0,-20.0,0.0
1.2447278499603271,0.0,0.0,-0.022714999999999975,66.35211181640625,0,10,20.0,0.0,0.0,-20.0,0.0,-20.0,-20.0,0.0
1.3647332191467285,0.0,0.0,-0.025149999999999978,66.35211181640625,0,9,20.0,0.0,0.0,-20.0,0.0,-20.0,-20.0,0.0
1.448721170425415,0.0,0.0,-0.029725000000000022,66.35211181640625,0,10,20.0,0.0,0.0,-20.0,0.0,-20.0,-20.0,0.0
1.5207195281982422,0.0,0.0,-0.032279999999999975,66.35211181640625,0,10,20.0,0.0,0.0,-20.0,0.0,-20.0,-20.0,0.0
1.5927824974060059,0.0,0.0,-0.03485500000000002,66.35211181640625,0,10,20.0,0.0,0.0,-20.0,0.0,-20.0,-20.0,0.0
1.6717841625213623,0.0,0.0,-0.03735000000000002,66.35211181640625,0,9,20.0,0.0,0.0,-20.0,0.0,-20.0,-20.0,0.0
1.744781494140625,0.0,0.0,-0.04005500000000001,66.35211181640625,0,10,20.0,0.0,0.0,-20.0,0.0,-20.0,-20.0,0.0
1.816788911819458,0.0,0.0,-0.042629999999999994,66.35211181640625,0,10,20.0,0.0,0.0,-20.0,0.0,-20.0,-20.0,0.0
1.8857800960540771,0.0,0.0,-0.045129999999999997,66.35211181640625,0,10,20.0,0.0,0.0,-20.0,0.0,-20.0,-20.0,0.0
1.9827823638916016,0.0,0.0,-0.047529999999999975,66.35211181640625,0,9,20.0,0.0,0.0,-20.0,0.0,-20.0,-20.0,0.0
2.0527892112731934,0.0,0.0,-0.05090499999999997,66.35211181640625,0,10,20.0,0.0,0.0,-20.0,0.0,-20.0,-20.0,0.0
2.1237826347351074,0.0,0.0,-0.05338499999999999,66.35211181640625,0,10,20.0,0.0,0.0,-20.0,0.0,-20.0,-20.0,0.0
2.194789171218872,0.0,0.0,-0.055810000000000005,66.35211181640625,0,10,20.0,0.0,0.0,-20.0,0.0,-20.0,-20.0,0.0
2.289778709411621,0.0,0.0,-0.05831,66.35211181640625,0,9,20.0,0.0,0.0,-20.0,0.0,-20.0,-20.0,0.0
2.360786199569702,0.0,0.0,-0.06160499999999999,66.35211181640625,0,10,20.0,0.0,0.0,-20.0,0.0,-20.0,-20.0,0.0
2.429781198501587,0.0,0.0,-0.06411000000000001,66.35211181640625,0,10,20.0,0.0,0.0,-20.0,0.0,-20.0,-20.0,0.0
2.557847261428833,0.0,0.0,-0.06672499999999999,66.35211181640625,0,9,20.0,0.0,0.0,-20.0,0.0,-20.0,-20.0,0.0
2.630854606628418,0.0,0.0,-0.07116499999999999,66.35211181640625,0,10,20.0,0.0,0.0,-20.0,0.0,-20.0,-20.0,0.0
2.702861785888672,0.0,0.0,-0.0735,66.35211181640625,0,10,20.0,0.0,0.0,-20.0,0.0,-20.0,-20.0,0.0
2.782850980758667,0.0,0.0,-0.07600499999999999,66.35211181640625,0,9,20.0,0.0,0.0,-20.0,0.0,-20.0,-20.0,0.0
2.853851079940796,0.0,0.0,-0.07879,66.35211181640625,0,10,20.0,0.0,0.0,-20.0,0.0,-20.0,-20.0,0.0
2.924856662750244,0.0,0.0,-0.08125,66.35211181640625,0,10,20.0,0.0,0.0,-20.0,0.0,-20.0,-20.0,0.0
2.9968454837799072,0.0,0.0,-0.08375,66.35211181640625,0,10,20.0,0.0,0.0,-20.0,0.0,-20.0,-20.0,0.0
3.092848062515259,0.0,0.0,-0.086225,66.35211181640625,0,9,20.0,0.0,0.0,-20.0,0.0,-20.0,-20.0,0.0
3.164876937866211,0.0,0.0,-0.08958500000000001,66.35211181640625,0,10,20.0,0.0,0.0,-20.0,0.0,-20.0,-20.0,0.0
3.2358484268188477,0.0,0.0,-0.09209,66.35211181640625,0,10,20.0,0.0,0.0,-20.0,0.0,-20.0,-20.0,0.0
3.3328468799591064,0.0,0.0,-0.09456999999999999,66.35211181640625,0,9,20.0,0.0,0.0,-20.0,0.0,-20.0,-20.0,0.0
3.404846668243408,0.0,0.0,-0.09795500000000001,66.35211181640625,0,10,20.0,0.0,0.0,-20.0,0.0,-20.0,-20.0,0.0
3.4768505096435547,0.0,0.0,-0.10044999999999998,66.35211181640625,0,10,20.0,0.0,0.0,-20.0,0.0,-20.0,-20.0,0.0
3.570692300796509,0.0,0.0,-0.102975,66.35211181640625,0,9,20.0,0.0,0.0,-20.0,0.0,-20.0,-20.0,0.0
3.6624419689178467,0.0,0.0,-0.10662999999999999,66.35211181640625,0,10,20.0,0.0,0.0,-20.0,0.0,-20.0,-20.0,0.0
3.749453067779541,0.0,0.0,-0.10988999999999999,66.35211181640625,0,10,20.0,0.0,0.0,-20.0,0.0,-20.0,-20.0,0.0
3.8454487323760986,0.0,0.0,-0.11244,66.35211181640625,0,9,20.0,0.0,0.0,-20.0,0.0,-20.0,-20.0,0.0
3.9164485931396484,0.0,0.0,-0.11579499999999998,66.35211181640625,0,10,20.0,0.0,0.0,-20.0,0.0,-20.0,-20.0,0.0
3.9864466190338135,0.0,0.0,-0.11828,66.35211181640625,0,10,20.0,0.0,0.0,-20.0,0.0,-20.0,-20.0,0.0
4.057443380355835,0.0,0.0,-0.12073500000000001,66.35211181640625,0,10,20.0,0.0,0.0,-20.0,0.0,-20.0,-20.0,0.0
4.127456188201904,0.0,0.0,-0.123175,66.35211181640625,0,10,20.0,0.0,0.0,-20.0,0.0,-20.0,-20.0,0.0
4.199448585510254,0.0,0.0,-0.125625,66.35211181640625,0,10,20.0,0.0,0.0,-20.0,0.0,-20.0,-20.0,0.0
4.270443677902222,0.0,0.0,-0.12812,66.35211181640625,0,10,20.0,0.0,0.0,-20.0,0.0,-20.0,-20.0,0.0
4.342459678649902,0.0,0.0,-0.130605,66.35211181640625,0,10,20.0,0.0,0.0,-20.0,0.0,-20.0,-20.0,0.0
4.412445545196533,0.0,0.0,-0.133125,66.35211181640625,0,10,20.0,0.0,0.0,-20.0,0.0,-20.0,-20.0,0.0
4.4834513664245605,0.0,0.0,-0.135555,66.35211181640625,0,10,20.0,0.0,0.0,-20.0,0.0,-20.0,-20.0,0.0
4.554444074630737,0.0,0.0,-0.138045,66.35211181640625,0,10,20.0,0.0,0.0,-20.0,0.0,-20.0,-20.0,0.0
4.65044641494751,0.0,0.0,-0.140495,66.35211181640625,0,9,20.0,0.0,0.0,-20.0,0.0,-20.0,-20.0,0.0
4.717969655990601,0.0,0.0,-0.14383,66.35211181640625,0,10,20.0,0.0,0.0,-20.0,0.0,-20.0,-20.0,0.0
4.8019819259643555,0.0,0.0,-0.14623,66.35211181640625,0,10,20.0,0.0,0.0,-20.0,0.0,-20.0,-20.0,0.0
4.895967960357666,0.0,0.0,-0.14955000000000002,66.35211181640625,0,10,20.0,0.0,0.0,-20.0,0.0,-20.0,-20.0,0.0
4.968970537185669,0.0,0.0,-0.15256999999999998,66.35211181640625,0,10,20.0,0.0,0.0,-20.0,0.0,-20.0,-20.0,0.0
5.040970802307129,0.0,0.0,-0.15496000000000001,66.35211181640625,0,10,20.0,0.0,0.0,-20.0,0.0,-20.0,-20.0,0.0
5.114531993865967,0.0,0.0,-0.157465,66.35211181640625,0,10,20.0,0.0,0.0,-20.0,0.0,-20.0,-20.0,0.0
5.1855316162109375,0.0,0.0,-0.16003,66.35211181640625,0,10,20.0,0.0,0.0,-20.0,0.0,-20.0,-20.0,0.0
5.25852632522583,0.0,0.0,-0.16249,66.35211181640625,0,10,20.0,0.0,0.0,-20.0,0.0,-20.0,-20.0,0.0
5.356103420257568,0.0,0.0,-0.16504,66.35211181640625,0,9,20.0,0.0,0.0,-20.0,0.0,-20.0,-20.0,0.0
5.4281041622161865,0.0,0.0,-0.16844,66.35211181640625,0,10,20.0,0.0,0.0,-20.0,0.0,-20.0,-20.0,0.0
5.499100208282471,0.0,0.0,-0.170935,66.35211181640625,0,10,20.0,0.0,0.0,-20.0,0.0,-20.0,-20.0,0.0
5.571115732192993,0.0,0.0,-0.173405,66.35211181640625,0,10,20.0,0.0,0.0,-20.0,0.0,-20.0,-20.0,0.0
5.641108274459839,0.0,0.0,-0.175935,66.35211181640625,0,10,20.0,0.0,0.0,-20.0,0.0,-20.0,-20.0,0.0
5.715113878250122,0.0,0.0,-0.17837999999999998,66.35211181640625,0,10,20.0,0.0,0.0,-20.0,0.0,-20.0,-20.0,0.0
5.786104679107666,0.0,0.0,-0.18093,66.35211181640625,0,10,20.0,0.0,0.0,-20.0,0.0,-20.0,-20.0,0.0
5.858098983764648,0.0,0.0,-0.183455,66.35211181640625,0,10,20.0,0.0,0.0,-20.0,0.0,-20.0,-20.0,0.0
5.935110569000244,0.0,0.0,-0.185895,66.35211181640625,0,9,20.0,0.0,0.0,-20.0,0.0,-20.0,-20.0,0.0
6.008121728897095,0.0,0.0,-0.18863,66.35211181640625,0,10,20.0,0.0,0.0,-20.0,0.0,-20.0,-20.0,0.0
6.104651689529419,0.0,0.0,-0.19178499999999998,66.35211181640625,0,10,20.0,0.0,0.0,-20.0,0.0,-20.0,-20.0,0.0
6.176646947860718,0.0,0.0,-0.194775,66.35211181640625,0,10,20.0,0.0,0.0,-20.0,0.0,-20.0,-20.0,0.0
6.250641584396362,0.0,0.0,-0.19705,66.35211181640625,0,10,20.0,0.0,0.0,-20.0,0.0,-20.0,-20.0,0.0
6.3206398487091064,0.0,0.0,-0.199595,66.35211181640625,0,10,20.0,0.0,0.0,-20.0,0.0,-20.0,-20.0,0.0
6.391641616821289,0.0,0.0,-0.202055,66.35211181640625,0,10,20.0,0.0,0.0,-20.0,0.0,-20.0,-20.0,0.0
6.488640785217285,0.0,0.0,-0.20451499999999997,66.35211181640625,0,9,20.0,0.0,0.0,-20.0,0.0,-20.0,-20.0,0.0
6.557655334472656,0.0,0.0,-0.20791500000000002,66.35211181640625,0,10,20.0,0.0,0.0,-20.0,0.0,-20.0,-20.0,0.0
6.628645420074463,0.0,0.0,-0.210345,66.35211181640625,0,10,20.0,0.0,0.0,-20.0,0.0,-20.0,-20.0,0.0
6.7016541957855225,0.0,0.0,-0.212795,66.35211181640625,0,10,20.0,0.0,0.0,-20.0,0.0,-20.0,-20.0,0.0
6.771647691726685,0.0,0.0,-0.215345,66.35211181640625,0,10,20.0,0.0,0.0,-20.0,0.0,-20.0,-20.0,0.0
6.869648694992065,0.0,0.0,-0.217765,66.35211181640625,0,9,20.0,0.0,0.0,-20.0,0.0,-20.0,-20.0,0.0
6.935209035873413,0.0,0.0,-0.221175,66.35211181640625,0,10,20.0,0.0,0.0,-20.0,0.0,-20.0,-20.0,0.0
7.00418758392334,0.0,0.0,-0.22346,66.35211181640625,0,10,20.0,0.0,0.0,-20.0,0.0,-20.0,-20.0,0.0
7.10229229927063,0.0,0.0,-0.225885,66.35211181640625,0,9,20.0,0.0,0.0,-20.0,0.0,-20.0,-20.0,0.0
7.1832897663116455,0.0,0.0,-0.22928,66.35211181640625,0,10,20.0,0.0,0.0,-20.0,0.0,-20.0,-20.0,0.0
7.278298854827881,0.0,0.0,-0.23257499999999998,66.35211181640625,0,10,0.0,20.0,0.0,0.0,-20.0,-20.0,-20.0,0.0
7.350291967391968,0.0,0.0,-0.23555500000000001,66.35211181640625,0,10,0.0,20.0,0.0,0.0,-20.0,-20.0,-20.0,0.0
7.446290016174316,0.0,0.0,-0.23792000000000002,66.35211181640625,0,9,0.0,20.0,0.0,0.0,-20.0,-20.0,-20.0,0.0
7.517292261123657,0.0,0.0,-0.241255,66.35211181640625,0,10,0.0,20.0,0.0,0.0,-20.0,-20.0,-20.0,0.0
7.586297273635864,0.0,0.0,-0.24374500000000002,66.35211181640625,0,10,0.0,20.0,0.0,0.0,-20.0,-20.0,-20.0,0.0
7.683312654495239,0.0,0.0,-0.24614,66.35211181640625,0,9,0.0,20.0,0.0,0.0,-20.0,-20.0,-20.0,0.0
7.755295276641846,0.0,0.0,-0.24955000000000002,66.35211181640625,0,10,0.0,20.0,0.0,0.0,-20.0,-20.0,-20.0,0.0
7.827375888824463,0.0,0.0,-0.252045,66.35211181640625,0,10,0.0,20.0,0.0,0.0,-20.0,-20.0,-20.0,0.0
7.926431655883789,0.0,0.0,-0.25454,66.35211181640625,0,9,0.0,20.0,0.0,0.0,-20.0,-20.0,-20.0,0.0
7.997430324554443,0.0,0.0,-0.25799500000000003,66.35211181640625,0,10,0.0,20.0,0.0,0.0,-20.0,-20.0,-20.0,0.0
8.094431400299072,0.0,0.0,-0.260475,66.35211181640625,0,9,0.0,20.0,0.0,0.0,-20.0,-20.0,-20.0,0.0
8.168442726135254,0.0,0.0,-0.26386000000000004,66.35211181640625,0,10,0.0,20.0,0.0,0.0,-20.0,-20.0,-20.0,0.0
8.240442276000977,0.0,0.0,-0.266445,66.35211181640625,0,10,0.0,20.0,0.0,0.0,-20.0,-20.0,-20.0,0.0
8.30649447441101,0.0,0.0,-0.268965,66.35211181640625,0,10,0.0,20.0,0.0,0.0,-20.0,-20.0,-20.0,0.0
8.398934364318848,0.0,0.0,-0.27159000000000005,66.35211181640625,0,10,0.0,20.0,0.0,0.0,-20.0,-20.0,-20.0,0.0
8.482934951782227,0.0,0.0,-0.274845,66.35211181640625,0,10,0.0,20.0,0.0,0.0,-20.0,-20.0,-20.0,0.0
8.578930616378784,0.0,0.0,-0.277415,66.35211181640625,0,9,0.0,20.0,0.0,0.0,-20.0,-20.0,-20.0,0.0
8.64993667602539,0.0,0.0,-0.28073000000000004,66.35211181640625,0,10,0.0,20.0,0.0,0.0,-20.0,-20.0,-20.0,0.0
8.720932245254517,0.0,0.0,-0.28323000000000004,66.35211181640625,0,10,0.0,20.0,0.0,0.0,-20.0,-20.0,-20.0,0.0
8.815931558609009,0.0,0.0,-0.28570999999999996,66.35211181640625,0,9,0.0,20.0,0.0,0.0,-20.0,-20.0,-20.0,0.0
8.887940406799316,0.0,0.0,-0.289005,66.35211181640625,0,10,0.0,20.0,0.0,0.0,-20.0,-20.0,-20.0,0.0
8.984936237335205,0.0,0.0,-0.29151499999999997,66.35211181640625,0,9,0.0,20.0,0.0,0.0,-20.0,-20.0,-20.0,0.0
9.144932985305786,0.0,0.0,-0.294865,95.0,0,9,0.0,0.0,20.0,0.0,-20.0,-20.0,-20.0,0.0
9.220953941345215,0.0,0.0,-0.2990025,95.0,20,6,0.0,0.0,20.0,0.0,-20.0,-20.0,-20.0,0.0
9.314944744110107,0.0,0.0,-0.30034750000000004,95.0,20,5,-20.0,-20.0,0.0,20.0,0.0,0.0,0.0,-20.0
9.409932136535645,0.0,0.0,-0.30146,95.0,20,5,-20.0,-20.0,0.0,20.0,0.0,0.0,0.0,-20.0
9.513463020324707,0.0,0.0,-0.3020425,95.0,20,3,-20.0,-20.0,0.0,20.0,0.0,0.0,0.0,-20.0
9.610534906387329,0.0,0.0,-0.3016525,95.0,20,3,-20.0,-20.0,0.0,20.0,0.0,0.0,0.0,-20.0
9.692534923553467,0.0,0.0,-0.30027,95.0,20,4,-20.0,-20.0,0.0,20.0,0.0,0.0,0.0,-20.0
9.788527488708496,0.0,0.0,-0.29839,95.0,0,5,-20.0,-20.0,0.0,20.0,0.0,0.0,0.0,-20.0
9.885528802871704,0.0,0.0,-0.29546,95.0,0,5,0.0,0.0,20.0,0.0,-20.0,-20.0,-20.0,0.0
10.046572208404541,0.0,0.0,-0.292385,66.35211181640625,0,5,0.0,20.0,0.0,0.0,-20.0,-20.0,-20.0,0.0
10.126575946807861,0.0,0.0,-0.28751499999999997,66.35211181640625,0,5,0.0,20.0,0.0,0.0,-20.0,-20.0,-20.0,0.0
10.224571228027344,0.0,0.0,-0.285175,66.35211181640625,0,5,0.0,20.0,0.0,0.0,-20.0,-20.0,-20.0,0.0
10.300589799880981,0.0,0.0,-0.2828425,66.35211181640625,0,5,0.0,20.0,0.0,0.0,-20.0,-20.0,-20.0,0.0
10.397988080978394,0.0,0.0,-0.28167000000000003,66.35211181640625,0,6,0.0,20.0,0.0,0.0,-20.0,-20.0,-20.0,0.0
10.488614797592163,0.0,0.0,-0.2810125,66.35211181640625,0,7,0.0,20.0,0.0,0.0,-20.0,-20.0,-20.0,0.0
10.565575122833252,0.0,0.0,-0.28143250000000003,66.35211181640625,0,7,0.0,20.0,0.0,0.0,-20.0,-20.0,-20.0,0.0
10.68957781791687,0.0,0.0,-0.28250749999999997,66.35211181640625,0,7,0.0,20.0,0.0,0.0,-20.0,-20.0,-20.0,0.0
10.784574508666992,0.0,0.0,-0.284935,66.35211181640625,20,5,0.0,20.0,0.0,0.0,-20.0,-20.0,-20.0,0.0
10.94164252281189,0.0,0.0,-0.28623750000000003,95.0,20,4,-20.0,0.0,-20.0,20.0,0.0,0.0,0.0,-20.0
11.03464150428772,0.0,0.0,-0.2883225,95.0,20,3,-20.0,0.0,-20.0,20.0,0.0,0.0,0.0,-20.0
11.114224433898926,0.0,0.0,-0.28901,95.0,20,3,-20.0,0.0,-20.0,20.0,0.0,0.0,0.0,-20.0
11.208205938339233,0.0,0.0,-0.288775,95.0,20,3,-20.0,0.0,-20.0,20.0,0.0,0.0,0.0,-20.0
11.305198192596436,0.0,0.0,-0.28763,95.0,20,4,-20.0,0.0,-20.0,20.0,0.0,0.0,0.0,-20.0
11.384193658828735,0.0,0.0,-0.28554,95.0,20,4,-20.0,0.0,-20.0,20.0,0.0,0.0,0.0,-20.0
11.48119330406189,0.0,0.0,-0.28326,95.0,20,5,-20.0,0.0,-20.0,20.0,0.0,0.0,0.0,-20.0
11.578191041946411,0.0,0.0,-0.28060250000000003,95.0,20,5,-20.0,0.0,-20.0,20.0,0.0,0.0,0.0,-20.0
11.674190044403076,0.0,0.0,-0.27777999999999997,95.0,20,5,-20.0,0.0,-20.0,20.0,0.0,0.0,0.0,-20.0
11.806190252304077,0.0,0.0,-0.27502499999999996,95.0,20,5,-20.0,0.0,-20.0,20.0,0.0,0.0,0.0,-20.0
11.913211584091187,0.0,0.0,-0.2711075,95.0,20,5,-20.0,0.0,-20.0,20.0,0.0,0.0,0.0,-20.0
12.008196830749512,0.0,0.0,-0.268615,95.0,20,5,-20.0,0.0,-20.0,20.0,0.0,0.0,0.0,-20.0
12.105193853378296,0.0,0.0,-0.266275,95.0,20,5,-20.0,0.0,-20.0,20.0,0.0,0.0,0.0,-20.0
12.199731826782227,0.0,0.0,-0.26391250000000005,95.0,20,5,-20.0,0.0,-20.0,20.0,0.0,0.0,0.0,-20.0
12.29933500289917,0.0,0.0,-0.2616475,95.0,20,5,-20.0,0.0,-20.0,20.0,0.0,0.0,0.0,-20.0
12.3972909450531,0.0,0.0,-0.2593225,95.0,20,5,-20.0,0.0,-20.0,20.0,0.0,0.0,0.0,-20.0
12.47429370880127,0.0,0.0,-0.25709249999999995,95.0,20,5,-20.0,0.0,-20.0,20.0,0.0,0.0,0.0,-20.0
12.572293043136597,0.0,0.0,-0.2553575,95.0,20,5,-20.0,0.0,-20.0,20.0,0.0,0.0,0.0,-20.0
12.670299530029297,0.0,0.0,-0.25303749999999997,95.0,20,5,-20.0,0.0,-20.0,20.0,0.0,0.0,0.0,-20.0
12.752293109893799,0.0,0.0,-0.25093,95.0,20,5,-20.0,0.0,-20.0,20.0,0.0,0.0,0.0,-20.0
12.849303483963013,0.0,0.0,-0.2492025,95.0,20,5,-20.0,0.0,-20.0,20.0,0.0,0.0,0.0,-20.0
12.97632360458374,0.0,0.0,-0.24707749999999998,95.0,20,5,-20.0,0.0,-20.0,20.0,0.0,0.0,0.0,-20.0
13.072295665740967,0.0,0.0,-0.24453,95.0,20,4,-20.0,0.0,-20.0,20.0,0.0,0.0,0.0,-20.0
13.168299913406372,0.0,0.0,-0.2427775,95.0,20,4,-20.0,0.0,-20.0,20.0,0.0,0.0,0.0,-20.0
13.250313997268677,0.0,0.0,-0.240945,95.0,0,4,-20.0,0.0,-20.0,20.0,0.0,0.0,0.0,-20.0
13.41129994392395,0.0,0.0,-0.2394225,66.35211181640625,0,4,0.0,20.0,0.0,0.0,-20.0,-20.0,-20.0,0.0
13.506825685501099,0.0,0.0,-0.236535,66.35211181640625,0,2,0.0,20.0,0.0,0.0,-20.0,-20.0,-20.0,0.0
13.585813760757446,0.0,0.0,-0.23547750000000003,66.35211181640625,0,3,0.0,20.0,0.0,0.0,-20.0,-20.0,-20.0,0.0
13.664817333221436,0.0,0.0,-0.23536,66.35211181640625,0,3,0.0,20.0,0.0,0.0,-20.0,-20.0,-20.0,0.0
13.75981593132019,0.0,0.0,-0.235985,66.35211181640625,0,4,0.0,20.0,0.0,0.0,-20.0,-20.0,-20.0,0.0
13.855814695358276,0.0,0.0,-0.23756,66.35211181640625,0,5,0.0,20.0,0.0,0.0,-20.0,-20.0,-20.0,0.0
13.951818943023682,0.0,0.0,-0.2399725,66.35211181640625,0,5,0.0,20.0,0.0,0.0,-20.0,-20.0,-20.0,0.0
14.085817098617554,0.0,0.0,-0.24235250000000003,66.35211181640625,0,5,0.0,20.0,0.0,0.0,-20.0,-20.0,-20.0,0.0
14.193815231323242,0.0,0.0,-0.24593,66.35211181640625,0,4,0.0,20.0,0.0,0.0,-20.0,-20.0,-20.0,0.0
14.28981614112854,0.0,0.0,-0.2482125,66.35211181640625,0,4,0.0,20.0,0.0,0.0,-20.0,-20.0,-20.0,0.0
14.384815692901611,0.0,0.0,-0.250475,66.35211181640625,0,4,0.0,20.0,0.0,0.0,-20.0,-20.0,-20.0,0.0
14.481815576553345,0.0,0.0,-0.252645,66.35211181640625,0,4,0.0,20.0,0.0,0.0,-20.0,-20.0,-20.0,0.0
14.576929569244385,0.0,0.0,-0.25482,66.35211181640625,0,4,0.0,20.0,0.0,0.0,-20.0,-20.0,-20.0,0.0
14.670475959777832,0.0,0.0,-0.25691250000000004,66.35211181640625,0,4,0.0,20.0,0.0,0.0,-20.0,-20.0,-20.0,0.0
14.767500400543213,0.0,0.0,-0.2589225,66.35211181640625,0,4,0.0,20.0,0.0,0.0,-20.0,-20.0,-20.0,0.0
14.86247730255127,0.0,0.0,-0.26095,66.35211181640625,0,4,0.0,20.0,0.0,0.0,-20.0,-20.0,-20.0,0.0
14.959482669830322,0.0,0.0,-0.26293,66.35211181640625,0,4,0.0,20.0,0.0,0.0,-20.0,-20.0,-20.0,0.0
15.041557788848877,0.0,0.0,-0.26491750000000003,66.35211181640625,0,4,0.0,20.0,0.0,0.0,-20.0,-20.0,-20.0,0.0
15.136557579040527,0.0,0.0,-0.26650999999999997,66.35211181640625,0,4,0.0,20.0,0.0,0.0,-20.0,-20.0,-20.0,0.0
15.264569759368896,0.0,0.0,-0.26852499999999996,66.35211181640625,0,4,0.0,20.0,0.0,0.0,-20.0,-20.0,-20.0,0.0
15.345561981201172,0.0,0.0,-0.2707575,66.35211181640625,0,3,0.0,20.0,0.0,0.0,-20.0,-20.0,-20.0,0.0
15.439560174942017,0.0,0.0,-0.2722025,66.35211181640625,0,3,0.0,20.0,0.0,0.0,-20.0,-20.0,-20.0,0.0
15.5315682888031,0.0,0.0,-0.273895,66.35211181640625,0,3,0.0,20.0,0.0,0.0,-20.0,-20.0,-20.0,0.0
15.628559589385986,0.0,0.0,-0.27547000000000005,66.35211181640625,0,2,0.0,20.0,0.0,0.0,-20.0,-20.0,-20.0,0.0
15.708593130111694,0.0,0.0,-0.27711,66.35211181640625,0,2,0.0,20.0,0.0,0.0,-20.0,-20.0,-20.0,0.0
15.78756308555603,0.0,0.0,-0.2784325,66.35211181640625,0,2,0.0,20.0,0.0,0.0,-20.0,-20.0,-20.0,0.0
15.868566513061523,0.0,0.0,-0.27947000000000005,66.35211181640625,0,2,0.0,20.0,0.0,0.0,-20.0,-20.0,-20.0,0.0
15.946559190750122,0.0,0.0,-0.2798825,66.35211181640625,0,2,0.0,20.0,0.0,0.0,-20.0,-20.0,-20.0,0.0
16.043558597564697,0.0,0.0,-0.280275,66.35211181640625,0,3,0.0,20.0,0.0,0.0,-20.0,-20.0,-20.0,0.0
16.139156818389893,0.0,0.0,-0.28158,66.35211181640625,0,3,0.0,20.0,0.0,0.0,-20.0,-20.0,-20.0,0.0
16.2181556224823,0.0,0.0,-0.2829825,66.35211181640625,0,2,0.0,20.0,0.0,0.0,-20.0,-20.0,-20.0,0.0
16.3361554145813,0.0,0.0,-0.28414999999999996,66.35211181640625,0,2,0.0,20.0,0.0,0.0,-20.0,-20.0,-20.0,0.0
16.41367530822754,0.0,0.0,-0.285275,66.35211181640625,0,2,0.0,20.0,0.0,0.0,-20.0,-20.0,-20.0,0.0
16.49168300628662,0.0,0.0,-0.285525,66.35211181640625,0,2,0.0,20.0,0.0,0.0,-20.0,-20.0,-20.0,0.0
16.584672212600708,0.0,0.0,-0.28606,66.35211181640625,0,3,0.0,20.0,0.0,0.0,-20.0,-20.0,-20.0,0.0
16.664672136306763,0.0,0.0,-0.2864225,66.35211181640625,0,3,0.0,20.0,0.0,0.0,-20.0,-20.0,-20.0,0.0
16.76267433166504,0.0,0.0,-0.28734249999999995,66.35211181640625,0,3,0.0,20.0,0.0,0.0,-20.0,-20.0,-20.0,0.0
16.838671445846558,0.0,0.0,-0.2886075,66.35211181640625,0,2,0.0,20.0,0.0,0.0,-20.0,-20.0,-20.0,0.0
16.916680097579956,0.0,0.0,-0.2893925,66.35211181640625,0,2,0.0,20.0,0.0,0.0,-20.0,-20.0,-20.0,0.0
17.011676788330078,0.0,0.0,-0.28966000000000003,66.35211181640625,0,2,0.0,20.0,0.0,0.0,-20.0,-20.0,-20.0,0.0
17.108681678771973,0.0,0.0,-0.29042250000000003,66.35211181640625,0,2,0.0,20.0,0.0,0.0,-20.0,-20.0,-20.0,0.0
17.20367431640625,0.0,0.0,-0.2912975,66.35211181640625,0,2,0.0,20.0,0.0,0.0,-20.0,-20.0,-20.0,0.0
17.28167176246643,0.0,0.0,-0.29185500000000003,66.35211181640625,0,2,0.0,20.0,0.0,0.0,-20.0,-20.0,-20.0,0.0
17.358678817749023,0.0,0.0,-0.292105,66.35211181640625,0,2,0.0,20.0,0.0,0.0,-20.0,-20.0,-20.0,0.0
17.48673439025879,0.0,0.0,-0.29249,66.35211181640625,0,2,0.0,20.0,0.0,0.0,-20.0,-20.0,-20.0,0.0
17.56371521949768,0.0,0.0,-0.29340249999999996,66.35211181640625,0,2,0.0,20.0,0.0,0.0,-20.0,-20.0,-20.0,0.0
17.657723903656006,0.0,0.0,-0.29388,66.35211181640625,0,2,0.0,20.0,0.0,0.0,-20.0,-20.0,-20.0,0.0
17.800713300704956,0.0,0.0,-0.2942575,77.23091888427734,0,2,0.0,12.405161,7.594839,0.0,-20.0,-20.0,-20.0,0.0
17.959717273712158,0.0,0.0,-0.2947725,93.35981559753418,0,1,0.0,1.1450664,18.854933,0.0,-20.0,-20.0,-20.0,0.0
18.100714206695557,0.0,0.0,-0.2953675,95.0,0,1,0.0,0.0,20.0,0.0,-20.0,-20.0,-20.0,0.0
18.178720712661743,0.0,0.0,-0.29592250000000003,95.0,0,1,0.0,0.0,20.0,0.0,-20.0,-20.0,-20.0,0.0
18.2567138671875,0.0,0.0,-0.2961075,95.0,0,1,0.0,0.0,20.0,0.0,-20.0,-20.0,-20.0,0.0
18.33471393585205,0.0,0.0,-0.2963675,95.0,0,1,0.0,0.0,20.0,0.0,-20.0,-20.0,-20.0,0.0
18.414717197418213,0.0,0.0,-0.29666750000000003,95.0,0,1,0.0,0.0,20.0,0.0,-20.0,-20.0,-20.0,0.0
18.50684118270874,0.0,0.0,-0.29697250000000003,95.0,0,2,0.0,0.0,20.0,0.0,-20.0,-20.0,-20.0,0.0
18.58384084701538,0.0,0.0,-0.29729,95.0,0,2,0.0,0.0,20.0,0.0,-20.0,-20.0,-20.0,0.0
18.663848161697388,0.0,0.0,-0.297555,95.0,0,2,0.0,0.0,20.0,0.0,-20.0,-20.0,-20.0,0.0
18.75884175300598,0.0,0.0,-0.2978125,95.0,0,2,0.0,0.0,20.0,0.0,-20.0,-20.0,-20.0,0.0
18.837846517562866,0.0,0.0,-0.2981275,95.0,0,2,0.0,0.0,20.0,0.0,-20.0,-20.0,-20.0,0.0
18.932903289794922,0.0,0.0,-0.298375,95.0,0,2,0.0,0.0,20.0,0.0,-20.0,-20.0,-20.0,0.0
19.00942325592041,0.0,0.0,-0.2987225,95.0,0,2,0.0,0.0,20.0,0.0,-20.0,-20.0,-20.0,0.0
19.08743190765381,0.0,0.0,-0.29901,95.0,0,1,0.0,0.0,20.0,0.0,-20.0,-20.0,-20.0,0.0
19.16342568397522,0.0,0.0,-0.2992475,95.0,0,1,0.0,0.0,20.0,0.0,-20.0,-20.0,-20.0,0.0
19.24143934249878,0.0,0.0,-0.2994775,95.0,0,1,0.0,0.0,20.0,0.0,-20.0,-20.0,-20.0,0.0
19.321423530578613,0.0,0.0,-0.299705,95.0,0,1,0.0,0.0,20.0,0.0,-20.0,-20.0,-20.0,0.0
19.39694118499756,0.0,0.0,-0.29994,95.0,0,1,0.0,0.0,20.0,0.0,-20.0,-20.0,-20.0,0.0
19.47494602203369,0.0,0.0,-0.30016000000000004,95.0,0,1,0.0,0.0,20.0,0.0,-20.0,-20.0,-20.0,0.0
19.55493950843811,0.0,0.0,-0.3003925,95.0,0,1,0.0,0.0,20.0,0.0,-20.0,-20.0,-20.0,0.0
19.646936416625977,0.0,0.0,-0.30062,95.0,0,1,0.0,0.0,20.0,0.0,-20.0,-20.0,-20.0,0.0
19.723938465118408,0.0,0.0,-0.30082,95.0,0,1,0.0,0.0,20.0,0.0,-20.0,-20.0,-20.0,0.0
19.818944215774536,0.0,0.0,-0.30097250000000003,95.0,0,1,0.0,0.0,20.0,0.0,-20.0,-20.0,-20.0,0.0
19.925939559936523,0.0,0.0,-0.30116000000000004,95.0,0,0,0.0,0.0,20.0,0.0,-20.0,-20.0,-20.0,0.0
20.0049409866333,0.0,0.0,-0.301305,95.0,0,1,0.0,0.0,20.0,0.0,-20.0,-20.0,-20.0,0.0
20.08194327354431,0.0,0.0,-0.3014425,95.0,0,1,0.0,0.0,20.0,0.0,-20.0,-20.0,-20.0,0.0
20.16094183921814,0.0,0.0,-0.3015825,95.0,0,1,0.0,0.0,20.0,0.0,-20.0,-20.0,-20.0,0.0
20.238942623138428,0.0,0.0,-0.30173,95.0,0,1,0.0,0.0,20.0,0.0,-20.0,-20.0,-20.0,0.0
20.31651282310486,0.0,0.0,-0.3018575,95.0,0,1,0.0,0.0,20.0,0.0,-20.0,-20.0,-20.0,0.0
20.39452028274536,0.0,0.0,-0.3019875,95.0,0,1,0.0,0.0,20.0,0.0,-20.0,-20.0,-20.0,0.0
20.473116159439087,0.0,0.0,-0.302105,95.0,0,1,0.0,0.0,20.0,0.0,-20.0,-20.0,-20.0,0.0
20.548123359680176,0.0,0.0,-0.30222750000000004,95.0,0,1,0.0,0.0,20.0,0.0,-20.0,-20.0,-20.0,0.0
20.628118753433228,0.0,0.0,-0.30234,95.0,0,0,0.0,0.0,20.0,0.0,-20.0,-20.0,-20.0,0.0
20.707117795944214,0.0,0.0,-0.30245,95.0,0,0,0.0,0.0,20.0,0.0,-20.0,-20.0,-20.0,0.0
20.786120414733887,0.0,0.0,-0.30255,95.0,0,0,0.0,0.0,20.0,0.0,-20.0,-20.0,-20.0,0.0
20.865119218826294,0.0,0.0,-0.30265,95.0,0,0,0.0,0.0,20.0,0.0,-20.0,-20.0,-20.0,0.0
20.962180614471436,0.0,0.0,-0.30274,95.0,0,0,0.0,0.0,20.0,0.0,-20.0,-20.0,-20.0,0.0
21.050180912017822,0.0,0.0,-0.30283,95.0,0,0,0.0,0.0,20.0,0.0,-20.0,-20.0,-20.0,0.0
21.1427161693573,0.0,0.0,-0.30292,95.0,0,0,0.0,0.0,20.0,0.0,-20.0,-20.0,-20.0,0.0
21.220716953277588,0.0,0.0,-0.303,95.0,0,0,0.0,0.0,20.0,0.0,-20.0,-20.0,-20.0,0.0
21.316726684570312,0.0,0.0,-0.30307999999999996,95.0,0,0,0.0,0.0,20.0,0.0,-20.0,-20.0,-20.0,0.0
21.391714811325073,0.0,0.0,-0.30316000000000004,95.0,0,0,0.0,0.0,20.0,0.0,-20.0,-20.0,-20.0,0.0
21.4687180519104,0.0,0.0,-0.30323,95.0,0,0,0.0,0.0,20.0,0.0,-20.0,-20.0,-20.0,0.0
21.547716856002808,0.0,0.0,-0.3033,95.0,0,0,0.0,0.0,20.0,0.0,-20.0,-20.0,-20.0,0.0
21.625717163085938,0.0,0.0,-0.30337000000000003,95.0,0,0,0.0,0.0,20.0,0.0,-20.0,-20.0,-20.0,0.0
21.705236434936523,0.0,0.0,-0.30343000000000003,95.0,0,0,0.0,0.0,20.0,0.0,-20.0,-20.0,-20.0,0.0
21.784241914749146,0.0,0.0,-0.3035,95.0,0,0,0.0,0.0,20.0,0.0,-20.0,-20.0,-20.0,0.0
21.86324644088745,0.0,0.0,-0.30356,95.0,0,0,0.0,0.0,20.0,0.0,-20.0,-20.0,-20.0,0.0
21.95924186706543,0.0,0.0,-0.30362,95.0,0,0,0.0,0.0,20.0,0.0,-20.0,-20.0,-20.0,0.0
22.059237718582153,0.0,0.0,-0.30367,95.0,0,0,0.0,0.0,20.0,0.0,-20.0,-20.0,-20.0,0.0
22.149237155914307,0.0,0.0,-0.30372000000000005,95.0,0,0,0.0,0.0,20.0,0.0,-20.0,-20.0,-20.0,0.0
22.228236198425293,0.0,0.0,-0.30377,95.0,0,0,0.0,0.0,20.0,0.0,-20.0,-20.0,-20.0,0.0
22.305236339569092,0.0,0.0,-0.30382,95.0,0,0,0.0,0.0,20.0,0.0,-20.0,-20.0,-20.0,0.0
22.38523769378662,0.0,0.0,-0.30387000000000003,95.0,0,0,0.0,0.0,20.0,0.0,-20.0,-20.0,-20.0,0.0
22.46223783493042,0.0,0.0,-0.30392,95.0,0,0,0.0,0.0,20.0,0.0,-20.0,-20.0,-20.0,0.0
22.541235208511353,0.0,0.0,-0.30395999999999995,95.0,0,0,0.0,0.0,20.0,0.0,-20.0,-20.0,-20.0,0.0
22.619765996932983,0.0,0.0,-0.304,95.0,0,0,0.0,0.0,20.0,0.0,-20.0,-20.0,-20.0,0.0
22.696759462356567,0.0,0.0,-0.30404000000000003,95.0,0,0,0.0,0.0,20.0,0.0,-20.0,-20.0,-20.0,0.0
22.773294925689697,0.0,0.0,-0.30407999999999996,95.0,0,0,0.0,0.0,20.0,0.0,-20.0,-20.0,-20.0,0.0
22.853302478790283,0.0,0.0,-0.30412,95.0,0,0,0.0,0.0,20.0,0.0,-20.0,-20.0,-20.0,0.0
22.931291341781616,0.0,0.0,-0.30415,95.0,0,0,0.0,0.0,20.0,0.0,-20.0,-20.0,-20.0,0.0
23.01029133796692,0.0,0.0,-0.30419,95.0,0,0,0.0,0.0,20.0,0.0,-20.0,-20.0,-20.0,0.0
23.1062912940979,0.0,0.0,-0.30422000000000005,95.0,0,0,0.0,0.0,20.0,0.0,-20.0,-20.0,-20.0,0.0
23.216293334960938,0.0,0.0,-0.30425,95.0,0,0,0.0,0.0,20.0,0.0,-20.0,-20.0,-20.0,0.0
23.29629111289978,0.0,0.0,-0.30428,95.0,0,0,0.0,0.0,20.0,0.0,-20.0,-20.0,-20.0,0.0
23.37129306793213,0.0,0.0,-0.30431,95.0,0,0,0.0,0.0,20.0,0.0,-20.0,-20.0,-20.0,0.0
23.450294733047485,0.0,0.0,-0.30434,95.0,0,0,0.0,0.0,20.0,0.0,-20.0,-20.0,-20.0,0.0
23.542291402816772,0.0,0.0,-0.30436,95.0,0,0,0.0,0.0,20.0,0.0,-20.0,-20.0,-20.0,0.0
23.620845794677734,0.0,0.0,-0.30439,95.0,0,0,0.0,0.0,20.0,0.0,-20.0,-20.0,-20.0,0.0
23.70084810256958,0.0,0.0,-0.30441,95.0,0,0,0.0,0.0,20.0,0.0,-20.0,-20.0,-20.0,0.0
23.778850078582764,0.0,0.0,-0.30444,95.0,0,0,0.0,0.0,20.0,0.0,-20.0,-20.0,-20.0,0.0
23.85784602165222,0.0,0.0,-0.30445999999999995,95.0,0,0,0.0,0.0,20.0,0.0,-20.0,-20.0,-20.0,0.0
23.93637251853943,0.0,0.0,-0.30448000000000003,95.0,0,0,0.0,0.0,20.0,0.0,-20.0,-20.0,-20.0,0.0
24.012377738952637,0.0,0.0,-0.3045,95.0,0,0,0.0,0.0,20.0,0.0,-20.0,-20.0,-20.0,0.0
24.09036922454834,0.0,0.0,-0.30451999999999996,95.0,0,0,0.0,0.0,20.0,0.0,-20.0,-20.0,-20.0,0.0
24.17038083076477,0.0,0.0,-0.30454000000000003,95.0,0,0,0.0,0.0,20.0,0.0,-20.0,-20.0,-20.0,0.0
24.284369945526123,0.0,0.0,-0.30456,95.0,0,0,0.0,0.0,20.0,0.0,-20.0,-20.0,-20.0,0.0
24.36238193511963,0.0,0.0,-0.30457999999999996,95.0,0,0,0.0,0.0,20.0,0.0,-20.0,-20.0,-20.0,0.0
24.441447734832764,0.0,0.0,-0.30457999999999996,95.0,0,0,0.0,0.0,20.0,0.0,-20.0,-20.0,-20.0,0.0
24.518450021743774,0.0,0.0,-0.30461,95.0,0,0,0.0,0.0,20.0,0.0,-20.0,-20.0,-20.0,0.0
24.596457958221436,0.0,0.0,-0.30461,95.0,0,0,0.0,0.0,20.0,0.0,-20.0,-20.0,-20.0,0.0
24.675451517105103,0.0,0.0,-0.30463999999999997,95.0,0,0,0.0,0.0,20.0,0.0,-20.0,-20.0,-20.0,0.0
24.75147771835327,0.0,0.0,-0.30463999999999997,95.0,0,0,0.0,0.0,20.0,0.0,-20.0,-20.0,-20.0,0.0
24.831488132476807,0.0,0.0,-0.30467,95.0,0,0,0.0,0.0,20.0,0.0,-20.0,-20.0,-20.0,0.0
24.908132314682007,0.0,0.0,-0.30467,95.0,0,0,0.0,0.0,20.0,0.0,-20.0,-20.0,-20.0,0.0
24.98413848876953,0.0,0.0,-0.30469,95.0,0,0,0.0,0.0,20.0,0.0,-20.0,-20.0,-20.0,0.0
25.06313395500183,0.0,0.0,-0.30471,95.0,0,0,0.0,0.0,20.0,0.0,-20.0,-20.0,-20.0,0.0
25.141133546829224,0.0,0.0,-0.30471,95.0,0,0,0.0,0.0,20.0,0.0,-20.0,-20.0,-20.0,0.0
25.22013282775879,0.0,0.0,-0.30473,95.0,0,0,0.0,0.0,20.0,0.0,-20.0,-20.0,-20.0,0.0
25.301130533218384,0.0,0.0,-0.30473,95.0,0,0,0.0,0.0,20.0,0.0,-20.0,-20.0,-20.0,0.0
25.405133962631226,0.0,0.0,-0.30475,95.0,0,0,0.0,0.0,20.0,0.0,-20.0,-20.0,-20.0,0.0
25.48614263534546,0.0,0.0,-0.30475,95.0,0,0,0.0,0.0,20.0,0.0,-20.0,-20.0,-20.0,0.0
25.564131498336792,0.0,0.0,-0.30477,95.0,0,0,0.0,0.0,20.0,0.0,-20.0,-20.0,-20.0,0.0
25.639134407043457,0.0,0.0,-0.30477,95.0,0,0,0.0,0.0,20.0,0.0,-20.0,-20.0,-20.0,0.0
25.720130920410156,0.0,0.0,-0.30479,95.0,0,0,0.0,0.0,20.0,0.0,-20.0,-20.0,-20.0,0.0
25.79713201522827,0.0,0.0,-0.30479,95.0,0,0,0.0,0.0,20.0,0.0,-20.0,-20.0,-20.0,0.0
25.87413477897644,0.0,0.0,-0.30479,95.0,0,0,0.0,0.0,20.0,0.0,-20.0,-20.0,-20.0,0.0
25.954296112060547,0.0,0.0,-0.30481,95.0,0,0,0.0,0.0,20.0,0.0,-20.0,-20.0,-20.0,0.0
26.032294750213623,0.0,0.0,-0.30481,95.0,0,0,0.0,0.0,20.0,0.0,-20.0,-20.0,-20.0,0.0
26.109296083450317,0.0,0.0,-0.30483,95.0,0,0,0.0,0.0,20.0,0.0,-20.0,-20.0,-20.0,0.0
26.186302661895752,0.0,0.0,-0.30483,95.0,0,0,0.0,0.0,20.0,0.0,-20.0,-20.0,-20.0,0.0
26.26640033721924,0.0,0.0,-0.30483,95.0,0,0,0.0,0.0,20.0,0.0,-20.0,-20.0,-20.0,0.0
26.343409776687622,0.0,0.0,-0.30485,95.0,0,0,0.0,0.0,20.0,0.0,-20.0,-20.0,-20.0,0.0
26.437544345855713,0.0,0.0,-0.30485,95.0,0,0,0.0,0.0,20.0,0.0,-20.0,-20.0,-20.0,0.0
26.52753758430481,0.0,0.0,-0.30485,95.0,0,0,0.0,0.0,20.0,0.0,-20.0,-20.0,-20.0,0.0
26.60853600502014,0.0,0.0,-0.30485,95.0,0,0,0.0,0.0,20.0,0.0,-20.0,-20.0,-20.0,0.0
26.685535669326782,0.0,0.0,-0.30487000000000003,95.0,0,0,0.0,0.0,20.0,0.0,-20.0,-20.0,-20.0,0.0
26.766551971435547,0.0,0.0,-0.30487000000000003,95.0,0,0,0.0,0.0,20.0,0.0,-20.0,-20.0,-20.0,0.0
26.844541549682617,0.0,0.0,-0.30487000000000003,95.0,0,0,0.0,0.0,20.0,0.0,-20.0,-20.0,-20.0,0.0
26.922062158584595,0.0,0.0,-0.30487000000000003,95.0,0,0,0.0,0.0,20.0,0.0,-20.0,-20.0,-20.0,0.0
27.00106120109558,0.0,0.0,-0.30489,95.0,0,0,0.0,0.0,20.0,0.0,-20.0,-20.0,-20.0,0.0
27.08306360244751,0.0,0.0,-0.30489,95.0,0,0,0.0,0.0,20.0,0.0,-20.0,-20.0,-20.0,0.0
27.160059928894043,0.0,0.0,-0.30489,95.0,0,0,0.0,0.0,20.0,0.0,-20.0,-20.0,-20.0,0.0
27.23706889152527,0.0,0.0,-0.30489,95.0,0,0,0.0,0.0,20.0,0.0,-20.0,-20.0,-20.0,0.0
27.31606101989746,0.0,0.0,-0.30491,95.0,0,0,0.0,0.0,20.0,0.0,-20.0,-20.0,-20.0,0.0
27.394060373306274,0.0,0.0,-0.30491,95.0,0,0,0.0,0.0,20.0,0.0,-20.0,-20.0,-20.0,0.0
27.473061323165894,0.0,0.0,-0.30491,95.0,0,0,0.0,0.0,20.0,0.0,-20.0,-20.0,-20.0,0.0
27.578059673309326,0.0,0.0,-0.30491,95.0,0,0,0.0,0.0,20.0,0.0,-20.0,-20.0,-20.0,0.0
27.65658688545227,0.0,0.0,-0.30491,95.0,0,0,0.0,0.0,20.0,0.0,-20.0,-20.0,-20.0,0.0
27.735584497451782,0.0,0.0,-0.30491,95.0,0,0,0.0,0.0,20.0,0.0,-20.0,-20.0,-20.0,0.0
27.815104722976685,0.0,0.0,-0.30493000000000003,95.0,0,0,0.0,0.0,20.0,0.0,-20.0,-20.0,-20.0,0.0
27.89010787010193,0.0,0.0,-0.30493000000000003,95.0,0,0,0.0,0.0,20.0,0.0,-20.0,-20.0,-20.0,0.0
27.969123601913452,0.0,0.0,-0.30493000000000003,95.0,0,0,0.0,0.0,20.0,0.0,-20.0,-20.0,-20.0,0.0
28.047105312347412,0.0,0.0,-0.30493000000000003,95.0,0,0,0.0,0.0,20.0,0.0,-20.0,-20.0,-20.0,0.0
28.125110387802124,0.0,0.0,-0.30493000000000003,95.0,0,0,0.0,0.0,20.0,0.0,-20.0,-20.0,-20.0,0.0
28.205110788345337,0.0,0.0,-0.30493000000000003,95.0,0,0,0.0,0.0,20.0,0.0,-20.0,-20.0,-20.0,0.0
28.28010320663452,0.0,0.0,-0.30493000000000003,95.0,0,0,0.0,0.0,20.0,0.0,-20.0,-20.0,-20.0,0.0
28.35911512374878,0.0,0.0,-0.30493000000000003,95.0,0,0,0.0,0.0,20.0,0.0,-20.0,-20.0,-20.0,0.0
28.4381046295166,0.0,0.0,-0.30495,95.0,0,0,0.0,0.0,20.0,0.0,-20.0,-20.0,-20.0,0.0
28.515632390975952,0.0,0.0,-0.30495,95.0,0,0,0.0,0.0,20.0,0.0,-20.0,-20.0,-20.0,0.0
28.612634420394897,0.0,0.0,-0.30495,95.0,0,0,0.0,0.0,20.0,0.0,-20.0,-20.0,-20.0,0.0
28.698636770248413,0.0,0.0,-0.30495,95.0,0,0,0.0,0.0,20.0,0.0,-20.0,-20.0,-20.0,0.0
28.77563190460205,0.0,0.0,-0.30495,95.0,0,0,0.0,0.0,20.0,0.0,-20.0,-20.0,-20.0,0.0
28.8546404838562,0.0,0.0,-0.30495,95.0,0,0,0.0,0.0,20.0,0.0,-20.0,-20.0,-20.0,0.0
28.93363356590271,0.0,0.0,-0.30495,95.0,0,0,0.0,0.0,20.0,0.0,-20.0,-20.0,-20.0,0.0
29.011634588241577,0.0,0.0,-0.30495,95.0,0,0,0.0,0.0,20.0,0.0,-20.0,-20.0,-20.0,0.0
29.090638875961304,0.0,0.0,-0.30495,95.0,0,0,0.0,0.0,20.0,0.0,-20.0,-20.0,-20.0,0.0
29.170634269714355,0.0,0.0,-0.30495,95.0,0,0,0.0,0.0,20.0,0.0,-20.0,-20.0,-20.0,0.0
29.249638557434082,0.0,0.0,-0.30495,95.0,0,0,0.0,0.0,20.0,0.0,-20.0,-20.0,-20.0,0.0
29.33064103126526,0.0,0.0,-0.30497,95.0,0,0,0.0,0.0,20.0,0.0,-20.0,-20.0,-20.0,0.0
29.407637119293213,0.0,0.0,-0.30497,95.0,0,0,0.0,0.0,20.0,0.0,-20.0,-20.0,-20.0,0.0
29.48764395713806,0.0,0.0,-0.30497,95.0,0,0,0.0,0.0,20.0,0.0,-20.0,-20.0,-20.0,0.0
29.567634344100952,0.0,0.0,-0.30497,95.0,0,0,0.0,0.0,20.0,0.0,-20.0,-20.0,-20.0,0.0
29.645635843276978,0.0,0.0,-0.30497,95.0,0,0,0.0,0.0,20.0,0.0,-20.0,-20.0,-20.0,0.0
29.755638122558594,0.0,0.0,-0.30497,95.0,0,0,0.0,0.0,20.0,0.0,-20.0,-20.0,-20.0,0.0
29.83463168144226,0.0,0.0,-0.30497,95.0,0,0,0.0,0.0,20.0,0.0,-20.0,-20.0,-20.0,0.0
29.912635803222656,0.0,0.0,-0.30497,95.0,0,0,0.0,0.0,20.0,0.0,-20.0,-20.0,-20.0,0.0
29.991636276245117,0.0,0.0,-0.30497,95.0,0,0,0.0,0.0,20.0,0.0,-20.0,-20.0,-20.0,0.0
30.069637298583984,0.0,0.0,-0.30497,95.0,0,0,0.0,0.0,20.0,0.0,-20.0,-20.0,-20.0,0.0
30.147172451019287,0.0,0.0,-0.30497,95.0,0,0,0.0,0.0,20.0,0.0,-20.0,-20.0,-20.0,0.0
30.22516679763794,0.0,0.0,-0.30497,95.0,0,0,0.0,0.0,20.0,0.0,-20.0,-20.0,-20.0,0.0
30.303176403045654,0.0,0.0,-0.30497,95.0,0,0,0.0,0.0,20.0,0.0,-20.0,-20.0,-20.0,0.0
30.380176305770874,0.0,0.0,-0.30497,95.0,0,0,0.0,0.0,20.0,0.0,-20.0,-20.0,-20.0,0.0
30.460265398025513,0.0,0.0,-0.30497,95.0,0,0,0.0,0.0,20.0,0.0,-20.0,-20.0,-20.0,0.0
30.537824153900146,0.0,0.0,-0.30497,95.0,0,0,0.0,0.0,20.0,0.0,-20.0,-20.0,-20.0,0.0
30.6158185005188,0.0,0.0,-0.30497,95.0,0,0,0.0,0.0,20.0,0.0,-20.0,-20.0,-20.0,0.0
30.695822715759277,0.0,0.0,-0.30497,95.0,0,0,0.0,0.0,20.0,0.0,-20.0,-20.0,-20.0,0.0
30.78887701034546,0.0,0.0,-0.30497,95.0,0,0,0.0,0.0,20.0,0.0,-20.0,-20.0,-20.0,0.0
30.88187599182129,0.0,0.0,-0.30497,95.0,0,0,0.0,0.0,20.0,0.0,-20.0,-20.0,-20.0,0.0
30.977879762649536,0.0,0.0,-0.30497,95.0,0,0,0.0,0.0,20.0,0.0,-20.0,-20.0,-20.0,0.0
31.053882598876953,0.0,0.0,-0.30499,95.0,0,0,0.0,0.0,20.0,0.0,-20.0,-20.0,-20.0,0.0
31.131879568099976,0.0,0.0,-0.30499,95.0,0,0,0.0,0.0,20.0,0.0,-20.0,-20.0,-20.0,0.0
31.210877180099487,0.0,0.0,-0.30499,95.0,0,0,0.0,0.0,20.0,0.0,-20.0,-20.0,-20.0,0.0
31.286890506744385,0.0,0.0,-0.30499,95.0,0,0,0.0,0.0,20.0,0.0,-20.0,-20.0,-20.0,0.0
31.364877939224243,0.0,0.0,-0.30499,95.0,0,0,0.0,0.0,20.0,0.0,-20.0,-20.0,-20.0,0.0
31.44187617301941,0.0,0.0,-0.30499,95.0,0,0,0.0,0.0,20.0,0.0,-20.0,-20.0,-20.0,0.0
31.520877838134766,0.0,0.0,-0.30499,95.0,0,0,0.0,0.0,20.0,0.0,-20.0,-20.0,-20.0,0.0
31.59887933731079,0.0,0.0,-0.30499,95.0,0,0,0.0,0.0,20.0,0.0,-20.0,-20.0,-20.0,0.0
31.674877166748047,0.0,0.0,-0.30499,95.0,0,0,0.0,0.0,20.0,0.0,-20.0,-20.0,-20.0,0.0
31.754400730133057,0.0,0.0,-0.30499,95.0,0,0,0.0,0.0,20.0,0.0,-20.0,-20.0,-20.0,0.0
31.833399295806885,0.0,0.0,-0.30499,95.0,0,0,0.0,0.0,20.0,0.0,-20.0,-20.0,-20.0,0.0
31.938401699066162,0.0,0.0,-0.30499,95.0,0,0,0.0,0.0,20.0,0.0,-20.0,-20.0,-20.0,0.0
32.01940131187439,0.0,0.0,-0.30499,95.0,0,0,0.0,0.0,20.0,0.0,-20.0,-20.0,-20.0,0.0
32.11040115356445,0.0,0.0,-0.30499,95.0,0,0,0.0,0.0,20.0,0.0,-20.0,-20.0,-20.0,0.0
32.19039821624756,0.0,0.0,-0.30499,95.0,0,0,0.0,0.0,20.0,0.0,-20.0,-20.0,-20.0,0.0
32.269458055496216,0.0,0.0,-0.30499,95.0,0,0,0.0,0.0,20.0,0.0,-20.0,-20.0,-20.0,0.0
32.34845018386841,0.0,0.0,-0.30499,95.0,0,0,0.0,0.0,20.0,0.0,-20.0,-20.0,-20.0,0.0
32.42347264289856,0.0,0.0,-0.30499,95.0,0,0,0.0,0.0,20.0,0.0,-20.0,-20.0,-20.0,0.0
32.502463579177856,0.0,0.0,-0.30499,95.0,0,0,0.0,0.0,20.0,0.0,-20.0,-20.0,-20.0,0.0
32.582449197769165,0.0,0.0,-0.30499,95.0,0,0,0.0,0.0,20.0,0.0,-20.0,-20.0,-20.0,0.0
32.661500453948975,0.0,0.0,-0.30499,95.0,0,0,0.0,0.0,20.0,0.0,-20.0,-20.0,-20.0,0.0
32.73797678947449,0.0,0.0,-0.30499,95.0,0,0,0.0,0.0,20.0,0.0,-20.0,-20.0,-20.0,0.0
32.812973499298096,0.0,0.0,-0.30499,95.0,0,0,0.0,0.0,20.0,0.0,-20.0,-20.0,-20.0,0.0
32.891985177993774,0.0,0.0,-0.30499,95.0,0,0,0.0,0.0,20.0,0.0,-20.0,-20.0,-20.0,0.0
32.993977785110474,0.0,0.0,-0.30499,95.0,0,0,0.0,0.0,20.0,0.0,-20.0,-20.0,-20.0,0.0
33.06897306442261,0.0,0.0,-0.30499,95.0,0,0,0.0,0.0,20.0,0.0,-20.0,-20.0,-20.0,0.0
33.14798021316528,0.0,0.0,-0.30499,95.0,0,0,0.0,0.0,20.0,0.0,-20.0,-20.0,-20.0,0.0
33.22697901725769,0.0,0.0,-0.30499,95.0,0,0,0.0,0.0,20.0,0.0,-20.0,-20.0,-20.0,0.0
33.30197238922119,0.0,0.0,-0.30499,95.0,0,0,0.0,0.0,20.0,0.0,-20.0,-20.0,-20.0,0.0
33.37997841835022,0.0,0.0,-0.30499,95.0,0,0,0.0,0.0,20.0,0.0,-20.0,-20.0,-20.0,0.0
33.45698046684265,0.0,0.0,-0.30499,95.0,0,0,0.0,0.0,20.0,0.0,-20.0,-20.0,-20.0,0.0
33.53397989273071,0.0,0.0,-0.30499,95.0,0,0,0.0,0.0,20.0,0.0,-20.0,-20.0,-20.0,0.0
33.61404538154602,0.0,0.0,-0.30499,95.0,0,0,0.0,0.0,20.0,0.0,-20.0,-20.0,-20.0,0.0
33.70614767074585,0.0,0.0,-0.30499,95.0,0,0,0.0,0.0,20.0,0.0,-20.0,-20.0,-20.0,0.0
33.786144971847534,0.0,0.0,-0.30499,95.0,0,0,0.0,0.0,20.0,0.0,-20.0,-20.0,-20.0,0.0
33.86614441871643,0.0,0.0,-0.30499,95.0,0,0,0.0,0.0,20.0,0.0,-20.0,-20.0,-20.0,0.0
33.94414186477661,0.0,0.0,-0.30499,95.0,0,0,0.0,0.0,20.0,0.0,-20.0,-20.0,-20.0,0.0
34.02314519882202,0.0,0.0,-0.30499,95.0,0,0,0.0,0.0,20.0,0.0,-20.0,-20.0,-20.0,0.0
34.12514901161194,0.0,0.0,-0.30499,95.0,0,0,0.0,0.0,20.0,0.0,-20.0,-20.0,-20.0,0.0
34.204155683517456,0.0,0.0,-0.30499,95.0,0,0,0.0,0.0,20.0,0.0,-20.0,-20.0,-20.0,0.0
34.282140493392944,0.0,0.0,-0.30499,95.0,0,0,0.0,0.0,20.0,0.0,-20.0,-20.0,-20.0,0.0
34.35813903808594,0.0,0.0,-0.30499,95.0,0,0,0.0,0.0,20.0,0.0,-20.0,-20.0,-20.0,0.0
34.43715047836304,0.0,0.0,-0.30499,95.0,0,0,0.0,0.0,20.0,0.0,-20.0,-20.0,-20.0,0.0
34.516138792037964,0.0,0.0,-0.30499,95.0,0,0,0.0,0.0,20.0,0.0,-20.0,-20.0,-20.0,0.0
34.594138860702515,0.0,0.0,-0.30499,95.0,0,0,0.0,0.0,20.0,0.0,-20.0,-20.0,-20.0,0.0
34.67113924026489,0.0,0.0,-0.30499,95.0,0,0,0.0,0.0,20.0,0.0,-20.0,-20.0,-20.0,0.0
34.75115466117859,0.0,0.0,-0.30499,95.0,0,0,0.0,0.0,20.0,0.0,-20.0,-20.0,-20.0,0.0
34.82914900779724,0.0,0.0,-0.30499,95.0,0,0,0.0,0.0,20.0,0.0,-20.0,-20.0,-20.0,0.0
34.909162521362305,0.0,0.0,-0.30499,95.0,0,0,0.0,0.0,20.0,0.0,-20.0,-20.0,-20.0,0.0
34.98814916610718,0.0,0.0,-0.30499,95.0,0,0,0.0,0.0,20.0,0.0,-20.0,-20.0,-20.0,0.0
35.06623387336731,0.0,0.0,-0.30499,95.0,0,0,0.0,0.0,20.0,0.0,-20.0,-20.0,-20.0,0.0
35.16223669052124,0.0,0.0,-0.30499,95.0,0,0,0.0,0.0,20.0,0.0,-20.0,-20.0,-20.0,0.0
35.24923491477966,0.0,0.0,-0.30499,95.0,0,0,0.0,0.0,20.0,0.0,-20.0,-20.0,-20.0,0.0
35.32423162460327,0.0,0.0,-0.30499,95.0,0,0,0.0,0.0,20.0,0.0,-20.0,-20.0,-20.0,0.0
35.40224051475525,0.0,0.0,-0.30499,95.0,0,0,0.0,0.0,20.0,0.0,-20.0,-20.0,-20.0,0.0
35.48224592208862,0.0,0.0,-0.30499,95.0,0,0,0.0,0.0,20.0,0.0,-20.0,-20.0,-20.0,0.0
35.55923676490784,0.0,0.0,-0.30499,95.0,0,0,0.0,0.0,20.0,0.0,-20.0,-20.0,-20.0,0.0
35.63723421096802,0.0,0.0,-0.30499,95.0,0,0,0.0,0.0,20.0,0.0,-20.0,-20.0,-20.0,0.0
35.71623682975769,0.0,0.0,-0.30499,95.0,0,0,0.0,0.0,20.0,0.0,-20.0,-20.0,-20.0,0.0
35.793241024017334,0.0,0.0,-0.30499,95.0,0,0,0.0,0.0,20.0,0.0,-20.0,-20.0,-20.0,0.0
35.87330508232117,0.0,0.0,-0.30499,95.0,0,0,0.0,0.0,20.0,0.0,-20.0,-20.0,-20.0,0.0
35.95332360267639,0.0,0.0,-0.30499,95.0,0,0,0.0,0.0,20.0,0.0,-20.0,-20.0,-20.0,0.0
36.03030514717102,0.0,0.0,-0.30499,95.0,0,0,0.0,0.0,20.0,0.0,-20.0,-20.0,-20.0,0.0
36.10935187339783,0.0,0.0,-0.30499,95.0,0,0,0.0,0.0,20.0,0.0,-20.0,-20.0,-20.0,0.0
36.188302755355835,0.0,0.0,-0.30499,95.0,0,0,0.0,0.0,20.0,0.0,-20.0,-20.0,-20.0,0.0
36.30030560493469,0.0,0.0,-0.30499,95.0,0,0,0.0,0.0,20.0,0.0,-20.0,-20.0,-20.0,0.0
36.379308223724365,0.0,0.0,-0.30499,95.0,0,0,0.0,0.0,20.0,0.0,-20.0,-20.0,-20.0,0.0
36.459327697753906,0.0,0.0,-0.30499,95.0,0,0,0.0,0.0,20.0,0.0,-20.0,-20.0,-20.0,0.0
36.53730344772339,0.0,0.0,-0.30499,95.0,0,0,0.0,0.0,20.0,0.0,-20.0,-20.0,-20.0,0.0
36.61430549621582,0.0,0.0,-0.30499,95.0,0,0,0.0,0.0,20.0,0.0,-20.0,-20.0,-20.0,0.0
36.69130277633667,0.0,0.0,-0.30499,95.0,0,0,0.0,0.0,20.0,0.0,-20.0,-20.0,-20.0,0.0
36.769309997558594,0.0,0.0,-0.30499,95.0,0,0,0.0,0.0,20.0,0.0,-20.0,-20.0,-20.0,0.0
36.84930229187012,0.0,0.0,-0.30499,95.0,0,0,0.0,0.0,20.0,0.0,-20.0,-20.0,-20.0,0.0
36.92630052566528,0.0,0.0,-0.30499,95.0,0,0,0.0,0.0,20.0,0.0,-20.0,-20.0,-20.0,0.0
37.00530672073364,0.0,0.0,-0.30499,95.0,0,0,0.0,0.0,20.0,0.0,-20.0,-20.0,-20.0,0.0
37.101304054260254,0.0,0.0,-0.30499,95.0,0,0,0.0,0.0,20.0,0.0,-20.0,-20.0,-20.0,0.0
37.17836809158325,0.0,0.0,-0.30499,95.0,0,0,0.0,0.0,20.0,0.0,-20.0,-20.0,-20.0,0.0
37.25735950469971,0.0,0.0,-0.30499,95.0,0,0,0.0,0.0,20.0,0.0,-20.0,-20.0,-20.0,0.0
37.35635805130005,0.0,0.0,-0.30499,95.0,0,0,0.0,0.0,20.0,0.0,-20.0,-20.0,-20.0,0.0
37.44888210296631,0.0,0.0,-0.30499,95.0,0,0,0.0,0.0,20.0,0.0,-20.0,-20.0,-20.0,0.0
37.527883529663086,0.0,0.0,-0.30499,95.0,0,0,0.0,0.0,20.0,0.0,-20.0,-20.0,-20.0,0.0
37.60489797592163,0.0,0.0,-0.30499,95.0,0,0,0.0,0.0,20.0,0.0,-20.0,-20.0,-20.0,0.0
37.68089294433594,0.0,0.0,-0.30499,95.0,0,0,0.0,0.0,20.0,0.0,-20.0,-20.0,-20.0,0.0
37.76189208030701,0.0,0.0,-0.30499,95.0,0,0,0.0,0.0,20.0,0.0,-20.0,-20.0,-20.0,0.0
37.84040093421936,0.0,0.0,-0.30499,95.0,0,0,0.0,0.0,20.0,0.0,-20.0,-20.0,-20.0,0.0
37.919400691986084,0.0,0.0,-0.30499,95.0,0,0,0.0,0.0,20.0,0.0,-20.0,-20.0,-20.0,0.0
37.9974102973938,0.0,0.0,-0.30499,95.0,0,0,0.0,0.0,20.0,0.0,-20.0,-20.0,-20.0,0.0
38.07739877700806,0.0,0.0,-0.30499,95.0,0,0,0.0,0.0,20.0,0.0,-20.0,-20.0,-20.0,0.0
38.15639877319336,0.0,0.0,-0.30499,95.0,0,0,0.0,0.0,20.0,0.0,-20.0,-20.0,-20.0,0.0
38.23741030693054,0.0,0.0,-0.30499,95.0,0,0,0.0,0.0,20.0,0.0,-20.0,-20.0,-20.0,0.0
38.31339883804321,0.0,0.0,-0.30499,95.0,0,0,0.0,0.0,20.0,0.0,-20.0,-20.0,-20.0,0.0
38.39241147041321,0.0,0.0,-0.30499,95.0,0,0,0.0,0.0,20.0,0.0,-20.0,-20.0,-20.0,0.0
38.504398822784424,0.0,0.0,-0.30499,95.0,0,0,0.0,0.0,20.0,0.0,-20.0,-20.0,-20.0,0.0
38.58039855957031,0.0,0.0,-0.30499,95.0,0,0,0.0,0.0,20.0,0.0,-20.0,-20.0,-20.0,0.0
38.65742349624634,0.0,0.0,-0.30499,95.0,0,0,0.0,0.0,20.0,0.0,-20.0,-20.0,-20.0,0.0
38.734971046447754,0.0,0.0,-0.30499,95.0,0,0,0.0,0.0,20.0,0.0,-20.0,-20.0,-20.0,0.0
38.81397342681885,0.0,0.0,-0.30499,95.0,0,0,0.0,0.0,20.0,0.0,-20.0,-20.0,-20.0,0.0
38.892974853515625,0.0,0.0,-0.30499,95.0,0,0,0.0,0.0,20.0,0.0,-20.0,-20.0,-20.0,0.0
38.968040227890015,0.0,0.0,-0.30499,95.0,0,0,0.0,0.0,20.0,0.0,-20.0,-20.0,-20.0,0.0
39.047038555145264,0.0,0.0,-0.30499,95.0,0,0,0.0,0.0,20.0,0.0,-20.0,-20.0,-20.0,0.0
39.126038551330566,0.0,0.0,-0.30499,95.0,0,0,0.0,0.0,20.0,0.0,-20.0,-20.0,-20.0,0.0
39.20503520965576,0.0,0.0,-0.30499,95.0,0,0,0.0,0.0,20.0,0.0,-20.0,-20.0,-20.0,0.0
39.283042430877686,0.0,0.0,-0.30499,95.0,0,0,0.0,0.0,20.0,0.0,-20.0,-20.0,-20.0,0.0
39.36152648925781,0.0,0.0,-0.30499,95.0,0,0,0.0,0.0,20.0,0.0,-20.0,-20.0,-20.0,0.0
39.4395272731781,0.0,0.0,-0.30499,95.0,0,0,0.0,0.0,20.0,0.0,-20.0,-20.0,-20.0,0.0
39.53555130958557,0.0,0.0,-0.30499,95.0,0,0,0.0,0.0,20.0,0.0,-20.0,-20.0,-20.0,0.0
39.624043464660645,0.0,0.0,-0.30499,95.0,0,0,0.0,0.0,20.0,0.0,-20.0,-20.0,-20.0,0.0
39.70204138755798,0.0,0.0,-0.30499,95.0,0,0,0.0,0.0,20.0,0.0,-20.0,-20.0,-20.0,0.0
39.780049562454224,0.0,0.0,-0.30499,95.0,0,0,0.0,0.0,20.0,0.0,-20.0,-20.0,-20.0,0.0
39.85904407501221,0.0,0.0,-0.30499,95.0,0,0,0.0,0.0,20.0,0.0,-20.0,-20.0,-20.0,0.0
39.93404459953308,0.0,0.0,-0.30499,95.0,0,0,0.0,0.0,20.0,0.0,-20.0,-20.0,-20.0,0.0
40.0134551525116,0.0,0.0,-0.30499,95.0,0,0,0.0,0.0,20.0,0.0,-20.0,-20.0,-20.0,0.0
40.10554122924805,0.0,0.0,-0.30499,95.0,0,0,0.0,0.0,20.0,0.0,-20.0,-20.0,-20.0,0.0
40.18252205848694,0.0,0.0,-0.30499,95.0,0,0,0.0,0.0,20.0,0.0,-20.0,-20.0,-20.0,0.0
40.26152515411377,0.0,0.0,-0.30499,95.0,0,0,0.0,0.0,20.0,0.0,-20.0,-20.0,-20.0,0.0
40.33906531333923,0.0,0.0,-0.30499,95.0,0,0,0.0,0.0,20.0,0.0,-20.0,-20.0,-20.0,0.0
40.41706371307373,0.0,0.0,-0.30499,95.0,0,0,0.0,0.0,20.0,0.0,-20.0,-20.0,-20.0,0.0
40.49605846405029,0.0,0.0,-0.30499,95.0,0,0,0.0,0.0,20.0,0.0,-20.0,-20.0,-20.0,0.0
40.57359004020691,0.0,0.0,-0.30499,95.0,0,0,0.0,0.0,20.0,0.0,-20.0,-20.0,-20.0,0.0
40.68458366394043,0.0,0.0,-0.30499,95.0,0,0,0.0,0.0,20.0,0.0,-20.0,-20.0,-20.0,0.0
40.76312851905823,0.0,0.0,-0.30499,95.0,0,0,0.0,0.0,20.0,0.0,-20.0,-20.0,-20.0,0.0
40.839128255844116,0.0,0.0,-0.30499,95.0,0,0,0.0,0.0,20.0,0.0,-20.0,-20.0,-20.0,0.0
40.91712713241577,0.0,0.0,-0.30499,95.0,0,0,0.0,0.0,20.0,0.0,-20.0,-20.0,-20.0,0.0
40.99464654922485,0.0,0.0,-0.30499,95.0,0,0,0.0,0.0,20.0,0.0,-20.0,-20.0,-20.0,0.0
41.0726432800293,0.0,0.0,-0.30499,95.0,0,0,0.0,0.0,20.0,0.0,-20.0,-20.0,-20.0,0.0
41.15166616439819,0.0,0.0,-0.30499,95.0,0,0,0.0,0.0,20.0,0.0,-20.0,-20.0,-20.0,0.0
41.230642318725586,0.0,0.0,-0.30499,95.0,0,0,0.0,0.0,20.0,0.0,-20.0,-20.0,-20.0,0.0
41.30864381790161,0.0,0.0,-0.30499,95.0,0,0,0.0,0.0,20.0,0.0,-20.0,-20.0,-20.0,0.0
41.389647483825684,0.0,0.0,-0.30499,95.0,0,0,0.0,0.0,20.0,0.0,-20.0,-20.0,-20.0,0.0
41.467644453048706,0.0,0.0,-0.30499,95.0,0,0,0.0,0.0,20.0,0.0,-20.0,-20.0,-20.0,0.0
41.54664611816406,0.0,0.0,-0.30499,95.0,0,0,0.0,0.0,20.0,0.0,-20.0,-20.0,-20.0,0.0
41.62664175033569,0.0,0.0,-0.30499,95.0,0,0,0.0,0.0,20.0,0.0,-20.0,-20.0,-20.0,0.0
41.72464156150818,0.0,0.0,-0.30499,95.0,0,0,0.0,0.0,20.0,0.0,-20.0,-20.0,-20.0,0.0
41.80364680290222,0.0,0.0,-0.30499,95.0,0,0,0.0,0.0,20.0,0.0,-20.0,-20.0,-20.0,0.0
41.88265061378479,0.0,0.0,-0.30499,95.0,0,0,0.0,0.0,20.0,0.0,-20.0,-20.0,-20.0,0.0
41.96164655685425,0.0,0.0,-0.30499,95.0,0,0,0.0,0.0,20.0,0.0,-20.0,-20.0,-20.0,0.0
42.03764629364014,0.0,0.0,-0.30499,95.0,0,0,0.0,0.0,20.0,0.0,-20.0,-20.0,-20.0,0.0
42.11564230918884,0.0,0.0,-0.30499,95.0,0,0,0.0,0.0,20.0,0.0,-20.0,-20.0,-20.0,0.0
42.191641330718994,0.0,0.0,-0.30499,95.0,0,0,0.0,0.0,20.0,0.0,-20.0,-20.0,-20.0,0.0
42.26964592933655,0.0,0.0,-0.30499,95.0,0,0,0.0,0.0,20.0,0.0,-20.0,-20.0,-20.0,0.0
42.349647521972656,0.0,0.0,-0.30499,95.0,0,0,0.0,0.0,20.0,0.0,-20.0,-20.0,-20.0,0.0
42.42964267730713,0.0,0.0,-0.30499,95.0,0,0,0.0,0.0,20.0,0.0,-20.0,-20.0,-20.0,0.0
42.508644104003906,0.0,0.0,-0.30499,95.0,0,0,0.0,0.0,20.0,0.0,-20.0,-20.0,-20.0,0.0
42.586642265319824,0.0,0.0,-0.30499,95.0,0,0,0.0,0.0,20.0,0.0,-20.0,-20.0,-20.0,0.0
42.664652824401855,0.0,0.0,-0.30499,95.0,0,0,0.0,0.0,20.0,0.0,-20.0,-20.0,-20.0,0.0
42.743645429611206,0.0,0.0,-0.30499,95.0,0,0,0.0,0.0,20.0,0.0,-20.0,-20.0,-20.0,0.0
42.85116457939148,0.0,0.0,-0.30499,95.0,0,0,0.0,0.0,20.0,0.0,-20.0,-20.0,-20.0,0.0
42.92916226387024,0.0,0.0,-0.30499,95.0,0,0,0.0,0.0,20.0,0.0,-20.0,-20.0,-20.0,0.0
43.00616097450256,0.0,0.0,-0.30499,95.0,0,0,0.0,0.0,20.0,0.0,-20.0,-20.0,-20.0,0.0
43.08271503448486,0.0,0.0,-0.30499,95.0,0,0,0.0,0.0,20.0,0.0,-20.0,-20.0,-20.0,0.0
43.15870690345764,0.0,0.0,-0.30499,95.0,0,0,0.0,0.0,20.0,0.0,-20.0,-20.0,-20.0,0.0
43.2367045879364,0.0,0.0,-0.30499,95.0,0,0,0.0,0.0,20.0,0.0,-20.0,-20.0,-20.0,0.0
43.31471371650696,0.0,0.0,-0.30499,95.0,0,0,0.0,0.0,20.0,0.0,-20.0,-20.0,-20.0,0.0
43.394710302352905,0.0,0.0,-0.30499,95.0,0,0,0.0,0.0,20.0,0.0,-20.0,-20.0,-20.0,0.0
43.47371053695679,0.0,0.0,-0.30499,95.0,0,0,0.0,0.0,20.0,0.0,-20.0,-20.0,-20.0,0.0
43.5537314414978,0.0,0.0,-0.30499,95.0,0,0,0.0,0.0,20.0,0.0,-20.0,-20.0,-20.0,0.0
43.6327919960022,0.0,0.0,-0.30499,95.0,0,0,0.0,0.0,20.0,0.0,-20.0,-20.0,-20.0,0.0
43.7097864151001,0.0,0.0,-0.30499,95.0,0,0,0.0,0.0,20.0,0.0,-20.0,-20.0,-20.0,0.0
43.78778576850891,0.0,0.0,-0.30499,95.0,0,0,0.0,0.0,20.0,0.0,-20.0,-20.0,-20.0,0.0
43.88988709449768,0.0,0.0,-0.30499,95.0,0,0,0.0,0.0,20.0,0.0,-20.0,-20.0,-20.0,0.0
43.96488618850708,0.0,0.0,-0.30499,95.0,0,0,0.0,0.0,20.0,0.0,-20.0,-20.0,-20.0,0.0
44.04288363456726,0.0,0.0,-0.30499,95.0,0,0,0.0,0.0,20.0,0.0,-20.0,-20.0,-20.0,0.0
44.12088465690613,0.0,0.0,-0.30499,95.0,0,0,0.0,0.0,20.0,0.0,-20.0,-20.0,-20.0,0.0
44.19988679885864,0.0,0.0,-0.30499,95.0,0,0,0.0,0.0,20.0,0.0,-20.0,-20.0,-20.0,0.0
44.27788305282593,0.0,0.0,-0.30499,95.0,0,0,0.0,0.0,20.0,0.0,-20.0,-20.0,-20.0,0.0
44.35642600059509,0.0,0.0,-0.30499,95.0,0,0,0.0,0.0,20.0,0.0,-20.0,-20.0,-20.0,0.0
44.434417486190796,0.0,0.0,-0.30499,95.0,0,0,0.0,0.0,20.0,0.0,-20.0,-20.0,-20.0,0.0
44.51544523239136,0.0,0.0,-0.30499,95.0,0,0,0.0,0.0,20.0,0.0,-20.0,-20.0,-20.0,0.0
44.59141540527344,0.0,0.0,-0.30499,95.0,0,0,0.0,0.0,20.0,0.0,-20.0,-20.0,-20.0,0.0
44.66941976547241,0.0,0.0,-0.30499,95.0,0,0,0.0,0.0,20.0,0.0,-20.0,-20.0,-20.0,0.0
44.74842309951782,0.0,0.0,-0.30499,95.0,0,0,0.0,0.0,20.0,0.0,-20.0,-20.0,-20.0,0.0
44.82541561126709,0.0,0.0,-0.30499,95.0,0,0,0.0,0.0,20.0,0.0,-20.0,-20.0,-20.0,0.0
44.904415130615234,0.0,0.0,-0.30499,95.0,0,0,0.0,0.0,20.0,0.0,-20.0,-20.0,-20.0,0.0
45.018420457839966,0.0,0.0,-0.30499,95.0,0,0,0.0,0.0,20.0,0.0,-20.0,-20.0,-20.0,0.0
45.09341549873352,0.0,0.0,-0.30499,95.0,0,0,0.0,0.0,20.0,0.0,-20.0,-20.0,-20.0,0.0
45.17342567443848,0.0,0.0,-0.30499,95.0,0,0,0.0,0.0,20.0,0.0,-20.0,-20.0,-20.0,0.0
45.25343132019043,0.0,0.0,-0.30499,95.0,0,0,0.0,0.0,20.0,0.0,-20.0,-20.0,-20.0,0.0
45.33142113685608,0.0,0.0,-0.30499,95.0,0,0,0.0,0.0,20.0,0.0,-20.0,-20.0,-20.0,0.0
45.41041684150696,0.0,0.0,-0.30499,95.0,0,0,0.0,0.0,20.0,0.0,-20.0,-20.0,-20.0,0.0
45.48941469192505,0.0,0.0,-0.30499,95.0,0,0,0.0,0.0,20.0,0.0,-20.0,-20.0,-20.0,0.0
45.56842279434204,0.0,0.0,-0.30499,95.0,0,0,0.0,0.0,20.0,0.0,-20.0,-20.0,-20.0,0.0
45.647948026657104,0.0,0.0,-0.30499,95.0,0,0,0.0,0.0,20.0,0.0,-20.0,-20.0,-20.0,0.0
45.72698664665222,0.0,0.0,-0.30499,95.0,0,0,0.0,0.0,20.0,0.0,-20.0,-20.0,-20.0,0.0
45.8079891204834,0.0,0.0,-0.30499,95.0,0,0,0.0,0.0,20.0,0.0,-20.0,-20.0,-20.0,0.0
45.90298652648926,0.0,0.0,-0.30499,95.0,0,0,0.0,0.0,20.0,0.0,-20.0,-20.0,-20.0,0.0
45.983988523483276,0.0,0.0,-0.30499,95.0,0,0,0.0,0.0,20.0,0.0,-20.0,-20.0,-20.0,0.0
46.08099699020386,0.0,0.0,-0.30499,95.0,0,0,0.0,0.0,20.0,0.0,-20.0,-20.0,-20.0,0.0
46.16498851776123,0.0,0.0,-0.30499,95.0,0,0,0.0,0.0,20.0,0.0,-20.0,-20.0,-20.0,0.0
46.24498748779297,0.0,0.0,-0.30499,95.0,0,0,0.0,0.0,20.0,0.0,-20.0,-20.0,-20.0,0.0
46.32398724555969,0.0,0.0,-0.30499,95.0,0,0,0.0,0.0,20.0,0.0,-20.0,-20.0,-20.0,0.0
46.39998435974121,0.0,0.0,-0.30499,95.0,0,0,0.0,0.0,20.0,0.0,-20.0,-20.0,-20.0,0.0
46.47598600387573,0.0,0.0,-0.30499,95.0,0,0,0.0,0.0,20.0,0.0,-20.0,-20.0,-20.0,0.0
46.55504035949707,0.0,0.0,-0.30499,95.0,0,0,0.0,0.0,20.0,0.0,-20.0,-20.0,-20.0,0.0
46.63356137275696,0.0,0.0,-0.30499,95.0,0,0,0.0,0.0,20.0,0.0,-20.0,-20.0,-20.0,0.0
46.71255350112915,0.0,0.0,-0.30499,95.0,0,0,0.0,0.0,20.0,0.0,-20.0,-20.0,-20.0,0.0
46.79155230522156,0.0,0.0,-0.30499,95.0,0,0,0.0,0.0,20.0,0.0,-20.0,-20.0,-20.0,0.0
46.86955213546753,0.0,0.0,-0.30499,95.0,0,0,0.0,0.0,20.0,0.0,-20.0,-20.0,-20.0,0.0
46.948567628860474,0.0,0.0,-0.30499,95.0,0,0,0.0,0.0,20.0,0.0,-20.0,-20.0,-20.0,0.0
47.028554916381836,0.0,0.0,-0.30499,95.0,0,0,0.0,0.0,20.0,0.0,-20.0,-20.0,-20.0,0.0
47.10455298423767,0.0,0.0,-0.30499,95.0,0,0,0.0,0.0,20.0,0.0,-20.0,-20.0,-20.0,0.0
47.22155404090881,0.0,0.0,-0.30499,95.0,0,0,0.0,0.0,20.0,0.0,-20.0,-20.0,-20.0,0.0
47.30055284500122,0.0,0.0,-0.30499,95.0,0,0,0.0,0.0,20.0,0.0,-20.0,-20.0,-20.0,0.0
47.37856578826904,0.0,0.0,-0.30499,95.0,0,0,0.0,0.0,20.0,0.0,-20.0,-20.0,-20.0,0.0
47.45757460594177,0.0,0.0,-0.30499,95.0,0,0,0.0,0.0,20.0,0.0,-20.0,-20.0,-20.0,0.0
47.535563468933105,0.0,0.0,-0.30499,95.0,0,0,0.0,0.0,20.0,0.0,-20.0,-20.0,-20.0,0.0
47.614558696746826,0.0,0.0,-0.30499,95.0,0,0,0.0,0.0,20.0,0.0,-20.0,-20.0,-20.0,0.0
47.69355630874634,0.0,0.0,-0.30499,95.0,0,0,0.0,0.0,20.0,0.0,-20.0,-20.0,-20.0,0.0
47.77355241775513,0.0,0.0,-0.30499,95.0,0,0,0.0,0.0,20.0,0.0,-20.0,-20.0,-20.0,0.0
47.852553367614746,0.0,0.0,-0.30499,95.0,0,0,0.0,0.0,20.0,0.0,-20.0,-20.0,-20.0,0.0
47.92955470085144,0.0,0.0,-0.30499,95.0,0,0,0.0,0.0,20.0,0.0,-20.0,-20.0,-20.0,0.0
48.00755500793457,0.0,0.0,-0.30499,95.0,0,0,0.0,0.0,20.0,0.0,-20.0,-20.0,-20.0,0.0
48.0875518321991,0.0,0.0,-0.30499,95.0,0,0,0.0,0.0,20.0,0.0,-20.0,-20.0,-20.0,0.0
48.16555380821228,0.0,0.0,-0.30499,95.0,0,0,0.0,0.0,20.0,0.0,-20.0,-20.0,-20.0,0.0
48.266565799713135,0.0,0.0,-0.30499,95.0,0,0,0.0,0.0,20.0,0.0,-20.0,-20.0,-20.0,0.0
48.37456035614014,0.0,0.0,-0.30499,95.0,0,0,0.0,0.0,20.0,0.0,-20.0,-20.0,-20.0,0.0
48.45155477523804,0.0,0.0,-0.30499,95.0,0,0,0.0,0.0,20.0,0.0,-20.0,-20.0,-20.0,0.0
48.52955341339111,0.0,0.0,-0.30499,95.0,0,0,0.0,0.0,20.0,0.0,-20.0,-20.0,-20.0,0.0
48.608553886413574,0.0,0.0,-0.30499,95.0,0,0,0.0,0.0,20.0,0.0,-20.0,-20.0,-20.0,0.0
48.68455362319946,0.0,0.0,-0.30499,95.0,0,0,0.0,0.0,20.0,0.0,-20.0,-20.0,-20.0,0.0
48.76355862617493,0.0,0.0,-0.30499,95.0,0,0,0.0,0.0,20.0,0.0,-20.0,-20.0,-20.0,0.0
48.840550899505615,0.0,0.0,-0.30499,95.0,0,0,0.0,0.0,20.0,0.0,-20.0,-20.0,-20.0,0.0
48.91955637931824,0.0,0.0,-0.30499,95.0,0,0,0.0,0.0,20.0,0.0,-20.0,-20.0,-20.0,0.0
49.014556884765625,0.0,0.0,-0.30499,95.0,0,0,0.0,0.0,20.0,0.0,-20.0,-20.0,-20.0,0.0
49.092551708221436,0.0,0.0,-0.30499,95.0,0,0,0.0,0.0,20.0,0.0,-20.0,-20.0,-20.0,0.0
49.17156362533569,0.0,0.0,-0.30499,95.0,0,0,0.0,0.0,20.0,0.0,-20.0,-20.0,-20.0,0.0
49.2490758895874,0.0,0.0,-0.30499,95.0,0,0,0.0,0.0,20.0,0.0,-20.0,-20.0,-20.0,0.0
49.34507489204407,0.0,0.0,-0.30499,95.0,0,0,0.0,0.0,20.0,0.0,-20.0,-20.0,-20.0,0.0
49.436089754104614,0.0,0.0,-0.30499,95.0,0,0,0.0,0.0,20.0,0.0,-20.0,-20.0,-20.0,0.0
49.52708864212036,0.0,0.0,-0.30499,95.0,0,0,0.0,0.0,20.0,0.0,-20.0,-20.0,-20.0,0.0
49.60608625411987,0.0,0.0,-0.30499,95.0,0,0,0.0,0.0,20.0,0.0,-20.0,-20.0,-20.0,0.0
49.68407440185547,0.0,0.0,-0.30499,95.0,0,0,0.0,0.0,20.0,0.0,-20.0,-20.0,-20.0,0.0
49.76207900047302,0.0,0.0,-0.30499,95.0,0,0,0.0,0.0,20.0,0.0,-20.0,-20.0,-20.0,0.0
49.84107494354248,0.0,0.0,-0.30499,95.0,0,0,0.0,0.0,20.0,0.0,-20.0,-20.0,-20.0,0.0
49.921093225479126,0.0,0.0,-0.30499,95.0,0,0,0.0,0.0,20.0,0.0,-20.0,-20.0,-20.0,0.0
50.00109624862671,0.0,0.0,-0.30499,95.0,0,0,0.0,0.0,20.0,0.0,-20.0,-20.0,-20.0,0.0
50.07907557487488,0.0,0.0,-0.30499,95.0,0,0,0.0,0.0,20.0,0.0,-20.0,-20.0,-20.0,0.0
50.15707492828369,0.0,0.0,-0.30499,95.0,0,0,0.0,0.0,20.0,0.0,-20.0,-20.0,-20.0,0.0
50.23608374595642,0.0,0.0,-0.30499,95.0,0,0,0.0,0.0,20.0,0.0,-20.0,-20.0,-20.0,0.0
50.316081523895264,0.0,0.0,-0.30499,95.0,0,0,0.0,0.0,20.0,0.0,-20.0,-20.0,-20.0,0.0
50.408076763153076,0.0,0.0,-0.30499,95.0,0,0,0.0,0.0,20.0,0.0,-20.0,-20.0,-20.0,0.0
50.501075744628906,0.0,0.0,-0.30499,95.0,0,0,0.0,0.0,20.0,0.0,-20.0,-20.0,-20.0,0.0
50.58108043670654,0.0,0.0,-0.30499,95.0,0,0,0.0,0.0,20.0,0.0,-20.0,-20.0,-20.0,0.0
50.65707850456238,0.0,0.0,-0.30499,95.0,0,0,0.0,0.0,20.0,0.0,-20.0,-20.0,-20.0,0.0
50.736079454422,0.0,0.0,-0.30499,95.0,0,0,0.0,0.0,20.0,0.0,-20.0,-20.0,-20.0,0.0
50.814148902893066,0.0,0.0,-0.30499,95.0,0,0,0.0,0.0,20.0,0.0,-20.0,-20.0,-20.0,0.0
50.890148878097534,0.0,0.0,-0.30499,95.0,0,0,0.0,0.0,20.0,0.0,-20.0,-20.0,-20.0,0.0
50.967146158218384,0.0,0.0,-0.30499,95.0,0,0,0.0,0.0,20.0,0.0,-20.0,-20.0,-20.0,0.0
51.046149253845215,0.0,0.0,-0.30499,95.0,0,0,0.0,0.0,20.0,0.0,-20.0,-20.0,-20.0,0.0
51.12415432929993,0.0,0.0,-0.30499,95.0,0,0,0.0,0.0,20.0,0.0,-20.0,-20.0,-20.0,0.0
51.20416259765625,0.0,0.0,-0.30499,95.0,0,0,0.0,0.0,20.0,0.0,-20.0,-20.0,-20.0,0.0
51.283148527145386,0.0,0.0,-0.30499,95.0,0,0,0.0,0.0,20.0,0.0,-20.0,-20.0,-20.0,0.0
51.36115312576294,0.0,0.0,-0.30499,95.0,0,0,0.0,0.0,20.0,0.0,-20.0,-20.0,-20.0,0.0
51.44014501571655,0.0,0.0,-0.30499,95.0,0,0,0.0,0.0,20.0,0.0,-20.0,-20.0,-20.0,0.0
51.53414821624756,0.0,0.0,-0.30499,95.0,0,0,0.0,0.0,20.0,0.0,-20.0,-20.0,-20.0,0.0
51.62614727020264,0.0,0.0,-0.30499,95.0,0,0,0.0,0.0,20.0,0.0,-20.0,-20.0,-20.0,0.0
51.70314598083496,0.0,0.0,-0.30499,95.0,0,0,0.0,0.0,20.0,0.0,-20.0,-20.0,-20.0,0.0
51.781155824661255,0.0,0.0,-0.30499,95.0,0,0,0.0,0.0,20.0,0.0,-20.0,-20.0,-20.0,0.0
51.87714505195618,0.0,0.0,-0.30499,95.0,0,0,0.0,0.0,20.0,0.0,-20.0,-20.0,-20.0,0.0
51.95615029335022,0.0,0.0,-0.30499,95.0,0,0,0.0,0.0,20.0,0.0,-20.0,-20.0,-20.0,0.0
52.034146785736084,0.0,0.0,-0.30499,95.0,0,0,0.0,0.0,20.0,0.0,-20.0,-20.0,-20.0,0.0
52.11214542388916,0.0,0.0,-0.30499,95.0,0,0,0.0,0.0,20.0,0.0,-20.0,-20.0,-20.0,0.0
52.19014573097229,0.0,0.0,-0.30499,95.0,0,0,0.0,0.0,20.0,0.0,-20.0,-20.0,-20.0,0.0
52.269145488739014,0.0,0.0,-0.30499,95.0,0,0,0.0,0.0,20.0,0.0,-20.0,-20.0,-20.0,0.0
52.348148345947266,0.0,0.0,-0.30499,95.0,0,0,0.0,0.0,20.0,0.0,-20.0,-20.0,-20.0,0.0
52.42714524269104,0.0,0.0,-0.30499,95.0,0,0,0.0,0.0,20.0,0.0,-20.0,-20.0,-20.0,0.0
52.50715112686157,0.0,0.0,-0.30499,95.0,0,0,0.0,0.0,20.0,0.0,-20.0,-20.0,-20.0,0.0
52.58517909049988,0.0,0.0,-0.30499,95.0,0,0,0.0,0.0,20.0,0.0,-20.0,-20.0,-20.0,0.0
52.689152240753174,0.0,0.0,-0.30499,95.0,0,0,0.0,0.0,20.0,0.0,-20.0,-20.0,-20.0,0.0
52.76914381980896,0.0,0.0,-0.30499,95.0,0,0,0.0,0.0,20.0,0.0,-20.0,-20.0,-20.0,0.0
52.84767484664917,0.0,0.0,-0.30499,95.0,0,0,0.0,0.0,20.0,0.0,-20.0,-20.0,-20.0,0.0
52.92428183555603,0.0,0.0,-0.30499,95.0,0,0,0.0,0.0,20.0,0.0,-20.0,-20.0,-20.0,0.0
53.00328493118286,0.0,0.0,-0.30499,95.0,0,0,0.0,0.0,20.0,0.0,-20.0,-20.0,-20.0,0.0
53.08128023147583,0.0,0.0,-0.30499,95.0,0,0,0.0,0.0,20.0,0.0,-20.0,-20.0,-20.0,0.0
53.160279512405396,0.0,0.0,-0.30499,95.0,0,0,0.0,0.0,20.0,0.0,-20.0,-20.0,-20.0,0.0
53.24028301239014,0.0,0.0,-0.30499,95.0,0,0,0.0,0.0,20.0,0.0,-20.0,-20.0,-20.0,0.0
53.315284729003906,0.0,0.0,-0.30499,95.0,0,0,0.0,0.0,20.0,0.0,-20.0,-20.0,-20.0,0.0
53.39728331565857,0.0,0.0,-0.30499,95.0,0,0,0.0,0.0,20.0,0.0,-20.0,-20.0,-20.0,0.0
53.47829055786133,0.0,0.0,-0.30499,95.0,0,0,0.0,0.0,20.0,0.0,-20.0,-20.0,-20.0,0.0
53.55527997016907,0.0,0.0,-0.30499,95.0,0,0,0.0,0.0,20.0,0.0,-20.0,-20.0,-20.0,0.0
53.633291244506836,0.0,0.0,-0.30499,95.0,0,0,0.0,0.0,20.0,0.0,-20.0,-20.0,-20.0,0.0
53.73527932167053,0.0,0.0,-0.30499,95.0,0,0,0.0,0.0,20.0,0.0,-20.0,-20.0,-20.0,0.0
53.81328010559082,0.0,0.0,-0.30499,95.0,0,0,0.0,0.0,20.0,0.0,-20.0,-20.0,-20.0,0.0
53.908281326293945,0.0,0.0,-0.30499,95.0,0,0,0.0,0.0,20.0,0.0,-20.0,-20.0,-20.0,0.0
53.98928213119507,0.0,0.0,-0.30499,95.0,0,0,0.0,0.0,20.0,0.0,-20.0,-20.0,-20.0,0.0
54.06928896903992,0.0,0.0,-0.30499,95.0,0,0,0.0,0.0,20.0,0.0,-20.0,-20.0,-20.0,0.0
54.149282932281494,0.0,0.0,-0.30499,95.0,0,0,0.0,0.0,20.0,0.0,-20.0,-20.0,-20.0,0.0
54.225281715393066,0.0,0.0,-0.30499,95.0,0,0,0.0,0.0,20.0,0.0,-20.0,-20.0,-20.0,0.0
54.306288719177246,0.0,0.0,-0.30499,95.0,0,0,0.0,0.0,20.0,0.0,-20.0,-20.0,-20.0,0.0
54.38528275489807,0.0,0.0,-0.30499,95.0,0,0,0.0,0.0,20.0,0.0,-20.0,-20.0,-20.0,0.0
54.46029996871948,0.0,0.0,-0.30499,95.0,0,0,0.0,0.0,20.0,0.0,-20.0,-20.0,-20.0,0.0
54.538289308547974,0.0,0.0,-0.30499,95.0,0,0,0.0,0.0,20.0,0.0,-20.0,-20.0,-20.0,0.0
54.617286920547485,0.0,0.0,-0.30499,95.0,0,0,0.0,0.0,20.0,0.0,-20.0,-20.0,-20.0,0.0
54.69628190994263,0.0,0.0,-0.30499,95.0,0,0,0.0,0.0,20.0,0.0,-20.0,-20.0,-20.0,0.0
54.797292947769165,0.0,0.0,-0.30499,95.0,0,0,0.0,0.0,20.0,0.0,-20.0,-20.0,-20.0,0.0
54.88728451728821,0.0,0.0,-0.30499,95.0,0,0,0.0,0.0,20.0,0.0,-20.0,-20.0,-20.0,0.0
54.96529293060303,0.0,0.0,-0.30499,95.0,0,0,0.0,0.0,20.0,0.0,-20.0,-20.0,-20.0,0.0
55.04427981376648,0.0,0.0,-0.30499,95.0,0,0,0.0,0.0,20.0,0.0,-20.0,-20.0,-20.0,0.0
55.124287128448486,0.0,0.0,-0.30499,95.0,0,0,0.0,0.0,20.0,0.0,-20.0,-20.0,-20.0,0.0
55.201282024383545,0.0,0.0,-0.30499,95.0,0,0,0.0,0.0,20.0,0.0,-20.0,-20.0,-20.0,0.0
55.28128218650818,0.0,0.0,-0.30499,95.0,0,0,0.0,0.0,20.0,0.0,-20.0,-20.0,-20.0,0.0
55.36028289794922,0.0,0.0,-0.30499,95.0,0,0,0.0,0.0,20.0,0.0,-20.0,-20.0,-20.0,0.0
55.44028186798096,0.0,0.0,-0.30499,95.0,0,0,0.0,0.0,20.0,0.0,-20.0,-20.0,-20.0,0.0
55.5212824344635,0.0,0.0,-0.30499,95.0,0,0,0.0,0.0,20.0,0.0,-20.0,-20.0,-20.0,0.0
55.59828853607178,0.0,0.0,-0.30499,95.0,0,0,0.0,0.0,20.0,0.0,-20.0,-20.0,-20.0,0.0
55.6782808303833,0.0,0.0,-0.30499,95.0,0,0,0.0,0.0,20.0,0.0,-20.0,-20.0,-20.0,0.0
55.75528693199158,0.0,0.0,-0.30499,95.0,0,0,0.0,0.0,20.0,0.0,-20.0,-20.0,-20.0,0.0
55.83429217338562,0.0,0.0,-0.30499,95.0,0,0,0.0,0.0,20.0,0.0,-20.0,-20.0,-20.0,0.0
55.94528079032898,0.0,0.0,-0.30499,95.0,0,0,0.0,0.0,20.0,0.0,-20.0,-20.0,-20.0,0.0
56.02128005027771,0.0,0.0,-0.30499,95.0,0,0,0.0,0.0,20.0,0.0,-20.0,-20.0,-20.0,0.0
56.10028123855591,0.0,0.0,-0.30499,95.0,0,0,0.0,0.0,20.0,0.0,-20.0,-20.0,-20.0,0.0
56.178284883499146,0.0,0.0,-0.30499,95.0,0,0,0.0,0.0,20.0,0.0,-20.0,-20.0,-20.0,0.0
56.25580549240112,0.0,0.0,-0.30499,95.0,0,0,0.0,0.0,20.0,0.0,-20.0,-20.0,-20.0,0.0
56.33281111717224,0.0,0.0,-0.30499,95.0,0,0,0.0,0.0,20.0,0.0,-20.0,-20.0,-20.0,0.0
56.41380310058594,0.0,0.0,-0.30499,95.0,0,0,0.0,0.0,20.0,0.0,-20.0,-20.0,-20.0,0.0
56.49380278587341,0.0,0.0,-0.30499,95.0,0,0,0.0,0.0,20.0,0.0,-20.0,-20.0,-20.0,0.0
56.57183003425598,0.0,0.0,-0.30499,95.0,0,0,0.0,0.0,20.0,0.0,-20.0,-20.0,-20.0,0.0
56.650808572769165,0.0,0.0,-0.30499,95.0,0,0,0.0,0.0,20.0,0.0,-20.0,-20.0,-20.0,0.0
56.728800535202026,0.0,0.0,-0.30499,95.0,0,0,0.0,0.0,20.0,0.0,-20.0,-20.0,-20.0,0.0
56.807804584503174,0.0,0.0,-0.30499,95.0,0,0,0.0,0.0,20.0,0.0,-20.0,-20.0,-20.0,0.0
56.90280270576477,0.0,0.0,-0.30499,95.0,0,0,0.0,0.0,20.0,0.0,-20.0,-20.0,-20.0,0.0
57.004801988601685,0.0,0.0,-0.30499,95.0,0,0,0.0,0.0,20.0,0.0,-20.0,-20.0,-20.0,0.0
57.08482027053833,0.0,0.0,-0.30499,95.0,0,0,0.0,0.0,20.0,0.0,-20.0,-20.0,-20.0,0.0
57.165815591812134,0.0,0.0,-0.30499,95.0,0,0,0.0,0.0,20.0,0.0,-20.0,-20.0,-20.0,0.0
57.24380540847778,0.0,0.0,-0.30499,95.0,0,0,0.0,0.0,20.0,0.0,-20.0,-20.0,-20.0,0.0
57.322808265686035,0.0,0.0,-0.30499,95.0,0,0,0.0,0.0,20.0,0.0,-20.0,-20.0,-20.0,0.0
57.402806758880615,0.0,0.0,-0.30499,95.0,0,0,0.0,0.0,20.0,0.0,-20.0,-20.0,-20.0,0.0
57.47980260848999,0.0,0.0,-0.30499,95.0,0,0,0.0,0.0,20.0,0.0,-20.0,-20.0,-20.0,0.0
57.56080436706543,0.0,0.0,-0.30499,95.0,0,0,0.0,0.0,20.0,0.0,-20.0,-20.0,-20.0,0.0
57.65780711174011,0.0,0.0,-0.30499,95.0,0,0,0.0,0.0,20.0,0.0,-20.0,-20.0,-20.0,0.0
57.738810777664185,0.0,0.0,-0.30499,95.0,0,0,0.0,0.0,20.0,0.0,-20.0,-20.0,-20.0,0.0
57.81881833076477,0.0,0.0,-0.30499,95.0,0,0,0.0,0.0,20.0,0.0,-20.0,-20.0,-20.0,0.0
57.898808002471924,0.0,0.0,-0.30499,95.0,0,0,0.0,0.0,20.0,0.0,-20.0,-20.0,-20.0,0.0
57.97680330276489,0.0,0.0,-0.30499,95.0,0,0,0.0,0.0,20.0,0.0,-20.0,-20.0,-20.0,0.0
58.089845418930054,0.0,0.0,-0.30499,95.0,0,0,0.0,0.0,20.0,0.0,-20.0,-20.0,-20.0,0.0
58.16984796524048,0.0,0.0,-0.30499,95.0,0,0,0.0,0.0,20.0,0.0,-20.0,-20.0,-20.0,0.0
58.24984407424927,0.0,0.0,-0.30499,95.0,0,0,0.0,0.0,20.0,0.0,-20.0,-20.0,-20.0,0.0
58.32886028289795,0.0,0.0,-0.30499,95.0,0,0,0.0,0.0,20.0,0.0,-20.0,-20.0,-20.0,0.0
58.40684413909912,0.0,0.0,-0.30499,95.0,0,0,0.0,0.0,20.0,0.0,-20.0,-20.0,-20.0,0.0
58.48284578323364,0.0,0.0,-0.30499,95.0,0,0,0.0,0.0,20.0,0.0,-20.0,-20.0,-20.0,0.0
58.560845613479614,0.0,0.0,-0.30499,95.0,0,0,0.0,0.0,20.0,0.0,-20.0,-20.0,-20.0,0.0
58.63985061645508,0.0,0.0,-0.30499,95.0,0,0,0.0,0.0,20.0,0.0,-20.0,-20.0,-20.0,0.0
58.71637439727783,0.0,0.0,-0.30499,95.0,0,0,0.0,0.0,20.0,0.0,-20.0,-20.0,-20.0,0.0
58.793373823165894,0.0,0.0,-0.30499,95.0,0,0,0.0,0.0,20.0,0.0,-20.0,-20.0,-20.0,0.0
58.87237238883972,0.0,0.0,-0.30499,95.0,0,0,0.0,0.0,20.0,0.0,-20.0,-20.0,-20.0,0.0
58.95039415359497,0.0,0.0,-0.30499,95.0,0,0,0.0,0.0,20.0,0.0,-20.0,-20.0,-20.0,0.0
59.028372049331665,0.0,0.0,-0.30499,95.0,0,0,0.0,0.0,20.0,0.0,-20.0,-20.0,-20.0,0.0
59.12337946891785,0.0,0.0,-0.30499,95.0,0,0,0.0,0.0,20.0,0.0,-20.0,-20.0,-20.0,0.0
59.21337890625,0.0,0.0,-0.30499,95.0,0,0,0.0,0.0,20.0,0.0,-20.0,-20.0,-20.0,0.0
59.29238414764404,0.0,0.0,-0.30499,95.0,0,0,0.0,0.0,20.0,0.0,-20.0,-20.0,-20.0,0.0
59.369373083114624,0.0,0.0,-0.30499,95.0,0,0,0.0,0.0,20.0,0.0,-20.0,-20.0,-20.0,0.0
59.447373390197754,0.0,0.0,-0.30499,95.0,0,0,0.0,0.0,20.0,0.0,-20.0,-20.0,-20.0,0.0
59.525376081466675,0.0,0.0,-0.30499,95.0,0,0,0.0,0.0,20.0,0.0,-20.0,-20.0,-20.0,0.0
59.602370262145996,0.0,0.0,-0.30499,95.0,0,0,0.0,0.0,20.0,0.0,-20.0,-20.0,-20.0,0.0
59.6813862323761,0.0,0.0,-0.30499,95.0,0,0,0.0,0.0,20.0,0.0,-20.0,-20.0,-20.0,0.0
59.760371685028076,0.0,0.0,-0.30499,95.0,0,0,0.0,0.0,20.0,0.0,-20.0,-20.0,-20.0,0.0
59.83937072753906,0.0,0.0,-0.30499,95.0,0,0,0.0,0.0,20.0,0.0,-20.0,-20.0,-20.0,0.0
59.91737079620361,0.0,0.0,-0.30499,95.0,0,0,0.0,0.0,20.0,0.0,-20.0,-20.0,-20.0,0.0
59.996384620666504,0.0,0.0,-0.30499,95.0,0,0,0.0,0.0,20.0,0.0,-20.0,-20.0,-20.0,0.0
60.075374126434326,0.0,0.0,-0.30499,95.0,0,0,0.0,0.0,20.0,0.0,-20.0,-20.0,-20.0,0.0
60.15337157249451,0.0,0.0,-0.30499,95.0,0,0,0.0,0.0,20.0,0.0,-20.0,-20.0,-20.0,0.0
60.26536822319031,0.0,0.0,-0.30499,95.0,0,0,0.0,0.0,20.0,0.0,-20.0,-20.0,-20.0,0.0
60.34237265586853,0.0,0.0,-0.30499,95.0,0,0,0.0,0.0,20.0,0.0,-20.0,-20.0,-20.0,0.0
60.42137312889099,0.0,0.0,-0.30499,95.0,0,0,0.0,0.0,20.0,0.0,-20.0,-20.0,-20.0,0.0
60.50037145614624,0.0,0.0,-0.30499,95.0,0,0,0.0,0.0,20.0,0.0,-20.0,-20.0,-20.0,0.0
60.579370975494385,0.0,0.0,-0.30499,95.0,0,0,0.0,0.0,20.0,0.0,-20.0,-20.0,-20.0,0.0
60.65839457511902,0.0,0.0,-0.30499,95.0,0,0,0.0,0.0,20.0,0.0,-20.0,-20.0,-20.0,0.0
60.73837995529175,0.0,0.0,-0.30499,95.0,0,0,0.0,0.0,20.0,0.0,-20.0,-20.0,-20.0,0.0
60.82038187980652,0.0,0.0,-0.30499,95.0,0,0,0.0,0.0,20.0,0.0,-20.0,-20.0,-20.0,0.0
60.90289878845215,0.0,0.0,-0.30499,95.0,0,0,0.0,0.0,20.0,0.0,-20.0,-20.0,-20.0,0.0
60.97989773750305,0.0,0.0,-0.30499,95.0,0,0,0.0,0.0,20.0,0.0,-20.0,-20.0,-20.0,0.0
61.05589723587036,0.0,0.0,-0.30499,95.0,0,0,0.0,0.0,20.0,0.0,-20.0,-20.0,-20.0,0.0
61.136898040771484,0.0,0.0,-0.30499,95.0,0,0,0.0,0.0,20.0,0.0,-20.0,-20.0,-20.0,0.0
61.21590065956116,0.0,0.0,-0.30499,95.0,0,0,0.0,0.0,20.0,0.0,-20.0,-20.0,-20.0,0.0
61.31289982795715,0.0,0.0,-0.30499,95.0,0,0,0.0,0.0,20.0,0.0,-20.0,-20.0,-20.0,0.0
61.39891791343689,0.0,0.0,-0.30499,95.0,0,0,0.0,0.0,20.0,0.0,-20.0,-20.0,-20.0,0.0
61.476897954940796,0.0,0.0,-0.30499,95.0,0,0,0.0,0.0,20.0,0.0,-20.0,-20.0,-20.0,0.0
61.555906534194946,0.0,0.0,-0.30499,95.0,0,0,0.0,0.0,20.0,0.0,-20.0,-20.0,-20.0,0.0
61.633898973464966,0.0,0.0,-0.30499,95.0,0,0,0.0,0.0,20.0,0.0,-20.0,-20.0,-20.0,0.0
61.71091055870056,0.0,0.0,-0.30499,95.0,0,0,0.0,0.0,20.0,0.0,-20.0,-20.0,-20.0,0.0
61.78790044784546,0.0,0.0,-0.30499,95.0,0,0,0.0,0.0,20.0,0.0,-20.0,-20.0,-20.0,0.0
61.86989998817444,0.0,0.0,-0.30499,95.0,0,0,0.0,0.0,20.0,0.0,-20.0,-20.0,-20.0,0.0
61.946897745132446,0.0,0.0,-0.30499,95.0,0,0,0.0,0.0,20.0,0.0,-20.0,-20.0,-20.0,0.0
62.02689576148987,0.0,0.0,-0.30499,95.0,0,0,0.0,0.0,20.0,0.0,-20.0,-20.0,-20.0,0.0
62.10589551925659,0.0,0.0,-0.30499,95.0,0,0,0.0,0.0,20.0,0.0,-20.0,-20.0,-20.0,0.0
62.18189525604248,0.0,0.0,-0.30499,95.0,0,0,0.0,0.0,20.0,0.0,-20.0,-20.0,-20.0,0.0
62.26037073135376,0.0,0.0,-0.30499,95.0,0,0,0.0,0.0,20.0,0.0,-20.0,-20.0,-20.0,0.0
62.340375900268555,0.0,0.0,-0.30499,95.0,0,0,0.0,0.0,20.0,0.0,-20.0,-20.0,-20.0,0.0
62.452370405197144,0.0,0.0,-0.30499,95.0,0,0,0.0,0.0,20.0,0.0,-20.0,-20.0,-20.0,0.0
62.53037691116333,0.0,0.0,-0.30499,95.0,0,0,0.0,0.0,20.0,0.0,-20.0,-20.0,-20.0,0.0
62.608415365219116,0.0,0.0,-0.30499,95.0,0,0,0.0,0.0,20.0,0.0,-20.0,-20.0,-20.0,0.0
62.68742251396179,0.0,0.0,-0.30499,95.0,0,0,0.0,0.0,20.0,0.0,-20.0,-20.0,-20.0,0.0
62.765419006347656,0.0,0.0,-0.30499,95.0,0,0,0.0,0.0,20.0,0.0,-20.0,-20.0,-20.0,0.0
62.843421459198,0.0,0.0,-0.30499,95.0,0,0,0.0,0.0,20.0,0.0,-20.0,-20.0,-20.0,0.0
62.922417879104614,0.0,0.0,-0.30499,95.0,0,0,0.0,0.0,20.0,0.0,-20.0,-20.0,-20.0,0.0
63.01742196083069,0.0,0.0,-0.30499,95.0,0,0,0.0,0.0,20.0,0.0,-20.0,-20.0,-20.0,0.0
63.09541916847229,0.0,0.0,-0.30499,95.0,0,0,0.0,0.0,20.0,0.0,-20.0,-20.0,-20.0,0.0
63.174943923950195,0.0,0.0,-0.30499,95.0,0,0,0.0,0.0,20.0,0.0,-20.0,-20.0,-20.0,0.0
63.252936124801636,0.0,0.0,-0.30499,95.0,0,0,0.0,0.0,20.0,0.0,-20.0,-20.0,-20.0,0.0
63.33094334602356,0.0,0.0,-0.30499,95.0,0,0,0.0,0.0,20.0,0.0,-20.0,-20.0,-20.0,0.0
63.41095304489136,0.0,0.0,-0.30499,95.0,0,0,0.0,0.0,20.0,0.0,-20.0,-20.0,-20.0,0.0
63.50593686103821,0.0,0.0,-0.30499,95.0,0,0,0.0,0.0,20.0,0.0,-20.0,-20.0,-20.0,0.0
63.595943212509155,0.0,0.0,-0.30499,95.0,0,0,0.0,0.0,20.0,0.0,-20.0,-20.0,-20.0,0.0
63.676950454711914,0.0,0.0,-0.30499,95.0,0,0,0.0,0.0,20.0,0.0,-20.0,-20.0,-20.0,0.0
63.75593566894531,0.0,0.0,-0.30499,95.0,0,0,0.0,0.0,20.0,0.0,-20.0,-20.0,-20.0,0.0
63.835952281951904,0.0,0.0,-0.30499,95.0,0,0,0.0,0.0,20.0,0.0,-20.0,-20.0,-20.0,0.0
63.91393780708313,0.0,0.0,-0.30499,95.0,0,0,0.0,0.0,20.0,0.0,-20.0,-20.0,-20.0,0.0
63.99194598197937,0.0,0.0,-0.30499,95.0,0,0,0.0,0.0,20.0,0.0,-20.0,-20.0,-20.0,0.0
64.06994724273682,0.0,0.0,-0.30499,95.0,0,0,0.0,0.0,20.0,0.0,-20.0,-20.0,-20.0,0.0
64.14699530601501,0.0,0.0,-0.30499,95.0,0,0,0.0,0.0,20.0,0.0,-20.0,-20.0,-20.0,0.0
64.22599458694458,0.0,0.0,-0.30499,95.0,0,0,0.0,0.0,20.0,0.0,-20.0,-20.0,-20.0,0.0
64.30299472808838,0.0,0.0,-0.30499,95.0,0,0,0.0,0.0,20.0,0.0,-20.0,-20.0,-20.0,0.0
64.38299942016602,0.0,0.0,-0.30499,95.0,0,0,0.0,0.0,20.0,0.0,-20.0,-20.0,-20.0,0.0
64.46399474143982,0.0,0.0,-0.30499,95.0,0,0,0.0,0.0,20.0,0.0,-20.0,-20.0,-20.0,0.0
64.54199552536011,0.0,0.0,-0.30499,95.0,0,0,0.0,0.0,20.0,0.0,-20.0,-20.0,-20.0,0.0
64.65399837493896,0.0,0.0,-0.30499,95.0,0,0,0.0,0.0,20.0,0.0,-20.0,-20.0,-20.0,0.0
64.73199558258057,0.0,0.0,-0.30499,95.0,0,0,0.0,0.0,20.0,0.0,-20.0,-20.0,-20.0,0.0
64.81199669837952,0.0,0.0,-0.30499,95.0,0,0,0.0,0.0,20.0,0.0,-20.0,-20.0,-20.0,0.0
64.89100050926208,0.0,0.0,-0.30499,95.0,0,0,0.0,0.0,20.0,0.0,-20.0,-20.0,-20.0,0.0
64.96999645233154,0.0,0.0,-0.30499,95.0,0,0,0.0,0.0,20.0,0.0,-20.0,-20.0,-20.0,0.0
65.0479953289032,0.0,0.0,-0.30499,95.0,0,0,0.0,0.0,20.0,0.0,-20.0,-20.0,-20.0,0.0
65.12406086921692,0.0,0.0,-0.30499,95.0,0,0,0.0,0.0,20.0,0.0,-20.0,-20.0,-20.0,0.0
65.2020652294159,0.0,0.0,-0.30499,95.0,0,0,0.0,0.0,20.0,0.0,-20.0,-20.0,-20.0,0.0
65.28206610679626,0.0,0.0,-0.30499,95.0,0,0,0.0,0.0,20.0,0.0,-20.0,-20.0,-20.0,0.0
65.36106252670288,0.0,0.0,-0.30499,95.0,0,0,0.0,0.0,20.0,0.0,-20.0,-20.0,-20.0,0.0
65.43906712532043,0.0,0.0,-0.30499,95.0,0,0,0.0,0.0,20.0,0.0,-20.0,-20.0,-20.0,0.0
65.52006316184998,0.0,0.0,-0.30499,95.0,0,0,0.0,0.0,20.0,0.0,-20.0,-20.0,-20.0,0.0
65.59706377983093,0.0,0.0,-0.30499,95.0,0,0,0.0,0.0,20.0,0.0,-20.0,-20.0,-20.0,0.0
65.67608499526978,0.0,0.0,-0.30499,95.0,0,0,0.0,0.0,20.0,0.0,-20.0,-20.0,-20.0,0.0
65.78007459640503,0.0,0.0,-0.30499,95.0,0,0,0.0,0.0,20.0,0.0,-20.0,-20.0,-20.0,0.0
65.85906386375427,0.0,0.0,-0.30499,95.0,0,0,0.0,0.0,20.0,0.0,-20.0,-20.0,-20.0,0.0
65.93906450271606,0.0,0.0,-0.30499,95.0,0,0,0.0,0.0,20.0,0.0,-20.0,-20.0,-20.0,0.0
66.01606488227844,0.0,0.0,-0.30499,95.0,0,0,0.0,0.0,20.0,0.0,-20.0,-20.0,-20.0,0.0
66.09507036209106,0.0,0.0,-0.30499,95.0,0,0,0.0,0.0,20.0,0.0,-20.0,-20.0,-20.0,0.0
66.17506551742554,0.0,0.0,-0.30499,95.0,0,0,0.0,0.0,20.0,0.0,-20.0,-20.0,-20.0,0.0
66.25306439399719,0.0,0.0,-0.30499,95.0,0,0,0.0,0.0,20.0,0.0,-20.0,-20.0,-20.0,0.0
66.33006405830383,0.0,0.0,-0.30499,95.0,0,0,0.0,0.0,20.0,0.0,-20.0,-20.0,-20.0,0.0
66.40709114074707,0.0,0.0,-0.30499,95.0,0,0,0.0,0.0,20.0,0.0,-20.0,-20.0,-20.0,0.0
66.48206448554993,0.0,0.0,-0.30499,95.0,0,0,0.0,0.0,20.0,0.0,-20.0,-20.0,-20.0,0.0
66.55906391143799,0.0,0.0,-0.30499,95.0,0,0,0.0,0.0,20.0,0.0,-20.0,-20.0,-20.0,0.0
66.63806676864624,0.0,0.0,-0.30499,95.0,0,0,0.0,0.0,20.0,0.0,-20.0,-20.0,-20.0,0.0
66.71859169006348,0.0,0.0,-0.30499,95.0,0,0,0.0,0.0,20.0,0.0,-20.0,-20.0,-20.0,0.0
66.81458473205566,0.0,0.0,-0.30499,95.0,0,0,0.0,0.0,20.0,0.0,-20.0,-20.0,-20.0,0.0
66.90258502960205,0.0,0.0,-0.30499,95.0,0,0,0.0,0.0,20.0,0.0,-20.0,-20.0,-20.0,0.0
66.98158550262451,0.0,0.0,-0.30499,95.0,0,0,0.0,0.0,20.0,0.0,-20.0,-20.0,-20.0,0.0
67.06058883666992,0.0,0.0,-0.30499,95.0,0,0,0.0,0.0,20.0,0.0,-20.0,-20.0,-20.0,0.0
67.13758730888367,0.0,0.0,-0.30499,95.0,0,0,0.0,0.0,20.0,0.0,-20.0,-20.0,-20.0,0.0
67.21458339691162,0.0,0.0,-0.30499,95.0,0,0,0.0,0.0,20.0,0.0,-20.0,-20.0,-20.0,0.0
67.29358458518982,0.0,0.0,-0.30499,95.0,0,0,0.0,0.0,20.0,0.0,-20.0,-20.0,-20.0,0.0
67.37259030342102,0.0,0.0,-0.30499,95.0,0,0,0.0,0.0,20.0,0.0,-20.0,-20.0,-20.0,0.0
67.45158553123474,0.0,0.0,-0.30499,95.0,0,0,0.0,0.0,20.0,0.0,-20.0,-20.0,-20.0,0.0
67.53659439086914,0.0,0.0,-0.30499,95.0,0,0,0.0,0.0,20.0,0.0,-20.0,-20.0,-20.0,0.0
67.61158490180969,0.0,0.0,-0.30499,95.0,0,0,0.0,0.0,20.0,0.0,-20.0,-20.0,-20.0,0.0
67.6965868473053,0.0,0.0,-0.30499,95.0,0,0,0.0,0.0,20.0,0.0,-20.0,-20.0,-20.0,0.0
67.7745885848999,0.0,0.0,-0.30499,95.0,0,0,0.0,0.0,20.0,0.0,-20.0,-20.0,-20.0,0.0
67.85158705711365,0.0,0.0,-0.30499,95.0,0,0,0.0,0.0,20.0,0.0,-20.0,-20.0,-20.0,0.0
67.95961260795593,0.0,0.0,-0.30499,95.0,0,0,0.0,0.0,20.0,0.0,-20.0,-20.0,-20.0,0.0
68.04258584976196,0.0,0.0,-0.30499,95.0,0,0,0.0,0.0,20.0,0.0,-20.0,-20.0,-20.0,0.0
68.12458658218384,0.0,0.0,-0.30499,95.0,0,0,0.0,0.0,20.0,0.0,-20.0,-20.0,-20.0,0.0
68.20358872413635,0.0,0.0,-0.30499,95.0,0,0,0.0,0.0,20.0,0.0,-20.0,-20.0,-20.0,0.0
68.28258633613586,0.0,0.0,-0.30499,95.0,0,0,0.0,0.0,20.0,0.0,-20.0,-20.0,-20.0,0.0
68.36658763885498,0.0,0.0,-0.30499,95.0,0,0,0.0,0.0,20.0,0.0,-20.0,-20.0,-20.0,0.0
68.4455840587616,0.0,0.0,-0.30499,95.0,0,0,0.0,0.0,20.0,0.0,-20.0,-20.0,-20.0,0.0
68.52158689498901,0.0,0.0,-0.30499,95.0,0,0,0.0,0.0,20.0,0.0,-20.0,-20.0,-20.0,0.0
68.60059189796448,0.0,0.0,-0.30499,95.0,0,0,0.0,0.0,20.0,0.0,-20.0,-20.0,-20.0,0.0
68.71058440208435,0.0,0.0,-0.30499,95.0,0,0,0.0,0.0,20.0,0.0,-20.0,-20.0,-20.0,0.0
68.78958415985107,0.0,0.0,-0.30499,95.0,0,0,0.0,0.0,20.0,0.0,-20.0,-20.0,-20.0,0.0
68.90058994293213,0.0,0.0,-0.30499,95.0,0,0,0.0,0.0,20.0,0.0,-20.0,-20.0,-20.0,0.0
69.01659798622131,0.0,0.0,-0.30499,95.0,0,0,0.0,0.0,20.0,0.0,-20.0,-20.0,-20.0,0.0
69.11776351928711,0.0,0.0,-0.30499,95.0,0,0,0.0,0.0,20.0,0.0,-20.0,-20.0,-20.0,0.0
69.19480800628662,0.0,0.0,-0.30499,95.0,0,0,0.0,0.0,20.0,0.0,-20.0,-20.0,-20.0,0.0
69.28581237792969,0.0,0.0,-0.30499,95.0,0,0,0.0,0.0,20.0,0.0,-20.0,-20.0,-20.0,0.0
69.36182522773743,0.0,0.0,-0.30499,95.0,0,0,0.0,0.0,20.0,0.0,-20.0,-20.0,-20.0,0.0
69.4728090763092,0.0,0.0,-0.30499,95.0,0,0,0.0,0.0,20.0,0.0,-20.0,-20.0,-20.0,0.0
69.552809715271,0.0,0.0,-0.30499,95.0,0,0,0.0,0.0,20.0,0.0,-20.0,-20.0,-20.0,0.0
69.62981867790222,0.0,0.0,-0.30499,95.0,0,0,0.0,0.0,20.0,0.0,-20.0,-20.0,-20.0,0.0
69.71881985664368,0.0,0.0,-0.30499,95.0,0,0,0.0,0.0,20.0,0.0,-20.0,-20.0,-20.0,0.0
69.7998161315918,0.0,0.0,-0.30499,95.0,0,0,0.0,0.0,20.0,0.0,-20.0,-20.0,-20.0,0.0
69.88612651824951,0.0,0.0,-0.30499,95.0,0,0,0.0,0.0,20.0,0.0,-20.0,-20.0,-20.0,0.0
69.96812152862549,0.0,0.0,-0.30499,95.0,0,0,0.0,0.0,20.0,0.0,-20.0,-20.0,-20.0,0.0
70.05314469337463,0.0,0.0,-0.30499,95.0,0,0,0.0,0.0,20.0,0.0,-20.0,-20.0,-20.0,0.0
70.17312812805176,0.0,0.0,-0.30499,95.0,0,0,0.0,0.0,20.0,0.0,-20.0,-20.0,-20.0,0.0
70.25012421607971,0.0,0.0,-0.30499,95.0,0,0,0.0,0.0,20.0,0.0,-20.0,-20.0,-20.0,0.0
70.36312937736511,0.0,0.0,-0.30499,95.0,0,0,0.0,0.0,20.0,0.0,-20.0,-20.0,-20.0,0.0
70.4611291885376,0.0,0.0,-0.30499,95.0,0,0,0.0,0.0,20.0,0.0,-20.0,-20.0,-20.0,0.0
70.56036496162415,0.0,0.0,-0.30499,95.0,0,0,0.0,0.0,20.0,0.0,-20.0,-20.0,-20.0,0.0
70.64136028289795,0.0,0.0,-0.30499,95.0,0,0,0.0,0.0,20.0,0.0,-20.0,-20.0,-20.0,0.0
70.71689796447754,0.0,0.0,-0.30499,95.0,0,0,0.0,0.0,20.0,0.0,-20.0,-20.0,-20.0,0.0
70.82689356803894,0.0,0.0,-0.30499,95.0,0,0,0.0,0.0,20.0,0.0,-20.0,-20.0,-20.0,0.0
70.93690800666809,0.0,0.0,-0.30499,95.0,0,0,0.0,0.0,20.0,0.0,-20.0,-20.0,-20.0,0.0
71.045889377594,0.0,0.0,-0.30499,95.0,0,0,0.0,0.0,20.0,0.0,-20.0,-20.0,-20.0,0.0
71.13989877700806,0.0,0.0,-0.30499,95.0,0,0,0.0,0.0,20.0,0.0,-20.0,-20.0,-20.0,0.0
71.26889872550964,0.0,0.0,-0.30499,95.0,0,0,0.0,0.0,20.0,0.0,-20.0,-20.0,-20.0,0.0
71.34788608551025,0.0,0.0,-0.30499,95.0,0,0,0.0,0.0,20.0,0.0,-20.0,-20.0,-20.0,0.0
71.47190284729004,0.0,0.0,-0.30499,95.0,0,0,0.0,0.0,20.0,0.0,-20.0,-20.0,-20.0,0.0
71.55388617515564,0.0,0.0,-0.30499,95.0,0,0,0.0,0.0,20.0,0.0,-20.0,-20.0,-20.0,0.0
71.64488387107849,0.0,0.0,-0.30499,95.0,0,0,0.0,0.0,20.0,0.0,-20.0,-20.0,-20.0,0.0
71.74392437934875,0.0,0.0,-0.30499,95.0,0,0,0.0,0.0,20.0,0.0,-20.0,-20.0,-20.0,0.0
71.85690665245056,0.0,0.0,-0.30499,95.0,0,0,0.0,0.0,20.0,0.0,-20.0,-20.0,-20.0,0.0
71.93788647651672,0.0,0.0,-0.30499,95.0,0,0,0.0,0.0,20.0,0.0,-20.0,-20.0,-20.0,0.0
72.02089619636536,0.0,0.0,-0.30499,95.0,0,0,0.0,0.0,20.0,0.0,-20.0,-20.0,-20.0,0.0
72.09892582893372,0.0,0.0,-0.30499,95.0,0,0,0.0,0.0,20.0,0.0,-20.0,-20.0,-20.0,0.0
72.21136951446533,0.0,0.0,-0.30499,95.0,0,0,0.0,0.0,20.0,0.0,-20.0,-20.0,-20.0,0.0
72.3423547744751,0.0,0.0,-0.30499,95.0,0,0,0.0,0.0,20.0,0.0,-20.0,-20.0,-20.0,0.0
72.44335651397705,0.0,0.0,-0.30499,95.0,0,0,0.0,0.0,20.0,0.0,-20.0,-20.0,-20.0,0.0
72.52203106880188,0.0,0.0,-0.30499,95.0,0,0,0.0,0.0,20.0,0.0,-20.0,-20.0,-20.0,0.0
72.63348841667175,0.0,0.0,-0.30499,95.0,0,0,0.0,0.0,20.0,0.0,-20.0,-20.0,-20.0,0.0
72.72724080085754,0.0,0.0,-0.30499,95.0,0,0,0.0,0.0,20.0,0.0,-20.0,-20.0,-20.0,0.0
72.8162534236908,0.0,0.0,-0.30499,95.0,0,0,0.0,0.0,20.0,0.0,-20.0,-20.0,-20.0,0.0
72.900235414505,0.0,0.0,-0.30499,95.0,0,0,0.0,0.0,20.0,0.0,-20.0,-20.0,-20.0,0.0
72.9818766117096,0.0,0.0,-0.30499,95.0,0,0,0.0,0.0,20.0,0.0,-20.0,-20.0,-20.0,0.0
73.06091666221619,0.0,0.0,-0.30499,95.0,0,0,0.0,0.0,20.0,0.0,-20.0,-20.0,-20.0,0.0
73.16188073158264,0.0,0.0,-0.30499,95.0,0,0,0.0,0.0,20.0,0.0,-20.0,-20.0,-20.0,0.0
73.2418761253357,0.0,0.0,-0.30499,95.0,0,0,0.0,0.0,20.0,0.0,-20.0,-20.0,-20.0,0.0
73.37288284301758,0.0,0.0,-0.30499,95.0,0,0,0.0,0.0,20.0,0.0,-20.0,-20.0,-20.0,0.0
73.4728786945343,0.0,0.0,-0.30499,95.0,0,0,0.0,0.0,20.0,0.0,-20.0,-20.0,-20.0,0.0
73.57288312911987,0.0,0.0,-0.30499,95.0,0,0,0.0,0.0,20.0,0.0,-20.0,-20.0,-20.0,0.0
73.65187287330627,0.0,0.0,-0.30499,95.0,0,0,0.0,0.0,20.0,0.0,-20.0,-20.0,-20.0,0.0
73.74887466430664,0.0,0.0,-0.30499,95.0,0,0,0.0,0.0,20.0,0.0,-20.0,-20.0,-20.0,0.0
73.83991050720215,0.0,0.0,-0.30499,95.0,0,0,0.0,0.0,20.0,0.0,-20.0,-20.0,-20.0,0.0
73.94087648391724,0.0,0.0,-0.30499,95.0,0,0,0.0,0.0,20.0,0.0,-20.0,-20.0,-20.0,0.0
74.01788687705994,0.0,0.0,-0.30499,95.0,0,0,0.0,0.0,20.0,0.0,-20.0,-20.0,-20.0,0.0
74.12887787818909,0.0,0.0,-0.30499,95.0,0,0,0.0,0.0,20.0,0.0,-20.0,-20.0,-20.0,0.0
74.21087670326233,0.0,0.0,-0.30499,95.0,0,0,0.0,0.0,20.0,0.0,-20.0,-20.0,-20.0,0.0
74.29087424278259,0.0,0.0,-0.30499,95.0,0,0,0.0,0.0,20.0,0.0,-20.0,-20.0,-20.0,0.0
74.39287424087524,0.0,0.0,-0.30499,95.0,0,0,0.0,0.0,20.0,0.0,-20.0,-20.0,-20.0,0.0
74.5128755569458,0.0,0.0,-0.30499,95.0,0,0,0.0,0.0,20.0,0.0,-20.0,-20.0,-20.0,0.0
74.62001323699951,0.0,0.0,-0.30499,95.0,0,0,0.0,0.0,20.0,0.0,-20.0,-20.0,-20.0,0.0
74.73188209533691,0.0,0.0,-0.30499,95.0,0,0,0.0,0.0,20.0,0.0,-20.0,-20.0,-20.0,0.0
74.81987953186035,0.0,0.0,-0.30499,95.0,0,0,0.0,0.0,20.0,0.0,-20.0,-20.0,-20.0,0.0
74.90887975692749,0.0,0.0,-0.30499,95.0,0,0,0.0,0.0,20.0,0.0,-20.0,-20.0,-20.0,0.0
74.99187588691711,0.0,0.0,-0.30499,95.0,0,0,0.0,0.0,20.0,0.0,-20.0,-20.0,-20.0,0.0
75.08587646484375,0.0,0.0,-0.30499,95.0,0,0,0.0,0.0,20.0,0.0,-20.0,-20.0,-20.0,0.0
75.1789436340332,0.0,0.0,-0.30499,95.0,0,0,0.0,0.0,20.0,0.0,-20.0,-20.0,-20.0,0.0
75.29688000679016,0.0,0.0,-0.30499,95.0,0,0,0.0,0.0,20.0,0.0,-20.0,-20.0,-20.0,0.0
75.39387583732605,0.0,0.0,-0.30499,95.0,0,0,0.0,0.0,20.0,0.0,-20.0,-20.0,-20.0,0.0
75.49708008766174,0.0,0.0,-0.30499,95.0,0,0,0.0,0.0,20.0,0.0,-20.0,-20.0,-20.0,0.0
75.59307837486267,0.0,0.0,-0.30499,95.0,0,0,0.0,0.0,20.0,0.0,-20.0,-20.0,-20.0,0.0
75.67707848548889,0.0,0.0,-0.30499,95.0,0,0,0.0,0.0,20.0,0.0,-20.0,-20.0,-20.0,0.0
75.77608752250671,0.0,0.0,-0.30499,95.0,0,0,0.0,0.0,20.0,0.0,-20.0,-20.0,-20.0,0.0
75.86376881599426,0.0,0.0,-0.30499,95.0,0,0,0.0,0.0,20.0,0.0,-20.0,-20.0,-20.0,0.0
75.94876337051392,0.0,0.0,-0.30499,95.0,0,0,0.0,0.0,20.0,0.0,-20.0,-20.0,-20.0,0.0
76.03124284744263,0.0,0.0,-0.30499,95.0,0,0,0.0,0.0,20.0,0.0,-20.0,-20.0,-20.0,0.0
76.12724447250366,0.0,0.0,-0.30499,95.0,0,0,0.0,0.0,20.0,0.0,-20.0,-20.0,-20.0,0.0
76.22224593162537,0.0,0.0,-0.30499,95.0,0,0,0.0,0.0,20.0,0.0,-20.0,-20.0,-20.0,0.0
76.31224083900452,0.0,0.0,-0.30499,95.0,0,0,0.0,0.0,20.0,0.0,-20.0,-20.0,-20.0,0.0
76.41725182533264,0.0,0.0,-0.30499,95.0,0,0,0.0,0.0,20.0,0.0,-20.0,-20.0,-20.0,0.0
76.51224732398987,0.0,0.0,-0.30499,95.0,0,0,0.0,0.0,20.0,0.0,-20.0,-20.0,-20.0,0.0
76.61324381828308,0.0,0.0,-0.30499,95.0,0,0,0.0,0.0,20.0,0.0,-20.0,-20.0,-20.0,0.0
76.70325303077698,0.0,0.0,-0.30499,95.0,0,0,0.0,0.0,20.0,0.0,-20.0,-20.0,-20.0,0.0
76.7902500629425,0.0,0.0,-0.30499,95.0,0,0,0.0,0.0,20.0,0.0,-20.0,-20.0,-20.0,0.0
76.87524676322937,0.0,0.0,-0.30499,95.0,0,0,0.0,0.0,20.0,0.0,-20.0,-20.0,-20.0,0.0
76.96524000167847,0.0,0.0,-0.30499,95.0,0,0,0.0,0.0,20.0,0.0,-20.0,-20.0,-20.0,0.0
77.07124638557434,0.0,0.0,-0.30499,95.0,0,0,0.0,0.0,20.0,0.0,-20.0,-20.0,-20.0,0.0
77.16785478591919,0.0,0.0,-0.30499,95.0,0,0,0.0,0.0,20.0,0.0,-20.0,-20.0,-20.0,0.0
77.25185871124268,0.0,0.0,-0.30499,95.0,0,0,0.0,0.0,20.0,0.0,-20.0,-20.0,-20.0,0.0
77.36685633659363,0.0,0.0,-0.30499,95.0,0,0,0.0,0.0,20.0,0.0,-20.0,-20.0,-20.0,0.0
77.44586205482483,0.0,0.0,-0.30499,95.0,0,0,0.0,0.0,20.0,0.0,-20.0,-20.0,-20.0,0.0
77.52985429763794,0.0,0.0,-0.30499,95.0,0,0,0.0,0.0,20.0,0.0,-20.0,-20.0,-20.0,0.0
77.64486956596375,0.0,0.0,-0.30499,95.0,0,0,0.0,0.0,20.0,0.0,-20.0,-20.0,-20.0,0.0
77.75186467170715,0.0,0.0,-0.30499,95.0,0,0,0.0,0.0,20.0,0.0,-20.0,-20.0,-20.0,0.0
77.83685278892517,0.0,0.0,-0.30499,95.0,0,0,0.0,0.0,20.0,0.0,-20.0,-20.0,-20.0,0.0
77.91786408424377,0.0,0.0,-0.30499,95.0,0,0,0.0,0.0,20.0,0.0,-20.0,-20.0,-20.0,0.0
77.99985408782959,0.0,0.0,-0.30499,95.0,0,0,0.0,0.0,20.0,0.0,-20.0,-20.0,-20.0,0.0
78.08085417747498,0.0,0.0,-0.30499,95.0,0,0,0.0,0.0,20.0,0.0,-20.0,-20.0,-20.0,0.0
78.1638605594635,0.0,0.0,-0.30499,95.0,0,0,0.0,0.0,20.0,0.0,-20.0,-20.0,-20.0,0.0
78.25687003135681,0.0,0.0,-0.30499,95.0,0,0,0.0,0.0,20.0,0.0,-20.0,-20.0,-20.0,0.0
78.33985924720764,0.0,0.0,-0.30499,95.0,0,0,0.0,0.0,20.0,0.0,-20.0,-20.0,-20.0,0.0
78.43285584449768,0.0,0.0,-0.30499,95.0,0,0,0.0,0.0,20.0,0.0,-20.0,-20.0,-20.0,0.0
78.53386855125427,0.0,0.0,-0.30499,95.0,0,0,0.0,0.0,20.0,0.0,-20.0,-20.0,-20.0,0.0
78.64388799667358,0.0,0.0,-0.30499,95.0,0,0,0.0,0.0,20.0,0.0,-20.0,-20.0,-20.0,0.0
78.75886249542236,0.0,0.0,-0.30499,95.0,0,0,0.0,0.0,20.0,0.0,-20.0,-20.0,-20.0,0.0
78.89085388183594,0.0,0.0,-0.30499,95.0,0,0,0.0,0.0,20.0,0.0,-20.0,-20.0,-20.0,0.0
78.9748706817627,0.0,0.0,-0.30499,95.0,0,0,0.0,0.0,20.0,0.0,-20.0,-20.0,-20.0,0.0
79.05785369873047,0.0,0.0,-0.30499,95.0,0,0,0.0,0.0,20.0,0.0,-20.0,-20.0,-20.0,0.0
79.1388533115387,0.0,0.0,-0.30499,95.0,0,0,0.0,0.0,20.0,0.0,-20.0,-20.0,-20.0,0.0
79.24185752868652,0.0,0.0,-0.30499,95.0,0,0,0.0,0.0,20.0,0.0,-20.0,-20.0,-20.0,0.0
79.32085490226746,0.0,0.0,-0.30499,95.0,0,0,0.0,0.0,20.0,0.0,-20.0,-20.0,-20.0,0.0
79.41685628890991,0.0,0.0,-0.30499,95.0,0,0,0.0,0.0,20.0,0.0,-20.0,-20.0,-20.0,0.0
79.5488612651825,0.0,0.0,-0.30499,95.0,0,0,0.0,0.0,20.0,0.0,-20.0,-20.0,-20.0,0.0
79.63287472724915,0.0,0.0,-0.30499,95.0,0,0,0.0,0.0,20.0,0.0,-20.0,-20.0,-20.0,0.0
79.72485136985779,0.0,0.0,-0.30499,95.0,0,0,0.0,0.0,20.0,0.0,-20.0,-20.0,-20.0,0.0
79.82784986495972,0.0,0.0,-0.30499,95.0,0,0,0.0,0.0,20.0,0.0,-20.0,-20.0,-20.0,0.0
79.96085548400879,0.0,0.0,-0.30499,95.0,0,0,0.0,0.0,20.0,0.0,-20.0,-20.0,-20.0,0.0
80.05386638641357,0.0,0.0,-0.30499,95.0,0,0,0.0,0.0,20.0,0.0,-20.0,-20.0,-20.0,0.0
80.14286136627197,0.0,0.0,-0.30499,95.0,0,0,0.0,0.0,20.0,0.0,-20.0,-20.0,-20.0,0.0
80.22685527801514,0.0,0.0,-0.30499,95.0,0,0,0.0,0.0,20.0,0.0,-20.0,-20.0,-20.0,0.0
80.30885601043701,0.0,0.0,-0.30499,95.0,0,0,0.0,0.0,20.0,0.0,-20.0,-20.0,-20.0,0.0
80.38585114479065,0.0,0.0,-0.30499,95.0,0,0,0.0,0.0,20.0,0.0,-20.0,-20.0,-20.0,0.0
80.46686220169067,0.0,0.0,-0.30499,95.0,0,0,0.0,0.0,20.0,0.0,-20.0,-20.0,-20.0,0.0
80.5498526096344,0.0,0.0,-0.30499,95.0,0,0,0.0,0.0,20.0,0.0,-20.0,-20.0,-20.0,0.0
80.64385461807251,0.0,0.0,-0.30499,95.0,0,0,0.0,0.0,20.0,0.0,-20.0,-20.0,-20.0,0.0
80.7588791847229,0.0,0.0,-0.30499,95.0,0,0,0.0,0.0,20.0,0.0,-20.0,-20.0,-20.0,0.0
80.85485219955444,0.0,0.0,-0.30499,95.0,0,0,0.0,0.0,20.0,0.0,-20.0,-20.0,-20.0,0.0
80.98285794258118,0.0,0.0,-0.30499,95.0,0,0,0.0,0.0,20.0,0.0,-20.0,-20.0,-20.0,0.0
81.07485842704773,0.0,0.0,-0.30499,95.0,0,0,0.0,0.0,20.0,0.0,-20.0,-20.0,-20.0,0.0
81.16186332702637,0.0,0.0,-0.30499,95.0,0,0,0.0,0.0,20.0,0.0,-20.0,-20.0,-20.0,0.0
81.24585700035095,0.0,0.0,-0.30499,95.0,0,0,0.0,0.0,20.0,0.0,-20.0,-20.0,-20.0,0.0
81.3238525390625,0.0,0.0,-0.30499,95.0,0,0,0.0,0.0,20.0,0.0,-20.0,-20.0,-20.0,0.0
81.44786667823792,0.0,0.0,-0.30499,95.0,0,0,0.0,0.0,20.0,0.0,-20.0,-20.0,-20.0,0.0
81.53585577011108,0.0,0.0,-0.30499,95.0,0,0,0.0,0.0,20.0,0.0,-20.0,-20.0,-20.0,0.0
81.61885476112366,0.0,0.0,-0.30499,95.0,0,0,0.0,0.0,20.0,0.0,-20.0,-20.0,-20.0,0.0
81.69785284996033,0.0,0.0,-0.30499,95.0,0,0,0.0,0.0,20.0,0.0,-20.0,-20.0,-20.0,0.0
81.77885389328003,0.0,0.0,-0.30499,95.0,0,0,0.0,0.0,20.0,0.0,-20.0,-20.0,-20.0,0.0
81.89086580276489,0.0,0.0,-0.30499,95.0,0,0,0.0,0.0,20.0,0.0,-20.0,-20.0,-20.0,0.0
81.98885321617126,0.0,0.0,-0.30499,95.0,0,0,0.0,0.0,20.0,0.0,-20.0,-20.0,-20.0,0.0
82.10085463523865,0.0,0.0,-0.30499,95.0,0,0,0.0,0.0,20.0,0.0,-20.0,-20.0,-20.0,0.0
82.1848692893982,0.0,0.0,-0.30499,95.0,0,0,0.0,0.0,20.0,0.0,-20.0,-20.0,-20.0,0.0
82.26585793495178,0.0,0.0,-0.30499,95.0,0,0,0.0,0.0,20.0,0.0,-20.0,-20.0,-20.0,0.0
82.36086010932922,0.0,0.0,-0.30499,95.0,0,0,0.0,0.0,20.0,0.0,-20.0,-20.0,-20.0,0.0
82.44285321235657,0.0,0.0,-0.30499,95.0,0,0,0.0,0.0,20.0,0.0,-20.0,-20.0,-20.0,0.0