Current Date: Wed 14 Sep 2022 21:53:41
Object Position (x,y,z)(m): 0,0,-0.305
Target Position (x,y,z)(m): 0.15,0.15,-0.31
Time,x (m),y (m),z (m),grasp angle (deg),force,Buffer Length,Move to Pre Grasp,Move to grasp,grasp,lift after grasp,move to pre release,move to release,release,lift after release
0.16199874877929688,0.0,0.0,0.0,66.35211181640625,0,0,20.0,0.0,0.0,-20.0,0.0,-20.0,-20.0,0.0
0.25899481773376465,0.0,0.0,-0.0008899999999999864,66.35211181640625,0,1,20.0,0.0,0.0,-20.0,0.0,-20.0,-20.0,0.0
0.3589916229248047,0.0,0.0,-0.0026650000000000207,66.35211181640625,0,2,20.0,0.0,0.0,-20.0,0.0,-20.0,-20.0,0.0
0.4570000171661377,0.0,0.0,-0.005480000000000018,66.35211181640625,0,3,20.0,0.0,0.0,-20.0,0.0,-20.0,-20.0,0.0
0.5590088367462158,0.0,0.0,-0.008529999999999973,66.35211181640625,0,4,20.0,0.0,0.0,-20.0,0.0,-20.0,-20.0,0.0
0.654991626739502,0.0,0.0,-0.010785000000000025,66.35211181640625,0,5,20.0,0.0,0.0,-20.0,0.0,-20.0,-20.0,0.0
0.7529926300048828,0.0,0.0,-0.011944999999999994,66.35211181640625,0,6,20.0,0.0,0.0,-20.0,0.0,-20.0,-20.0,0.0
0.8709926605224609,0.0,0.0,-0.012449999999999989,66.35211181640625,0,6,20.0,0.0,0.0,-20.0,0.0,-20.0,-20.0,0.0
0.9690654277801514,0.0,0.0,-0.013627499999999997,66.35211181640625,0,7,20.0,0.0,0.0,-20.0,0.0,-20.0,-20.0,0.0
1.0690650939941406,0.0,0.0,-0.01575999999999999,66.35211181640625,0,8,20.0,0.0,0.0,-20.0,0.0,-20.0,-20.0,0.0
1.165062665939331,0.0,0.0,-0.018944999999999993,66.35211181640625,0,9,20.0,0.0,0.0,-20.0,0.0,-20.0,-20.0,0.0
1.238083839416504,0.0,0.0,-0.022254999999999997,66.35211181640625,0,10,20.0,0.0,0.0,-20.0,0.0,-20.0,-20.0,0.0
1.3356044292449951,0.0,0.0,-0.02483499999999998,66.35211181640625,0,9,20.0,0.0,0.0,-20.0,0.0,-20.0,-20.0,0.0
1.4066627025604248,0.0,0.0,-0.028240000000000008,66.35211181640625,0,10,20.0,0.0,0.0,-20.0,0.0,-20.0,-20.0,0.0
1.4832143783569336,0.0,0.0,-0.030714999999999975,66.35211181640625,0,10,20.0,0.0,0.0,-20.0,0.0,-20.0,-20.0,0.0
1.5582036972045898,0.0,0.0,-0.03339999999999998,66.35211181640625,0,10,20.0,0.0,0.0,-20.0,0.0,-20.0,-20.0,0.0
1.6562018394470215,0.0,0.0,-0.03601999999999998,66.35211181640625,0,9,20.0,0.0,0.0,-20.0,0.0,-20.0,-20.0,0.0
1.7292118072509766,0.0,0.0,-0.03941500000000002,66.35211181640625,0,10,20.0,0.0,0.0,-20.0,0.0,-20.0,-20.0,0.0
1.802196979522705,0.0,0.0,-0.042,66.35211181640625,0,10,20.0,0.0,0.0,-20.0,0.0,-20.0,-20.0,0.0
1.9012024402618408,0.0,0.0,-0.044504999999999996,66.35211181640625,0,10,20.0,0.0,0.0,-20.0,0.0,-20.0,-20.0,0.0
2.030219078063965,0.0,0.0,-0.04830500000000001,66.35211181640625,0,9,20.0,0.0,0.0,-20.0,0.0,-20.0,-20.0,0.0
2.104201078414917,0.0,0.0,-0.05246499999999998,66.35211181640625,0,10,20.0,0.0,0.0,-20.0,0.0,-20.0,-20.0,0.0
2.180211067199707,0.0,0.0,-0.055029999999999975,66.35211181640625,0,10,20.0,0.0,0.0,-20.0,0.0,-20.0,-20.0,0.0
2.2592008113861084,0.0,0.0,-0.05768000000000001,66.35211181640625,0,9,20.0,0.0,0.0,-20.0,0.0,-20.0,-20.0,0.0
2.3341994285583496,0.0,0.0,-0.060435,66.35211181640625,0,10,20.0,0.0,0.0,-20.0,0.0,-20.0,-20.0,0.0
2.40620756149292,0.0,0.0,-0.063095,66.35211181640625,0,10,20.0,0.0,0.0,-20.0,0.0,-20.0,-20.0,0.0
2.480198860168457,0.0,0.0,-0.06555000000000001,66.35211181640625,0,10,20.0,0.0,0.0,-20.0,0.0,-20.0,-20.0,0.0
2.5641987323760986,0.0,0.0,-0.06816,66.35211181640625,0,9,20.0,0.0,0.0,-20.0,0.0,-20.0,-20.0,0.0
2.634202003479004,0.0,0.0,-0.07106,66.35211181640625,0,10,20.0,0.0,0.0,-20.0,0.0,-20.0,-20.0,0.0
2.708726406097412,0.0,0.0,-0.073475,66.35211181640625,0,10,20.0,0.0,0.0,-20.0,0.0,-20.0,-20.0,0.0
2.8067193031311035,0.0,0.0,-0.07608000000000001,66.35211181640625,0,9,20.0,0.0,0.0,-20.0,0.0,-20.0,-20.0,0.0
2.880380392074585,0.0,0.0,-0.07950499999999999,66.35211181640625,0,10,20.0,0.0,0.0,-20.0,0.0,-20.0,-20.0,0.0
2.952392816543579,0.0,0.0,-0.082075,66.35211181640625,0,10,20.0,0.0,0.0,-20.0,0.0,-20.0,-20.0,0.0
3.0274009704589844,0.0,0.0,-0.08458000000000002,66.35211181640625,0,10,20.0,0.0,0.0,-20.0,0.0,-20.0,-20.0,0.0
3.159395933151245,0.0,0.0,-0.087695,66.35211181640625,0,9,20.0,0.0,0.0,-20.0,0.0,-20.0,-20.0,0.0
3.2323977947235107,0.0,0.0,-0.09177500000000001,66.35211181640625,0,10,20.0,0.0,0.0,-20.0,0.0,-20.0,-20.0,0.0
3.327044725418091,0.0,0.0,-0.09430000000000001,66.35211181640625,0,9,20.0,0.0,0.0,-20.0,0.0,-20.0,-20.0,0.0
3.399088144302368,0.0,0.0,-0.09761000000000002,66.35211181640625,0,10,20.0,0.0,0.0,-20.0,0.0,-20.0,-20.0,0.0
3.473114252090454,0.0,0.0,-0.10013499999999999,66.35211181640625,0,10,20.0,0.0,0.0,-20.0,0.0,-20.0,-20.0,0.0
3.572092056274414,0.0,0.0,-0.102725,66.35211181640625,0,9,20.0,0.0,0.0,-20.0,0.0,-20.0,-20.0,0.0
3.640165328979492,0.0,0.0,-0.106135,66.35211181640625,0,10,20.0,0.0,0.0,-20.0,0.0,-20.0,-20.0,0.0
3.714158296585083,0.0,0.0,-0.10854,66.35211181640625,0,10,20.0,0.0,0.0,-20.0,0.0,-20.0,-20.0,0.0
3.810164451599121,0.0,0.0,-0.11109999999999999,66.35211181640625,0,9,20.0,0.0,0.0,-20.0,0.0,-20.0,-20.0,0.0
3.886159658432007,0.0,0.0,-0.114475,66.35211181640625,0,10,20.0,0.0,0.0,-20.0,0.0,-20.0,-20.0,0.0
3.958160877227783,0.0,0.0,-0.11710499999999999,66.35211181640625,0,10,20.0,0.0,0.0,-20.0,0.0,-20.0,-20.0,0.0
4.029168128967285,0.0,0.0,-0.11961000000000001,66.35211181640625,0,10,20.0,0.0,0.0,-20.0,0.0,-20.0,-20.0,0.0
4.101716756820679,0.0,0.0,-0.1221,66.35211181640625,0,10,20.0,0.0,0.0,-20.0,0.0,-20.0,-20.0,0.0
4.207688570022583,0.0,0.0,-0.12465000000000001,66.35211181640625,0,10,20.0,0.0,0.0,-20.0,0.0,-20.0,-20.0,0.0
4.335234642028809,0.0,0.0,-0.12866999999999998,66.35211181640625,0,9,20.0,0.0,0.0,-20.0,0.0,-20.0,-20.0,0.0
4.406833648681641,0.0,0.0,-0.13277,66.35211181640625,0,10,20.0,0.0,0.0,-20.0,0.0,-20.0,-20.0,0.0
4.479876279830933,0.0,0.0,-0.135255,66.35211181640625,0,10,20.0,0.0,0.0,-20.0,0.0,-20.0,-20.0,0.0
4.554838180541992,0.0,0.0,-0.13782,66.35211181640625,0,10,20.0,0.0,0.0,-20.0,0.0,-20.0,-20.0,0.0
4.625834703445435,0.0,0.0,-0.14038499999999998,66.35211181640625,0,10,20.0,0.0,0.0,-20.0,0.0,-20.0,-20.0,0.0
4.699836015701294,0.0,0.0,-0.14288499999999998,66.35211181640625,0,10,20.0,0.0,0.0,-20.0,0.0,-20.0,-20.0,0.0
4.774837255477905,0.0,0.0,-0.145445,66.35211181640625,0,10,20.0,0.0,0.0,-20.0,0.0,-20.0,-20.0,0.0
4.8458452224731445,0.0,0.0,-0.148085,66.35211181640625,0,10,20.0,0.0,0.0,-20.0,0.0,-20.0,-20.0,0.0
4.916956424713135,0.0,0.0,-0.150605,66.35211181640625,0,10,20.0,0.0,0.0,-20.0,0.0,-20.0,-20.0,0.0
5.017961263656616,0.0,0.0,-0.15303,66.35211181640625,0,9,20.0,0.0,0.0,-20.0,0.0,-20.0,-20.0,0.0
5.089956998825073,0.0,0.0,-0.156535,66.35211181640625,0,10,20.0,0.0,0.0,-20.0,0.0,-20.0,-20.0,0.0
5.162954330444336,0.0,0.0,-0.15905000000000002,66.35211181640625,0,10,20.0,0.0,0.0,-20.0,0.0,-20.0,-20.0,0.0
5.235545873641968,0.0,0.0,-0.161625,66.35211181640625,0,10,20.0,0.0,0.0,-20.0,0.0,-20.0,-20.0,0.0
5.313059329986572,0.0,0.0,-0.16413999999999998,66.35211181640625,0,10,20.0,0.0,0.0,-20.0,0.0,-20.0,-20.0,0.0
5.42458963394165,0.0,0.0,-0.16776,66.35211181640625,0,10,20.0,0.0,0.0,-20.0,0.0,-20.0,-20.0,0.0
5.510124921798706,0.0,0.0,-0.17104499999999997,66.35211181640625,0,10,20.0,0.0,0.0,-20.0,0.0,-20.0,-20.0,0.0
5.583123683929443,0.0,0.0,-0.173685,66.35211181640625,0,10,20.0,0.0,0.0,-20.0,0.0,-20.0,-20.0,0.0
5.681123495101929,0.0,0.0,-0.17623,66.35211181640625,0,9,20.0,0.0,0.0,-20.0,0.0,-20.0,-20.0,0.0
5.756131649017334,0.0,0.0,-0.17967,66.35211181640625,0,10,20.0,0.0,0.0,-20.0,0.0,-20.0,-20.0,0.0
5.8281261920928955,0.0,0.0,-0.18228999999999998,66.35211181640625,0,10,20.0,0.0,0.0,-20.0,0.0,-20.0,-20.0,0.0
5.901657342910767,0.0,0.0,-0.184805,66.35211181640625,0,10,20.0,0.0,0.0,-20.0,0.0,-20.0,-20.0,0.0
5.974772691726685,0.0,0.0,-0.18735500000000002,66.35211181640625,0,10,20.0,0.0,0.0,-20.0,0.0,-20.0,-20.0,0.0
6.049758434295654,0.0,0.0,-0.189885,66.35211181640625,0,10,20.0,0.0,0.0,-20.0,0.0,-20.0,-20.0,0.0
6.150762557983398,0.0,0.0,-0.19248,66.35211181640625,0,9,20.0,0.0,0.0,-20.0,0.0,-20.0,-20.0,0.0
6.221765518188477,0.0,0.0,-0.19600499999999998,66.35211181640625,0,10,20.0,0.0,0.0,-20.0,0.0,-20.0,-20.0,0.0
6.293759822845459,0.0,0.0,-0.19849,66.35211181640625,0,10,20.0,0.0,0.0,-20.0,0.0,-20.0,-20.0,0.0
6.366772890090942,0.0,0.0,-0.20098000000000002,66.35211181640625,0,10,20.0,0.0,0.0,-20.0,0.0,-20.0,-20.0,0.0
6.440768480300903,0.0,0.0,-0.20357499999999998,66.35211181640625,0,10,20.0,0.0,0.0,-20.0,0.0,-20.0,-20.0,0.0
6.513291835784912,0.0,0.0,-0.206125,66.35211181640625,0,10,20.0,0.0,0.0,-20.0,0.0,-20.0,-20.0,0.0
6.642330646514893,0.0,0.0,-0.20886500000000002,66.35211181640625,0,9,20.0,0.0,0.0,-20.0,0.0,-20.0,-20.0,0.0
6.719294548034668,0.0,0.0,-0.21333,66.35211181640625,0,10,20.0,0.0,0.0,-20.0,0.0,-20.0,-20.0,0.0
6.787297487258911,0.0,0.0,-0.21581999999999998,66.35211181640625,0,10,20.0,0.0,0.0,-20.0,0.0,-20.0,-20.0,0.0
6.860293865203857,0.0,0.0,-0.21817,66.35211181640625,0,10,20.0,0.0,0.0,-20.0,0.0,-20.0,-20.0,0.0
6.957291603088379,0.0,0.0,-0.22075,66.35211181640625,0,9,20.0,0.0,0.0,-20.0,0.0,-20.0,-20.0,0.0
7.031296253204346,0.0,0.0,-0.22411,66.35211181640625,0,10,20.0,0.0,0.0,-20.0,0.0,-20.0,-20.0,0.0
7.1023313999176025,0.0,0.0,-0.22669499999999998,66.35211181640625,0,10,20.0,0.0,0.0,-20.0,0.0,-20.0,-20.0,0.0
7.174294471740723,0.0,0.0,-0.229165,66.35211181640625,0,10,20.0,0.0,0.0,-20.0,0.0,-20.0,-20.0,0.0
7.248454809188843,0.0,0.0,-0.231665,66.35211181640625,0,10,0.0,20.0,0.0,0.0,-20.0,-20.0,-20.0,0.0
7.3460094928741455,0.0,0.0,-0.23423500000000003,66.35211181640625,0,9,0.0,20.0,0.0,0.0,-20.0,-20.0,-20.0,0.0
7.4469897747039795,0.0,0.0,-0.237695,66.35211181640625,0,9,0.0,20.0,0.0,0.0,-20.0,-20.0,-20.0,0.0
7.519974231719971,0.0,0.0,-0.24120999999999998,66.35211181640625,0,10,0.0,20.0,0.0,0.0,-20.0,-20.0,-20.0,0.0
7.587508916854858,0.0,0.0,-0.243755,66.35211181640625,0,10,0.0,20.0,0.0,0.0,-20.0,-20.0,-20.0,0.0
7.687042236328125,0.0,0.0,-0.24606999999999998,66.35211181640625,0,9,0.0,20.0,0.0,0.0,-20.0,-20.0,-20.0,0.0
7.7800376415252686,0.0,0.0,-0.24985,66.35211181640625,0,10,0.0,20.0,0.0,0.0,-20.0,-20.0,-20.0,0.0
7.889043807983398,0.0,0.0,-0.2531,66.35211181640625,0,9,0.0,20.0,0.0,0.0,-20.0,-20.0,-20.0,0.0
7.960039377212524,0.0,0.0,-0.256605,66.35211181640625,0,10,0.0,20.0,0.0,0.0,-20.0,-20.0,-20.0,0.0
8.032572269439697,0.0,0.0,-0.259055,66.35211181640625,0,10,0.0,20.0,0.0,0.0,-20.0,-20.0,-20.0,0.0
8.11458683013916,0.0,0.0,-0.261595,66.35211181640625,0,10,0.0,20.0,0.0,0.0,-20.0,-20.0,-20.0,0.0
8.208567142486572,0.0,0.0,-0.264435,66.35211181640625,0,9,0.0,20.0,0.0,0.0,-20.0,-20.0,-20.0,0.0
8.287143468856812,0.0,0.0,-0.26773,66.35211181640625,0,10,0.0,20.0,0.0,0.0,-20.0,-20.0,-20.0,0.0
8.35613203048706,0.0,0.0,-0.27046,66.35211181640625,0,10,0.0,20.0,0.0,0.0,-20.0,-20.0,-20.0,0.0
8.428135395050049,0.0,0.0,-0.272835,66.35211181640625,0,10,0.0,20.0,0.0,0.0,-20.0,-20.0,-20.0,0.0
8.50215768814087,0.0,0.0,-0.275365,66.35211181640625,0,10,0.0,20.0,0.0,0.0,-20.0,-20.0,-20.0,0.0
8.601130962371826,0.0,0.0,-0.27798,66.35211181640625,0,9,0.0,20.0,0.0,0.0,-20.0,-20.0,-20.0,0.0
8.674134254455566,0.0,0.0,-0.28136,66.35211181640625,0,10,0.0,20.0,0.0,0.0,-20.0,-20.0,-20.0,0.0
8.750139713287354,0.0,0.0,-0.28402,66.35211181640625,0,10,0.0,20.0,0.0,0.0,-20.0,-20.0,-20.0,0.0
8.848134517669678,0.0,0.0,-0.286585,66.35211181640625,0,9,0.0,20.0,0.0,0.0,-20.0,-20.0,-20.0,0.0
8.985689401626587,0.0,0.0,-0.29018,66.35211181640625,0,9,0.0,20.0,0.0,0.0,-20.0,-20.0,-20.0,0.0
9.156445503234863,0.0,0.0,-0.29481,94.53341615200043,0,8,0.0,0.32573742,19.674263,0.0,-20.0,-20.0,-20.0,0.0
9.31404161453247,0.0,0.0,-0.2987975,95.0,0,5,0.0,0.0,20.0,0.0,-20.0,-20.0,-20.0,0.0
9.410639762878418,0.0,0.0,-0.3007625,95.0,0,4,0.0,0.0,20.0,0.0,-20.0,-20.0,-20.0,0.0
9.491640329360962,0.0,0.0,-0.30136,95.0,0,1,0.0,0.0,20.0,0.0,-20.0,-20.0,-20.0,0.0
9.572285413742065,0.0,0.0,-0.30157,95.0,20,1,0.0,0.0,20.0,0.0,-20.0,-20.0,-20.0,0.0
9.654288530349731,0.0,0.0,-0.30171,95.0,20,1,-20.0,-20.0,0.0,20.0,0.0,0.0,0.0,-20.0
9.752286434173584,0.0,0.0,-0.3015475,95.0,20,1,-20.0,-20.0,0.0,20.0,0.0,0.0,0.0,-20.0
9.851879835128784,0.0,0.0,-0.30048,95.0,20,2,-20.0,-20.0,0.0,20.0,0.0,0.0,0.0,-20.0
9.948878526687622,0.0,0.0,-0.2987775,95.0,20,3,-20.0,-20.0,0.0,20.0,0.0,0.0,0.0,-20.0
10.027878999710083,0.0,0.0,-0.297925,95.0,20,4,-20.0,-20.0,0.0,20.0,0.0,0.0,0.0,-20.0
10.154407024383545,0.0,0.0,-0.2975525,95.0,20,4,-20.0,-20.0,0.0,20.0,0.0,0.0,0.0,-20.0
10.252406120300293,0.0,0.0,-0.2960675,95.0,20,5,-20.0,-20.0,0.0,20.0,0.0,0.0,0.0,-20.0
10.349411249160767,0.0,0.0,-0.29374,95.0,20,5,-20.0,0.0,-20.0,20.0,0.0,0.0,0.0,-20.0
10.448403120040894,0.0,0.0,-0.29081,95.0,20,6,-20.0,0.0,-20.0,20.0,0.0,0.0,0.0,-20.0
10.548426389694214,0.0,0.0,-0.287695,95.0,20,6,-20.0,0.0,-20.0,20.0,0.0,0.0,0.0,-20.0
10.64596962928772,0.0,0.0,-0.28463,95.0,20,6,-20.0,0.0,-20.0,20.0,0.0,0.0,0.0,-20.0
10.744969606399536,0.0,0.0,-0.28169,95.0,20,6,-20.0,0.0,-20.0,20.0,0.0,0.0,0.0,-20.0
10.840966701507568,0.0,0.0,-0.278495,95.0,20,6,-20.0,0.0,-20.0,20.0,0.0,0.0,0.0,-20.0
10.938513040542603,0.0,0.0,-0.27555,95.0,20,6,-20.0,0.0,-20.0,20.0,0.0,0.0,0.0,-20.0
11.037516117095947,0.0,0.0,-0.27276999999999996,95.0,20,6,-20.0,0.0,-20.0,20.0,0.0,0.0,0.0,-20.0
11.152516841888428,0.0,0.0,-0.270055,95.0,20,6,-20.0,0.0,-20.0,20.0,0.0,0.0,0.0,-20.0
11.285515785217285,0.0,0.0,-0.26664499999999997,95.0,20,5,-20.0,0.0,-20.0,20.0,0.0,0.0,0.0,-20.0
11.383517742156982,0.0,0.0,-0.263425,95.0,20,5,-20.0,0.0,-20.0,20.0,0.0,0.0,0.0,-20.0
11.48451542854309,0.0,0.0,-0.260925,95.0,20,5,-20.0,0.0,-20.0,20.0,0.0,0.0,0.0,-20.0
11.57966136932373,0.0,0.0,-0.2583725,95.0,20,5,-20.0,0.0,-20.0,20.0,0.0,0.0,0.0,-20.0
11.680829048156738,0.0,0.0,-0.2560425,95.0,20,5,-20.0,0.0,-20.0,20.0,0.0,0.0,0.0,-20.0
11.776816844940186,0.0,0.0,-0.2537925,95.0,20,5,-20.0,0.0,-20.0,20.0,0.0,0.0,0.0,-20.0
11.878395318984985,0.0,0.0,-0.2517,95.0,20,5,-20.0,0.0,-20.0,20.0,0.0,0.0,0.0,-20.0
11.974372148513794,0.0,0.0,-0.24957,95.0,20,5,-20.0,0.0,-20.0,20.0,0.0,0.0,0.0,-20.0
12.057376384735107,0.0,0.0,-0.2476125,95.0,20,4,-20.0,0.0,-20.0,20.0,0.0,0.0,0.0,-20.0
12.157395839691162,0.0,0.0,-0.245925,95.0,20,4,-20.0,0.0,-20.0,20.0,0.0,0.0,0.0,-20.0
12.25446081161499,0.0,0.0,-0.24394,95.0,20,4,-20.0,0.0,-20.0,20.0,0.0,0.0,0.0,-20.0
12.379462242126465,0.0,0.0,-0.2419075,95.0,20,4,-20.0,0.0,-20.0,20.0,0.0,0.0,0.0,-20.0
12.47545862197876,0.0,0.0,-0.239685,95.0,20,3,-20.0,0.0,-20.0,20.0,0.0,0.0,0.0,-20.0
12.574471235275269,0.0,0.0,-0.2379375,95.0,20,3,-20.0,0.0,-20.0,20.0,0.0,0.0,0.0,-20.0
12.655473470687866,0.0,0.0,-0.23616,95.0,20,3,-20.0,0.0,-20.0,20.0,0.0,0.0,0.0,-20.0
12.755009412765503,0.0,0.0,-0.23476499999999997,95.0,20,3,-20.0,0.0,-20.0,20.0,0.0,0.0,0.0,-20.0
12.852531909942627,0.0,0.0,-0.233105,95.0,20,2,-20.0,0.0,-20.0,20.0,0.0,0.0,0.0,-20.0
12.933072805404663,0.0,0.0,-0.23147750000000003,95.0,20,2,-20.0,0.0,-20.0,20.0,0.0,0.0,0.0,-20.0
13.031135559082031,0.0,0.0,-0.23047750000000003,95.0,20,2,-20.0,0.0,-20.0,20.0,0.0,0.0,0.0,-20.0
13.109659194946289,0.0,0.0,-0.230075,95.0,20,2,0.0,-20.0,-20.0,0.0,20.0,0.0,0.0,-20.0
13.205726861953735,0.0,0.0,-0.2294725,95.0,20,3,0.0,-20.0,-20.0,0.0,20.0,0.0,0.0,-20.0
13.30028247833252,0.0,0.0,-0.228405,95.0,20,3,0.0,-20.0,-20.0,0.0,20.0,0.0,0.0,-20.0
13.381901741027832,0.0001875,6.25e-05,-0.2282725,95.0,20,3,0.0,-20.0,-20.0,0.0,20.0,0.0,0.0,-20.0
13.516885757446289,0.0019875000000000114,0.0006750000000000114,-0.229255,95.0,20,4,0.0,-20.0,-20.0,0.0,20.0,0.0,0.0,-20.0
13.60189437866211,0.0064000000000000055,0.0021875,-0.231665,95.0,20,4,0.0,-20.0,-20.0,0.0,20.0,0.0,0.0,-20.0
13.697887182235718,0.009775000000000006,0.003375,-0.23351,95.0,20,5,0.0,-20.0,-20.0,0.0,20.0,0.0,0.0,-20.0
13.795943260192871,0.013775000000000006,0.004800000000000012,-0.2356925,95.0,20,5,0.0,-20.0,-20.0,0.0,20.0,0.0,0.0,-20.0
13.895948648452759,0.01786250000000001,0.0062874999999999945,-0.2379225,95.0,20,5,0.0,-20.0,-20.0,0.0,20.0,0.0,0.0,-20.0
13.988942861557007,0.022012499999999987,0.007824999999999988,-0.24017750000000002,95.0,20,6,0.0,-20.0,-20.0,0.0,20.0,0.0,0.0,-20.0
14.089125633239746,0.025900000000000006,0.0093125,-0.24230000000000002,95.0,20,6,0.0,-20.0,-20.0,0.0,20.0,0.0,0.0,-20.0
14.186115980148315,0.03,0.010900000000000005,-0.24454250000000002,95.0,20,6,0.0,-20.0,-20.0,0.0,20.0,0.0,0.0,-20.0
14.284112691879272,0.03401249999999999,0.01248750000000001,-0.24673,95.0,20,6,0.0,-20.0,-20.0,0.0,20.0,0.0,0.0,-20.0
14.380106925964355,0.038050000000000014,0.014137499999999989,-0.248935,95.0,20,6,0.0,-20.0,-20.0,0.0,20.0,0.0,0.0,-20.0
14.478326320648193,0.04196249999999998,0.01575,-0.2510675,95.0,20,6,0.0,-20.0,-20.0,0.0,20.0,0.0,0.0,-20.0
14.605309963226318,0.045987500000000014,0.01744999999999999,-0.253255,95.0,20,7,0.0,-20.0,-20.0,0.0,20.0,0.0,0.0,-20.0
14.702848434448242,0.05141250000000002,0.019837500000000004,-0.25622249999999996,95.0,20,6,0.0,-20.0,-20.0,0.0,20.0,0.0,0.0,-20.0
14.798917531967163,0.05514999999999998,0.021525000000000006,-0.25826,95.0,20,6,0.0,-20.0,-20.0,0.0,20.0,0.0,0.0,-20.0
14.89392375946045,0.05908749999999998,0.023349999999999996,-0.26040250000000004,95.0,20,6,0.0,-20.0,-20.0,0.0,20.0,0.0,0.0,-20.0
14.990918397903442,0.06289999999999998,0.02517500000000001,-0.2624825,95.0,20,6,0.0,-20.0,-20.0,0.0,20.0,0.0,0.0,-20.0
15.084916353225708,0.06680000000000001,0.027087500000000007,-0.26461,95.0,20,6,0.0,-20.0,-20.0,0.0,20.0,0.0,0.0,-20.0
15.18548846244812,0.0705625,0.029,-0.26667,95.0,20,6,0.0,-20.0,-20.0,0.0,20.0,0.0,0.0,-20.0
15.283464908599854,0.07452499999999998,0.0310625,-0.2688275,95.0,20,6,0.0,-20.0,-20.0,0.0,20.0,0.0,0.0,-20.0
15.378549337387085,0.0781875,0.03305000000000001,-0.27082999999999996,95.0,20,5,0.0,-20.0,-20.0,0.0,20.0,0.0,0.0,-20.0
15.478199481964111,0.08180000000000001,0.03507499999999999,-0.2728,95.0,20,5,0.0,-20.0,-20.0,0.0,20.0,0.0,0.0,-20.0
15.576148748397827,0.08548750000000001,0.037212499999999975,-0.27481,95.0,20,5,0.0,-20.0,-20.0,0.0,20.0,0.0,0.0,-20.0
15.692677021026611,0.08878750000000002,0.03919999999999999,-0.27661,95.0,20,5,0.0,-20.0,-20.0,0.0,20.0,0.0,0.0,-20.0
15.808680534362793,0.09292500000000001,0.041787500000000026,-0.27886500000000003,95.0,20,4,0.0,-20.0,-20.0,0.0,20.0,0.0,0.0,-20.0
15.90567684173584,0.09622500000000002,0.04394999999999999,-0.28067000000000003,95.0,20,3,0.0,-20.0,-20.0,0.0,20.0,0.0,0.0,-20.0
16.000680208206177,0.09930000000000001,0.04603750000000002,-0.282345,95.0,20,3,0.0,-20.0,-20.0,0.0,20.0,0.0,0.0,-20.0
16.09825587272644,0.10213749999999999,0.048037500000000025,-0.28389,95.0,20,3,0.0,-20.0,-20.0,0.0,20.0,0.0,0.0,-20.0
16.18026900291443,0.10496249999999997,0.05011250000000001,-0.2854325,95.0,20,2,0.0,-20.0,-20.0,0.0,20.0,0.0,0.0,-20.0
16.277275562286377,0.10735000000000003,0.0519375,-0.2867425,95.0,20,2,0.0,-20.0,-20.0,0.0,20.0,0.0,0.0,-20.0
16.3762526512146,0.109125,0.053337499999999975,-0.2877075,95.0,20,2,0.0,-20.0,-20.0,0.0,20.0,0.0,0.0,-20.0
16.471261024475098,0.10978750000000002,0.053862500000000015,-0.288065,95.0,20,2,0.0,-20.0,-20.0,0.0,20.0,0.0,0.0,-20.0
16.569263458251953,0.1118125,0.05552499999999998,-0.2891725,95.0,20,2,0.0,-20.0,-20.0,0.0,20.0,0.0,0.0,-20.0
16.651265859603882,0.11376249999999999,0.05717500000000001,-0.290225,95.0,20,2,0.0,-20.0,-20.0,0.0,20.0,0.0,0.0,-20.0
16.749252557754517,0.1142375,0.05758749999999998,-0.290485,95.0,20,2,0.0,-20.0,-20.0,0.0,20.0,0.0,0.0,-20.0
16.87324595451355,0.11592500000000001,0.05910000000000002,-0.29141500000000004,95.0,20,2,0.0,-20.0,-20.0,0.0,20.0,0.0,0.0,-20.0
16.952256202697754,0.11810000000000002,0.06110000000000002,-0.29259500000000005,95.0,20,2,0.0,-20.0,-20.0,0.0,20.0,0.0,0.0,-20.0
17.05025315284729,0.11858749999999997,0.0615625,-0.2928625,95.0,20,2,0.0,-20.0,-20.0,0.0,20.0,0.0,0.0,-20.0
17.131250143051147,0.1195,0.0624375,-0.2933625,95.0,20,2,0.0,-20.0,-20.0,0.0,20.0,0.0,0.0,-20.0
17.22925114631653,0.120375,0.06328750000000002,-0.2938325,95.0,20,3,0.0,-20.0,-20.0,0.0,20.0,0.0,0.0,-20.0
17.32377791404724,0.12253750000000002,0.06548750000000002,-0.29502,95.0,20,2,0.0,-20.0,-20.0,0.0,20.0,0.0,0.0,-20.0
17.421786308288574,0.12397500000000003,0.067,-0.295805,95.0,20,2,0.0,-20.0,-20.0,0.0,20.0,0.0,0.0,-20.0
17.501778841018677,0.12472500000000002,0.0678125,-0.29620749999999996,95.0,20,2,0.0,-20.0,-20.0,0.0,20.0,0.0,0.0,-20.0
17.58282995223999,0.12522500000000003,0.0683625,-0.29648,95.0,20,2,0.0,-20.0,-20.0,0.0,20.0,0.0,0.0,-20.0
17.681402921676636,0.12636250000000002,0.06964999999999998,-0.297105,95.0,20,2,0.0,-20.0,-20.0,0.0,20.0,0.0,0.0,-20.0
17.76040816307068,0.12786250000000002,0.0714375,-0.29793000000000003,95.0,20,2,0.0,-20.0,-20.0,0.0,20.0,0.0,0.0,-20.0
17.857457876205444,0.12869999999999998,0.07242500000000002,-0.29838,95.0,20,2,0.0,-20.0,-20.0,0.0,20.0,0.0,0.0,-20.0
17.967549085617065,0.12936250000000002,0.07325,-0.2987425,95.0,20,2,0.0,-20.0,-20.0,0.0,20.0,0.0,0.0,-20.0
18.065147399902344,0.13016250000000001,0.0742625,-0.2991725,95.0,20,2,0.0,-20.0,-20.0,0.0,20.0,0.0,0.0,-20.0
18.146698474884033,0.13127499999999998,0.07575,-0.29978750000000004,95.0,20,2,0.0,-20.0,-20.0,0.0,20.0,0.0,0.0,-20.0
18.22826361656189,0.13186250000000002,0.07653750000000002,-0.30011,95.0,20,2,0.0,-20.0,-20.0,0.0,20.0,0.0,0.0,-20.0
18.325236797332764,0.13233749999999997,0.07719999999999999,-0.3003725,95.0,20,2,0.0,-20.0,-20.0,0.0,20.0,0.0,0.0,-20.0
18.42044949531555,0.13342500000000002,0.07873750000000002,-0.300955,95.0,20,2,0.0,-20.0,-20.0,0.0,20.0,0.0,0.0,-20.0
18.51898169517517,0.1340625,0.07967500000000001,-0.30130250000000003,95.0,20,2,0.0,-20.0,-20.0,0.0,20.0,0.0,0.0,-20.0
18.614959716796875,0.1347,0.08064999999999997,-0.3016525,95.0,20,2,0.0,-20.0,-20.0,0.0,20.0,0.0,0.0,-20.0
18.69507122039795,0.1353125,0.08160000000000002,-0.301985,95.0,20,2,0.0,-20.0,-20.0,0.0,20.0,0.0,0.0,-20.0
18.793060541152954,0.135825,0.08241250000000003,-0.302265,95.0,20,2,0.0,-20.0,-20.0,0.0,20.0,0.0,0.0,-20.0
18.871053218841553,0.13642500000000002,0.08338749999999999,-0.302595,95.0,20,2,-20.0,-20.0,-20.0,0.0,0.0,20.0,0.0,0.0
18.96812653541565,0.13689999999999997,0.08417500000000001,-0.30284750000000005,95.0,20,2,-20.0,-20.0,-20.0,0.0,0.0,20.0,0.0,0.0
19.081122636795044,0.13757499999999998,0.0853125,-0.3032175,95.0,20,2,-20.0,-20.0,-20.0,0.0,0.0,20.0,0.0,0.0
19.17712116241455,0.13807499999999998,0.08626249999999999,-0.3035,95.0,20,1,-20.0,-20.0,-20.0,0.0,0.0,20.0,0.0,0.0
19.27421259880066,0.1386125,0.08723750000000001,-0.3037925,95.0,20,1,-20.0,-20.0,-20.0,0.0,0.0,20.0,0.0,0.0
19.353785276412964,0.1391875,0.0883125,-0.3041025,95.0,20,1,-20.0,-20.0,-20.0,0.0,0.0,20.0,0.0,0.0
19.448906183242798,0.1396375,0.0891875,-0.30434750000000005,95.0,20,1,-20.0,-20.0,-20.0,0.0,0.0,20.0,0.0,0.0
19.53145122528076,0.1402,0.09033749999999997,-0.3046525,95.0,20,1,-20.0,-20.0,-20.0,0.0,0.0,20.0,0.0,0.0
19.612476587295532,0.1405625,0.0910625,-0.30484249999999996,95.0,20,1,-20.0,-20.0,-20.0,0.0,0.0,20.0,0.0,0.0
19.70807409286499,0.1409375,0.09189999999999998,-0.30506,95.0,20,1,-20.0,-20.0,-20.0,0.0,0.0,20.0,0.0,0.0
19.788624048233032,0.1413625,0.09282499999999999,-0.30528750000000004,95.0,20,1,-20.0,-20.0,-20.0,0.0,0.0,20.0,0.0,0.0
19.885619640350342,0.14164999999999997,0.09348750000000002,-0.30544499999999997,95.0,20,1,-20.0,-20.0,-20.0,0.0,0.0,20.0,0.0,0.0
19.963621854782104,0.14205,0.09439999999999998,-0.3056625,95.0,20,1,-20.0,-20.0,-20.0,0.0,0.0,20.0,0.0,0.0
20.060161113739014,0.1423125,0.09503750000000002,-0.305805,95.0,20,1,-20.0,-20.0,-20.0,0.0,0.0,20.0,0.0,0.0
20.1737117767334,0.1426875,0.09595,-0.30601,95.0,20,0,-20.0,-20.0,-20.0,0.0,0.0,20.0,0.0,0.0
20.271811962127686,0.14296249999999996,0.09666250000000003,-0.306165,95.0,20,1,-20.0,-20.0,-20.0,0.0,0.0,20.0,0.0,0.0
20.350380659103394,0.1432625,0.09742500000000001,-0.30632,95.0,20,0,-20.0,-20.0,-20.0,0.0,0.0,20.0,0.0,0.0
20.4319326877594,0.1435,0.09805000000000001,-0.30645249999999996,95.0,20,1,-20.0,-20.0,-20.0,0.0,0.0,20.0,0.0,0.0
20.511929273605347,0.143775,0.09880000000000001,-0.30660000000000004,95.0,20,1,-20.0,-20.0,-20.0,0.0,0.0,20.0,0.0,0.0
20.593462705612183,0.1440125,0.0994875,-0.3067375,95.0,20,1,-20.0,-20.0,-20.0,0.0,0.0,20.0,0.0,0.0
20.67704129219055,0.144275,0.10022500000000002,-0.3068775,95.0,20,1,-20.0,-20.0,-20.0,0.0,0.0,20.0,0.0,0.0
20.753578662872314,0.14448750000000002,0.10088749999999999,-0.3069925,95.0,20,1,-20.0,-20.0,-20.0,0.0,0.0,20.0,0.0,0.0
20.855060577392578,0.1447,0.10151249999999999,-0.307105,95.0,20,1,-20.0,-20.0,-20.0,0.0,0.0,20.0,0.0,0.0
20.947107553482056,0.144925,0.10226249999999999,-0.30724,95.0,20,0,-20.0,-20.0,-20.0,0.0,0.0,20.0,0.0,0.0
21.027640342712402,0.14513749999999997,0.10291250000000002,-0.30735,95.0,20,0,-20.0,-20.0,-20.0,0.0,0.0,20.0,0.0,0.0
21.1081600189209,0.1453125,0.10353750000000002,-0.30744499999999997,95.0,20,1,-20.0,-20.0,-20.0,0.0,0.0,20.0,0.0,0.0
21.222158432006836,0.145525,0.1041875,-0.30756,95.0,20,0,-20.0,-20.0,-20.0,0.0,0.0,20.0,0.0,0.0
21.31916046142578,0.1457,0.10482499999999999,-0.30765,95.0,20,0,-20.0,-20.0,-20.0,0.0,0.0,20.0,0.0,0.0
21.416168689727783,0.145875,0.1054375,-0.30775,95.0,20,0,-20.0,-20.0,-20.0,0.0,0.0,20.0,0.0,0.0
21.49817132949829,0.14603750000000001,0.10605,-0.30784,95.0,20,0,-20.0,-20.0,-20.0,0.0,0.0,20.0,0.0,0.0
21.579176664352417,0.1461875,0.10664999999999998,-0.30792,95.0,20,0,-20.0,-20.0,-20.0,0.0,0.0,20.0,0.0,0.0
21.675164222717285,0.14635000000000004,0.10725,-0.30801,95.0,20,0,-20.0,-20.0,-20.0,0.0,0.0,20.0,0.0,0.0
21.774172067642212,0.14648750000000002,0.10782499999999999,-0.30809,95.0,20,0,-20.0,-20.0,-20.0,0.0,0.0,20.0,0.0,0.0
21.85518503189087,0.146625,0.10841250000000002,-0.30816000000000004,95.0,20,0,-20.0,-20.0,-20.0,0.0,0.0,20.0,0.0,0.0
21.9391770362854,0.146775,0.10897500000000002,-0.30824,95.0,20,0,-20.0,-20.0,-20.0,0.0,0.0,20.0,0.0,0.0
22.034171104431152,0.14689999999999998,0.10953750000000002,-0.30831000000000003,95.0,20,0,-20.0,-20.0,-20.0,0.0,0.0,20.0,0.0,0.0
22.115174055099487,0.147025,0.11010000000000002,-0.30837,95.0,20,0,-20.0,-20.0,-20.0,0.0,0.0,20.0,0.0,0.0
22.195162534713745,0.14713749999999998,0.11063749999999999,-0.30844,95.0,20,0,-20.0,-20.0,-20.0,0.0,0.0,20.0,0.0,0.0
22.30416440963745,0.14725,0.11117500000000001,-0.3085,95.0,20,0,-20.0,-20.0,-20.0,0.0,0.0,20.0,0.0,0.0
22.401158809661865,0.1473625,0.11171249999999998,-0.30856,95.0,20,0,-20.0,-20.0,-20.0,0.0,0.0,20.0,0.0,0.0
22.482175827026367,0.14747500000000002,0.11223750000000002,-0.30862,95.0,20,0,-20.0,-20.0,-20.0,0.0,0.0,20.0,0.0,0.0
22.56316351890564,0.14757499999999998,0.11276249999999999,-0.30867,95.0,20,0,-20.0,-20.0,-20.0,0.0,0.0,20.0,0.0,0.0
22.66016125679016,0.147675,0.11327499999999997,-0.30873,95.0,20,0,-20.0,-20.0,-20.0,0.0,0.0,20.0,0.0,0.0
22.738161325454712,0.1477625,0.11377499999999997,-0.30878,95.0,20,0,-20.0,-20.0,-20.0,0.0,0.0,20.0,0.0,0.0
22.82022523880005,0.14785,0.11426249999999999,-0.30883,95.0,20,0,-20.0,-20.0,-20.0,0.0,0.0,20.0,0.0,0.0
22.915221452713013,0.1479375,0.11475,-0.30887,95.0,20,0,-20.0,-20.0,-20.0,0.0,0.0,20.0,0.0,0.0
23.01287317276001,0.148025,0.1152375,-0.30892000000000003,95.0,20,0,-20.0,-20.0,-20.0,0.0,0.0,20.0,0.0,0.0
23.091870069503784,0.1481,0.11571249999999998,-0.30895999999999996,95.0,20,0,-20.0,-20.0,-20.0,0.0,0.0,20.0,0.0,0.0
23.17343544960022,0.148175,0.11617500000000001,-0.309,95.0,20,0,-20.0,-20.0,-20.0,0.0,0.0,20.0,0.0,0.0
23.25239896774292,0.14825,0.11664999999999998,-0.30904000000000004,95.0,20,0,-20.0,-20.0,-20.0,0.0,0.0,20.0,0.0,0.0
23.366483211517334,0.14832499999999998,0.11710000000000002,-0.30907999999999997,95.0,20,0,-20.0,-20.0,-20.0,0.0,0.0,20.0,0.0,0.0
23.44554114341736,0.14838749999999998,0.11755000000000002,-0.30912,95.0,20,0,-20.0,-20.0,-20.0,0.0,0.0,20.0,0.0,0.0
23.542521953582764,0.14845,0.118,-0.30915,95.0,20,0,-20.0,-20.0,-20.0,0.0,0.0,20.0,0.0,0.0
23.62152671813965,0.1485125,0.1184375,-0.30919,95.0,20,0,-20.0,-20.0,-20.0,0.0,0.0,20.0,0.0,0.0
23.716517686843872,0.14857499999999998,0.118875,-0.30922000000000005,95.0,20,0,-20.0,-20.0,-20.0,0.0,0.0,20.0,0.0,0.0
23.794521808624268,0.148625,0.11930000000000002,-0.30925,95.0,20,0,-20.0,-20.0,-20.0,0.0,0.0,20.0,0.0,0.0
23.874518632888794,0.148675,0.11972500000000003,-0.30928,95.0,20,0,-20.0,-20.0,-20.0,0.0,0.0,20.0,0.0,0.0
23.95752453804016,0.14873750000000002,0.120125,-0.30931000000000003,95.0,20,0,-20.0,-20.0,-20.0,0.0,0.0,20.0,0.0,0.0
24.053525924682617,0.14878750000000002,0.12053750000000002,-0.30933999999999995,95.0,20,0,-20.0,-20.0,-20.0,0.0,0.0,20.0,0.0,0.0
24.153526067733765,0.14883749999999998,0.1209375,-0.30936,95.0,20,0,-20.0,-20.0,-20.0,0.0,0.0,20.0,0.0,0.0
24.22912621498108,0.148875,0.12133749999999997,-0.30939,95.0,20,0,-20.0,-20.0,-20.0,0.0,0.0,20.0,0.0,0.0
24.31216263771057,0.148925,0.12172500000000003,-0.30941,95.0,20,0,-20.0,-20.0,-20.0,0.0,0.0,20.0,0.0,0.0
24.41313362121582,0.14897500000000002,0.122125,-0.30944,95.0,20,0,-20.0,-20.0,-20.0,0.0,0.0,20.0,0.0,0.0
24.50613021850586,0.1490125,0.1225,-0.30945999999999996,95.0,20,0,-20.0,-20.0,-20.0,0.0,0.0,20.0,0.0,0.0
24.604126930236816,0.14905000000000002,0.122875,-0.30948000000000003,95.0,20,0,-20.0,-20.0,-20.0,0.0,0.0,20.0,0.0,0.0
24.685132265090942,0.14908749999999998,0.12325,-0.3095,95.0,20,0,-20.0,-20.0,-20.0,0.0,0.0,20.0,0.0,0.0
24.76570701599121,0.149125,0.123625,-0.30951999999999996,95.0,20,0,-20.0,-20.0,-20.0,0.0,0.0,20.0,0.0,0.0
24.860949754714966,0.14916250000000003,0.12397500000000003,-0.30954000000000004,95.0,20,0,-20.0,-20.0,-20.0,0.0,0.0,20.0,0.0,0.0
24.940945148468018,0.1491875,0.12433749999999998,-0.30956,95.0,20,0,-20.0,-20.0,-20.0,0.0,0.0,20.0,0.0,0.0
25.035024881362915,0.14922500000000002,0.1246875,-0.30957999999999997,95.0,20,0,-20.0,-20.0,-20.0,0.0,0.0,20.0,0.0,0.0
25.13103461265564,0.1492625,0.12502499999999997,-0.30959,95.0,20,0,-20.0,-20.0,-20.0,0.0,0.0,20.0,0.0,0.0
25.228678226470947,0.14928750000000002,0.125375,-0.30961,95.0,20,0,-20.0,-20.0,-20.0,0.0,0.0,20.0,0.0,0.0
25.30567741394043,0.1493125,0.12571249999999998,-0.30963,95.0,20,0,-20.0,-20.0,-20.0,0.0,0.0,20.0,0.0,0.0
25.388227462768555,0.14933749999999998,0.12605000000000002,-0.30963999999999997,95.0,20,0,-20.0,-20.0,-20.0,0.0,0.0,20.0,0.0,0.0
25.49021005630493,0.149375,0.126375,-0.30966000000000005,95.0,20,0,-20.0,-20.0,-20.0,0.0,0.0,20.0,0.0,0.0
25.60374903678894,0.14938749999999998,0.12669999999999998,-0.30967,95.0,20,0,-20.0,-20.0,-20.0,0.0,0.0,20.0,0.0,0.0
25.68274450302124,0.149425,0.12702499999999997,-0.30968,95.0,20,0,-20.0,-20.0,-20.0,0.0,0.0,20.0,0.0,0.0
25.763827800750732,0.1494375,0.127325,-0.3097,95.0,20,0,-20.0,-20.0,-20.0,0.0,0.0,20.0,0.0,0.0
25.84589695930481,0.14946249999999997,0.1276375,-0.30971,95.0,20,0,-20.0,-20.0,-20.0,0.0,0.0,20.0,0.0,0.0
25.92548704147339,0.14948750000000002,0.12794999999999998,-0.30972000000000005,95.0,20,0,-20.0,-20.0,-20.0,0.0,0.0,20.0,0.0,0.0
26.007492542266846,0.1495125,0.12825,-0.30973,95.0,20,0,-20.0,-20.0,-20.0,0.0,0.0,20.0,0.0,0.0
26.087491512298584,0.14952499999999996,0.12855,-0.30974,95.0,20,0,-20.0,-20.0,-20.0,0.0,0.0,20.0,0.0,0.0
26.184497833251953,0.14953750000000002,0.12883749999999997,-0.30975,95.0,20,0,-20.0,-20.0,-20.0,0.0,0.0,20.0,0.0,0.0
26.28349280357361,0.1495625,0.129125,-0.30976,95.0,20,0,-20.0,-20.0,-20.0,0.0,0.0,20.0,0.0,0.0
26.363051891326904,0.14957499999999999,0.129425,-0.30977,95.0,20,0,-20.0,-20.0,-20.0,0.0,0.0,20.0,0.0,0.0
26.443569898605347,0.1496,0.12969999999999998,-0.30978,95.0,20,0,-20.0,-20.0,-20.0,0.0,0.0,20.0,0.0,0.0
26.52457022666931,0.1496125,0.12997500000000003,-0.30979,95.0,20,0,-20.0,-20.0,-20.0,0.0,0.0,20.0,0.0,0.0
26.63157868385315,0.149625,0.13025,-0.3098,95.0,20,0,-20.0,-20.0,-20.0,0.0,0.0,20.0,0.0,0.0
26.712571382522583,0.14963749999999998,0.13052499999999997,-0.30981000000000003,95.0,20,0,-20.0,-20.0,-20.0,0.0,0.0,20.0,0.0,0.0
26.79256796836853,0.14966250000000003,0.13078750000000003,-0.30981000000000003,95.0,20,0,-20.0,-20.0,-20.0,0.0,0.0,20.0,0.0,0.0
26.87325429916382,0.149675,0.13105,-0.30982,95.0,20,0,-20.0,-20.0,-20.0,0.0,0.0,20.0,0.0,0.0
26.96925449371338,0.149675,0.1313125,-0.30983,95.0,20,0,-20.0,-20.0,-20.0,0.0,0.0,20.0,0.0,0.0
27.087456226348877,0.1497,0.131575,-0.30983,95.0,20,0,-20.0,-20.0,-20.0,0.0,0.0,20.0,0.0,0.0
27.17245888710022,0.14971249999999997,0.131825,-0.30983999999999995,95.0,20,0,-20.0,-20.0,-20.0,0.0,0.0,20.0,0.0,0.0
27.26945161819458,0.14972500000000002,0.132075,-0.30985,95.0,20,0,-20.0,-20.0,-20.0,0.0,0.0,20.0,0.0,0.0
27.366454601287842,0.14972500000000002,0.132325,-0.30985,95.0,20,0,-20.0,-20.0,-20.0,0.0,0.0,20.0,0.0,0.0
27.448457956314087,0.14973750000000002,0.1325625,-0.30986,95.0,20,0,-20.0,-20.0,-20.0,0.0,0.0,20.0,0.0,0.0
27.5275661945343,0.14975,0.1328,-0.30987,95.0,20,0,-20.0,-20.0,-20.0,0.0,0.0,20.0,0.0,0.0
27.60756230354309,0.1497625,0.13302499999999998,-0.30987,95.0,20,0,-20.0,-20.0,-20.0,0.0,0.0,20.0,0.0,0.0
27.689570665359497,0.14977499999999996,0.13327499999999998,-0.30988,95.0,20,0,-20.0,-20.0,-20.0,0.0,0.0,20.0,0.0,0.0
27.769561290740967,0.14977499999999996,0.1334875,-0.30988,95.0,20,0,-20.0,-20.0,-20.0,0.0,0.0,20.0,0.0,0.0
27.865567922592163,0.14978750000000002,0.133725,-0.30989,95.0,20,0,-20.0,-20.0,-20.0,0.0,0.0,20.0,0.0,0.0
27.945112466812134,0.14980000000000002,0.1339375,-0.30989,95.0,20,0,-20.0,-20.0,-20.0,0.0,0.0,20.0,0.0,0.0
28.026697158813477,0.1498125,0.13416250000000002,-0.30989,95.0,20,0,-20.0,-20.0,-20.0,0.0,0.0,20.0,0.0,0.0
28.10871911048889,0.1498125,0.134375,-0.30989999999999995,95.0,20,0,-20.0,-20.0,-20.0,0.0,0.0,20.0,0.0,0.0
28.215694427490234,0.14982499999999999,0.13458749999999997,-0.30989999999999995,95.0,20,0,-20.0,-20.0,-20.0,0.0,0.0,20.0,0.0,0.0
28.30970001220703,0.14982499999999999,0.1348125,-0.30991,95.0,20,0,-20.0,-20.0,-20.0,0.0,0.0,20.0,0.0,0.0
28.39269757270813,0.14983749999999998,0.13501249999999998,-0.30991,95.0,20,0,-20.0,-20.0,-20.0,0.0,0.0,20.0,0.0,0.0
28.48771572113037,0.14983749999999998,0.135225,-0.30991,95.0,20,0,-20.0,-20.0,-20.0,0.0,0.0,20.0,0.0,0.0
28.586697340011597,0.14985,0.13542500000000002,-0.30992000000000003,95.0,20,0,-20.0,-20.0,-20.0,0.0,0.0,20.0,0.0,0.0
28.681700468063354,0.1498625,0.135625,-0.30992000000000003,95.0,20,0,-20.0,-20.0,-20.0,0.0,0.0,20.0,0.0,0.0
28.76034116744995,0.1498625,0.135825,-0.30992000000000003,95.0,20,0,-20.0,-20.0,-20.0,0.0,0.0,20.0,0.0,0.0
28.85688543319702,0.149875,0.13601249999999998,-0.30993,95.0,20,0,-20.0,-20.0,-20.0,0.0,0.0,20.0,0.0,0.0
28.938432931900024,0.149875,0.1362,-0.30993,95.0,20,0,-20.0,-20.0,-20.0,0.0,0.0,20.0,0.0,0.0
29.018953800201416,0.149875,0.1363875,-0.30993,95.0,20,0,-20.0,-20.0,-20.0,0.0,0.0,20.0,0.0,0.0
29.11514902114868,0.149875,0.136575,-0.30994,95.0,20,0,-20.0,-20.0,-20.0,0.0,0.0,20.0,0.0,0.0
29.19568681716919,0.14988749999999998,0.13676249999999998,-0.30994,95.0,20,0,-20.0,-20.0,-20.0,0.0,0.0,20.0,0.0,0.0
29.303216695785522,0.14988749999999998,0.1369375,-0.30994,95.0,20,0,-20.0,-20.0,-20.0,0.0,0.0,20.0,0.0,0.0
29.379334926605225,0.14989999999999998,0.137125,-0.30994,95.0,20,0,-20.0,-20.0,-20.0,0.0,0.0,20.0,0.0,0.0
29.47591257095337,0.14989999999999998,0.1373,-0.30995,95.0,20,0,-20.0,-20.0,-20.0,0.0,0.0,20.0,0.0,0.0
29.55692958831787,0.14989999999999998,0.137475,-0.30995,95.0,20,0,-20.0,-20.0,-20.0,0.0,0.0,20.0,0.0,0.0
29.637914180755615,0.14991250000000003,0.13764999999999997,-0.30995,95.0,20,0,-20.0,-20.0,-20.0,0.0,0.0,20.0,0.0,0.0
29.720921754837036,0.14991250000000003,0.13782499999999998,-0.30995,95.0,20,0,-20.0,-20.0,-20.0,0.0,0.0,20.0,0.0,0.0
29.797916412353516,0.14991250000000003,0.13797500000000001,-0.30995,95.0,20,0,-20.0,-20.0,-20.0,0.0,0.0,20.0,0.0,0.0
29.896934270858765,0.149925,0.13814999999999997,-0.30995999999999996,95.0,20,0,-20.0,-20.0,-20.0,0.0,0.0,20.0,0.0,0.0
29.99291443824768,0.149925,0.1383125,-0.30995999999999996,95.0,20,0,-20.0,-20.0,-20.0,0.0,0.0,20.0,0.0,0.0
30.068443059921265,0.149925,0.13847500000000001,-0.30995999999999996,95.0,20,0,-20.0,-20.0,-20.0,0.0,0.0,20.0,0.0,0.0
30.166455268859863,0.149925,0.138625,-0.30995999999999996,95.0,20,0,-20.0,-20.0,-20.0,0.0,0.0,20.0,0.0,0.0
30.241517782211304,0.149925,0.13877499999999998,-0.30995999999999996,95.0,20,0,-20.0,-20.0,-20.0,0.0,0.0,20.0,0.0,0.0
30.345522165298462,0.149925,0.1389375,-0.30995999999999996,95.0,20,0,-20.0,-20.0,-20.0,0.0,0.0,20.0,0.0,0.0
30.43858003616333,0.1499375,0.13908749999999998,-0.30995999999999996,95.0,20,0,-20.0,-20.0,-20.0,0.0,0.0,20.0,0.0,0.0
30.520583152770996,0.1499375,0.13923750000000001,-0.30997,95.0,20,0,-20.0,-20.0,-20.0,0.0,0.0,20.0,0.0,0.0
30.599579334259033,0.1499375,0.1393875,-0.30997,95.0,20,0,-20.0,-20.0,-20.0,0.0,0.0,20.0,0.0,0.0
30.698163270950317,0.1499375,0.13952499999999998,-0.30997,95.0,20,0,-20.0,-20.0,-20.0,0.0,0.0,20.0,0.0,0.0
30.781135082244873,0.14995,0.13967500000000002,-0.30997,95.0,20,0,-20.0,-20.0,-20.0,0.0,0.0,20.0,0.0,0.0
30.87513041496277,0.14995,0.13982499999999998,-0.30997,95.0,20,0,-20.0,-20.0,-20.0,0.0,0.0,20.0,0.0,0.0
30.956132411956787,0.14995,0.1399625,-0.30997,95.0,20,0,-20.0,-20.0,-20.0,0.0,0.0,20.0,0.0,0.0
31.053133487701416,0.14995,0.14008749999999998,-0.30997,95.0,20,0,-20.0,-20.0,-20.0,0.0,0.0,20.0,0.0,0.0
31.15013360977173,0.14995,0.14022500000000002,-0.30997,95.0,20,0,-20.0,-20.0,-20.0,0.0,0.0,20.0,0.0,0.0
31.246136903762817,0.14996249999999997,0.1403625,-0.30998000000000003,95.0,20,0,-20.0,-20.0,-20.0,0.0,0.0,20.0,0.0,0.0
31.344133377075195,0.14996249999999997,0.14048750000000002,-0.30998000000000003,95.0,20,0,-20.0,-20.0,-20.0,0.0,0.0,20.0,0.0,0.0
31.44714117050171,0.14996249999999997,0.140625,-0.30998000000000003,95.0,20,0,-20.0,-20.0,-20.0,0.0,0.0,20.0,0.0,0.0
31.543129920959473,0.14996249999999997,0.14075,-0.30998000000000003,95.0,20,0,-20.0,-20.0,-20.0,0.0,0.0,20.0,0.0,0.0
31.687763929367065,0.14996249999999997,0.140875,-0.30998000000000003,79.74715042114258,20,0,-20.0,-20.0,-20.0,0.0,0.0,9.351501,10.648499,0.0
31.847335815429688,0.14996249999999997,0.141,-0.30998000000000003,66.35211181640625,20,0,-20.0,-20.0,-20.0,0.0,0.0,0.0,20.0,0.0
31.928335428237915,0.14997500000000002,0.141125,-0.30998000000000003,66.35211181640625,20,0,-20.0,-20.0,-20.0,0.0,0.0,0.0,20.0,0.0
32.02533221244812,0.14997500000000002,0.14125,-0.30998000000000003,66.35211181640625,20,0,-20.0,-20.0,-20.0,0.0,0.0,0.0,20.0,0.0
32.10333824157715,0.14997500000000002,0.141375,-0.30998000000000003,66.35211181640625,20,0,-20.0,-20.0,-20.0,0.0,0.0,0.0,20.0,0.0
32.183343172073364,0.14997500000000002,0.14148750000000002,-0.30998000000000003,66.35211181640625,20,0,-20.0,-20.0,-20.0,0.0,0.0,0.0,20.0,0.0
32.26533102989197,0.14997500000000002,0.14160000000000003,-0.30998000000000003,66.35211181640625,20,0,-20.0,-20.0,-20.0,0.0,0.0,0.0,20.0,0.0
32.345863580703735,0.14997500000000002,0.14172500000000002,-0.30998000000000003,66.35211181640625,20,0,-20.0,-20.0,-20.0,0.0,0.0,0.0,20.0,0.0
32.445871114730835,0.14997500000000002,0.14182499999999998,-0.30999,66.35211181640625,20,0,-20.0,-20.0,-20.0,0.0,0.0,0.0,20.0,0.0
32.557010650634766,0.14997500000000002,0.1419375,-0.30999,66.35211181640625,20,0,-20.0,-20.0,-20.0,0.0,0.0,0.0,20.0,0.0
32.65500855445862,0.14997500000000002,0.14205,-0.30999,66.35211181640625,20,0,-20.0,-20.0,-20.0,0.0,0.0,0.0,20.0,0.0
32.73300647735596,0.14997500000000002,0.14216250000000002,-0.30999,66.35211181640625,0,0,-20.0,-20.0,-20.0,0.0,0.0,0.0,20.0,0.0
32.831109046936035,0.14997500000000002,0.14227499999999998,-0.30999,66.35211181640625,0,0,0.0,0.0,0.0,-20.0,-20.0,-20.0,0.0,20.0
32.929110527038574,0.14997500000000002,0.1422875,-0.3097225,66.35211181640625,0,1,0.0,0.0,0.0,-20.0,-20.0,-20.0,0.0,20.0
33.009623527526855,0.14997500000000002,0.1423125,-0.3085175,66.35211181640625,0,2,0.0,0.0,0.0,-20.0,-20.0,-20.0,0.0,20.0
33.1072211265564,0.14997500000000002,0.14235000000000003,-0.30707,66.35211181640625,0,3,0.0,0.0,0.0,-20.0,-20.0,0.0,-20.0,20.0
33.203794956207275,0.14997500000000002,0.142375,-0.30611,66.35211181640625,0,4,0.0,0.0,0.0,-20.0,-20.0,0.0,-20.0,20.0
33.2987961769104,0.14997500000000002,0.142375,-0.3057575,66.35211181640625,0,4,0.0,0.0,0.0,-20.0,-20.0,0.0,-20.0,20.0
33.392322063446045,0.14997500000000002,0.14241250000000003,-0.30464749999999996,66.35211181640625,0,5,0.0,0.0,0.0,-20.0,-20.0,0.0,-20.0,20.0
33.49138641357422,0.14997500000000002,0.14246249999999996,-0.302685,66.35211181640625,0,6,0.0,0.0,0.0,-20.0,-20.0,0.0,-20.0,20.0
33.62537503242493,0.14997500000000002,0.1425375,-0.299695,66.35211181640625,0,6,0.0,0.0,0.0,-20.0,-20.0,0.0,-20.0,20.0
33.73737978935242,0.14997500000000002,0.1426875,-0.29509500000000005,66.35211181640625,0,6,0.0,0.0,0.0,-20.0,-20.0,0.0,-20.0,20.0
33.8363835811615,0.14997500000000002,0.14277499999999999,-0.292065,66.35211181640625,0,6,0.0,0.0,0.0,-20.0,-20.0,0.0,-20.0,20.0
33.937379598617554,0.14997500000000002,0.1428625,-0.28902,66.35211181640625,0,6,0.0,0.0,0.0,-20.0,-20.0,0.0,-20.0,20.0
34.033400535583496,0.14997500000000002,0.14295,-0.28597,66.35211181640625,0,6,0.0,0.0,0.0,-20.0,-20.0,0.0,-20.0,20.0
34.13238739967346,0.14997500000000002,0.1430375,-0.28318,66.35211181640625,0,6,0.0,0.0,0.0,-20.0,-20.0,0.0,-20.0,20.0
34.23038983345032,0.14997500000000002,0.14314999999999997,-0.280045,66.35211181640625,0,6,0.0,0.0,0.0,-20.0,-20.0,0.0,-20.0,20.0
34.33038377761841,0.14997500000000002,0.14325,-0.27709500000000004,66.35211181640625,0,6,0.0,0.0,0.0,-20.0,-20.0,0.0,-20.0,20.0
34.427380323410034,0.14998750000000002,0.14335000000000003,-0.2743325,66.35211181640625,0,6,0.0,0.0,0.0,-20.0,-20.0,0.0,-20.0,20.0
34.526392459869385,0.14998750000000002,0.1434375,-0.2717075,66.35211181640625,0,6,0.0,0.0,0.0,-20.0,-20.0,0.0,-20.0,20.0
34.62537670135498,0.14998750000000002,0.14352499999999999,-0.2691375,66.35211181640625,0,6,0.0,0.0,0.0,-20.0,-20.0,0.0,-20.0,20.0
34.762377977371216,0.14998750000000002,0.143625,-0.2665875,66.35211181640625,0,6,0.0,0.0,0.0,-20.0,-20.0,0.0,-20.0,20.0
34.87137246131897,0.14998750000000002,0.143775,-0.26284,66.35211181640625,0,5,0.0,0.0,0.0,-20.0,-20.0,0.0,-20.0,20.0
34.95794939994812,0.14998750000000002,0.1438625,-0.26059000000000004,66.35211181640625,0,5,0.0,0.0,0.0,-20.0,-20.0,0.0,-20.0,20.0
35.05494737625122,0.14998750000000002,0.1439375,-0.25869749999999997,66.35211181640625,0,5,0.0,0.0,0.0,-20.0,-20.0,0.0,-20.0,20.0
35.156946659088135,0.14998750000000002,0.144025,-0.25659249999999995,66.35211181640625,0,5,0.0,0.0,0.0,-20.0,-20.0,0.0,-20.0,20.0
35.253488063812256,0.14998750000000002,0.1441125,-0.25443,66.35211181640625,0,5,0.0,0.0,0.0,-20.0,-20.0,0.0,-20.0,20.0
35.35604763031006,0.14998750000000002,0.14422500000000002,-0.252455,66.35211181640625,0,5,0.0,0.0,0.0,-20.0,-20.0,0.0,-20.0,20.0
35.45502233505249,0.14998750000000002,0.1443,-0.250405,66.35211181640625,0,4,0.0,0.0,0.0,-20.0,-20.0,0.0,-20.0,20.0
35.55213451385498,0.14998750000000002,0.14441250000000003,-0.2484375,66.35211181640625,0,4,0.0,0.0,0.0,-20.0,-20.0,0.0,-20.0,20.0
35.65214252471924,0.14998750000000002,0.1445,-0.246555,66.35211181640625,0,4,0.0,0.0,0.0,-20.0,-20.0,0.0,-20.0,20.0
35.75013542175293,0.14998750000000002,0.14460000000000003,-0.2446625,66.35211181640625,0,4,0.0,0.0,0.0,-20.0,-20.0,0.0,-20.0,20.0
35.891133308410645,0.14998750000000002,0.1446875,-0.24289249999999998,66.35211181640625,0,3,0.0,0.0,0.0,-20.0,-20.0,0.0,-20.0,20.0
35.983124017715454,0.14998750000000002,0.14483749999999998,-0.24041500000000002,66.35211181640625,0,2,0.0,0.0,0.0,-20.0,-20.0,0.0,-20.0,20.0
36.08218479156494,0.14998750000000002,0.144925,-0.2388225,66.35211181640625,0,2,0.0,0.0,0.0,-20.0,-20.0,0.0,-20.0,20.0
36.178181886672974,0.14998750000000002,0.145025,-0.23714749999999998,66.35211181640625,0,2,0.0,0.0,0.0,-20.0,-20.0,0.0,-20.0,20.0
36.25619316101074,0.14998750000000002,0.14508749999999998,-0.2361625,66.35211181640625,0,2,20.0,0.0,0.0,-20.0,0.0,-20.0,-20.0,0.0
36.355191469192505,0.14998750000000002,0.14510000000000003,-0.2359125,66.35211181640625,0,2,20.0,0.0,0.0,-20.0,0.0,-20.0,-20.0,0.0
36.4491810798645,0.14998750000000002,0.14516250000000003,-0.235,66.35211181640625,0,3,20.0,0.0,0.0,-20.0,0.0,-20.0,-20.0,0.0
36.548192501068115,0.1490125,0.14483749999999998,-0.23344,66.35211181640625,0,3,20.0,0.0,0.0,-20.0,0.0,-20.0,-20.0,0.0
36.645183801651,0.147375,0.1443,-0.2308725,66.35211181640625,0,4,20.0,0.0,0.0,-20.0,0.0,-20.0,-20.0,0.0
36.74718379974365,0.1452625,0.14360000000000003,-0.2275625,66.35211181640625,0,5,20.0,0.0,0.0,-20.0,0.0,-20.0,-20.0,0.0
36.8421790599823,0.143,0.14283749999999998,-0.22401,66.35211181640625,0,5,20.0,0.0,0.0,-20.0,0.0,-20.0,-20.0,0.0
36.94027614593506,0.1408875,0.1421125,-0.22069999999999998,66.35211181640625,0,6,20.0,0.0,0.0,-20.0,0.0,-20.0,-20.0,0.0
37.06929612159729,0.13858749999999997,0.14133749999999998,-0.21710500000000002,66.35211181640625,0,7,20.0,0.0,0.0,-20.0,0.0,-20.0,-20.0,0.0
37.171833753585815,0.1356875,0.14032499999999998,-0.212555,66.35211181640625,0,7,20.0,0.0,0.0,-20.0,0.0,-20.0,-20.0,0.0
37.26883363723755,0.133575,0.13957499999999998,-0.20922,66.35211181640625,0,8,20.0,0.0,0.0,-20.0,0.0,-20.0,-20.0,0.0
37.363829612731934,0.1314,0.1388125,-0.20582499999999998,66.35211181640625,0,8,20.0,0.0,0.0,-20.0,0.0,-20.0,-20.0,0.0
37.46284747123718,0.1293,0.1380625,-0.20254000000000003,66.35211181640625,0,9,20.0,0.0,0.0,-20.0,0.0,-20.0,-20.0,0.0
37.55982565879822,0.12708749999999996,0.13726249999999998,-0.199065,66.35211181640625,0,9,20.0,0.0,0.0,-20.0,0.0,-20.0,-20.0,0.0
37.63684105873108,0.12492500000000001,0.1364625,-0.19568000000000002,66.35211181640625,0,10,20.0,0.0,0.0,-20.0,0.0,-20.0,-20.0,0.0
37.71184158325195,0.12321249999999997,0.135825,-0.193,66.35211181640625,0,10,20.0,0.0,0.0,-20.0,0.0,-20.0,-20.0,0.0
37.80782604217529,0.12155,0.1352,-0.1904,66.35211181640625,0,9,20.0,0.0,0.0,-20.0,0.0,-20.0,-20.0,0.0
37.881900787353516,0.11941250000000002,0.1343875,-0.18704,66.35211181640625,0,10,20.0,0.0,0.0,-20.0,0.0,-20.0,-20.0,0.0
37.95589733123779,0.11777499999999998,0.13376249999999998,-0.18447,66.35211181640625,0,10,20.0,0.0,0.0,-20.0,0.0,-20.0,-20.0,0.0
38.052897691726685,0.116125,0.133125,-0.18189,66.35211181640625,0,9,20.0,0.0,0.0,-20.0,0.0,-20.0,-20.0,0.0
38.13890242576599,0.11396249999999998,0.13228750000000003,-0.17851499999999998,66.35211181640625,0,10,20.0,0.0,0.0,-20.0,0.0,-20.0,-20.0,0.0
38.267898082733154,0.11183749999999998,0.13144999999999998,-0.175195,66.35211181640625,0,9,20.0,0.0,0.0,-20.0,0.0,-20.0,-20.0,0.0
38.345006704330444,0.10917500000000001,0.1303875,-0.17101499999999997,66.35211181640625,0,10,20.0,0.0,0.0,-20.0,0.0,-20.0,-20.0,0.0
38.44107937812805,0.10747500000000003,0.12969999999999998,-0.168345,66.35211181640625,0,9,20.0,0.0,0.0,-20.0,0.0,-20.0,-20.0,0.0
38.51714038848877,0.10532499999999999,0.1288125,-0.16497499999999998,66.35211181640625,0,10,20.0,0.0,0.0,-20.0,0.0,-20.0,-20.0,0.0
38.60912799835205,0.1036375,0.128125,-0.16233,66.35211181640625,0,9,20.0,0.0,0.0,-20.0,0.0,-20.0,-20.0,0.0
38.68214464187622,0.10161250000000001,0.1272625,-0.159165,66.35211181640625,0,10,20.0,0.0,0.0,-20.0,0.0,-20.0,-20.0,0.0
38.75613188743591,0.09997500000000002,0.1265625,-0.156595,66.35211181640625,0,10,20.0,0.0,0.0,-20.0,0.0,-20.0,-20.0,0.0
38.854129791259766,0.09830000000000001,0.1258375,-0.15397999999999998,66.35211181640625,0,9,20.0,0.0,0.0,-20.0,0.0,-20.0,-20.0,0.0
38.92522168159485,0.096125,0.12489999999999998,-0.15059,66.35211181640625,0,10,20.0,0.0,0.0,-20.0,0.0,-20.0,-20.0,0.0
39.02323055267334,0.09453750000000002,0.12419999999999999,-0.14809,66.35211181640625,0,9,20.0,0.0,0.0,-20.0,0.0,-20.0,-20.0,0.0
39.09221887588501,0.09238749999999998,0.12323750000000001,-0.144725,66.35211181640625,0,10,20.0,0.0,0.0,-20.0,0.0,-20.0,-20.0,0.0
39.192219734191895,0.09085000000000003,0.12255,-0.14232,66.35211181640625,0,9,20.0,0.0,0.0,-20.0,0.0,-20.0,-20.0,0.0
39.273218870162964,0.08861250000000001,0.1215125,-0.138815,66.35211181640625,0,10,20.0,0.0,0.0,-20.0,0.0,-20.0,-20.0,0.0
39.40722155570984,0.08651249999999999,0.12052499999999998,-0.135515,66.35211181640625,0,9,20.0,0.0,0.0,-20.0,0.0,-20.0,-20.0,0.0
39.5052216053009,0.08383749999999998,0.11925,-0.131325,66.35211181640625,0,9,20.0,0.0,0.0,-20.0,0.0,-20.0,-20.0,0.0
39.57675123214722,0.0816125,0.11813749999999999,-0.12784,66.35211181640625,0,10,20.0,0.0,0.0,-20.0,0.0,-20.0,-20.0,0.0
39.64877223968506,0.080075,0.117375,-0.12543,66.35211181640625,0,10,20.0,0.0,0.0,-20.0,0.0,-20.0,-20.0,0.0
39.72275924682617,0.07846249999999998,0.11657499999999998,-0.122905,66.35211181640625,0,10,20.0,0.0,0.0,-20.0,0.0,-20.0,-20.0,0.0
39.7957489490509,0.07680000000000001,0.11575,-0.12029499999999999,66.35211181640625,0,10,20.0,0.0,0.0,-20.0,0.0,-20.0,-20.0,0.0
39.872753858566284,0.0751875,0.11494999999999998,-0.11776499999999998,66.35211181640625,0,10,20.0,0.0,0.0,-20.0,0.0,-20.0,-20.0,0.0
39.97128105163574,0.0735,0.11405000000000001,-0.115125,66.35211181640625,0,9,20.0,0.0,0.0,-20.0,0.0,-20.0,-20.0,0.0
40.04281187057495,0.07128750000000002,0.1128625,-0.11166999999999999,66.35211181640625,0,10,20.0,0.0,0.0,-20.0,0.0,-20.0,-20.0,0.0
40.11680626869202,0.06969999999999998,0.112,-0.10916999999999999,66.35211181640625,0,10,20.0,0.0,0.0,-20.0,0.0,-20.0,-20.0,0.0
40.19093155860901,0.06803750000000003,0.11111250000000002,-0.10657499999999999,66.35211181640625,0,10,20.0,0.0,0.0,-20.0,0.0,-20.0,-20.0,0.0
40.26594161987305,0.06641250000000003,0.11023750000000002,-0.10403,66.35211181640625,0,10,20.0,0.0,0.0,-20.0,0.0,-20.0,-20.0,0.0
40.36592960357666,0.06471249999999998,0.10926249999999998,-0.10136500000000001,66.35211181640625,0,9,20.0,0.0,0.0,-20.0,0.0,-20.0,-20.0,0.0
40.435930013656616,0.06252499999999998,0.108,-0.09794,66.35211181640625,0,10,20.0,0.0,0.0,-20.0,0.0,-20.0,-20.0,0.0
40.57192945480347,0.06082499999999999,0.10701249999999998,-0.095285,66.35211181640625,0,9,20.0,0.0,0.0,-20.0,0.0,-20.0,-20.0,0.0
40.64594316482544,0.05788749999999999,0.10521249999999997,-0.09068000000000001,66.35211181640625,0,10,20.0,0.0,0.0,-20.0,0.0,-20.0,-20.0,0.0
40.74558997154236,0.05627499999999998,0.10422500000000003,-0.08814500000000002,66.35211181640625,0,9,20.0,0.0,0.0,-20.0,0.0,-20.0,-20.0,0.0
40.81512713432312,0.0540625,0.1028125,-0.084685,66.35211181640625,0,10,20.0,0.0,0.0,-20.0,0.0,-20.0,-20.0,0.0
40.89014458656311,0.052524999999999974,0.10182499999999998,-0.08227000000000001,66.35211181640625,0,10,20.0,0.0,0.0,-20.0,0.0,-20.0,-20.0,0.0
40.98912787437439,0.05086250000000001,0.10071249999999998,-0.07966,66.35211181640625,0,9,20.0,0.0,0.0,-20.0,0.0,-20.0,-20.0,0.0
41.063130617141724,0.04864999999999998,0.0991875,-0.07619999999999999,66.35211181640625,0,10,20.0,0.0,0.0,-20.0,0.0,-20.0,-20.0,0.0
41.13913536071777,0.04701249999999999,0.0980625,-0.07363499999999999,66.35211181640625,0,10,20.0,0.0,0.0,-20.0,0.0,-20.0,-20.0,0.0
41.2381317615509,0.045300000000000014,0.09686250000000002,-0.07097,66.35211181640625,0,9,20.0,0.0,0.0,-20.0,0.0,-20.0,-20.0,0.0
41.30714273452759,0.04311250000000001,0.09525,-0.06753,66.35211181640625,0,10,20.0,0.0,0.0,-20.0,0.0,-20.0,-20.0,0.0
41.40768527984619,0.04157499999999999,0.09408749999999998,-0.065125,66.35211181640625,0,9,20.0,0.0,0.0,-20.0,0.0,-20.0,-20.0,0.0
41.480690479278564,0.03936250000000001,0.09235000000000003,-0.06165,66.35211181640625,0,10,20.0,0.0,0.0,-20.0,0.0,-20.0,-20.0,0.0
41.58069896697998,0.03772500000000002,0.09103750000000002,-0.059095,66.35211181640625,0,9,20.0,0.0,0.0,-20.0,0.0,-20.0,-20.0,0.0
41.72168684005737,0.03532499999999999,0.0890625,-0.055345000000000026,66.35211181640625,0,9,20.0,0.0,0.0,-20.0,0.0,-20.0,-20.0,0.0
41.81969618797302,0.032337500000000005,0.0863125,-0.05064499999999998,66.35211181640625,0,9,20.0,0.0,0.0,-20.0,0.0,-20.0,-20.0,0.0
41.892696142196655,0.03017500000000001,0.08428750000000003,-0.047255,66.35211181640625,0,10,20.0,0.0,0.0,-20.0,0.0,-20.0,-20.0,0.0
41.967700242996216,0.0285625,0.08277499999999997,-0.04473000000000002,66.35211181640625,0,10,20.0,0.0,0.0,-20.0,0.0,-20.0,-20.0,0.0
42.06669616699219,0.026875,0.08117500000000001,-0.042089999999999975,66.35211181640625,0,9,20.0,0.0,0.0,-20.0,0.0,-20.0,-20.0,0.0
42.13870668411255,0.024650000000000005,0.07876249999999999,-0.03860500000000002,66.35211181640625,0,10,20.0,0.0,0.0,-20.0,0.0,-20.0,-20.0,0.0
42.2137017250061,0.023074999999999988,0.07705000000000001,-0.036139999999999985,66.35211181640625,0,10,20.0,0.0,0.0,-20.0,0.0,-20.0,-20.0,0.0
42.31368827819824,0.02142500000000001,0.07519999999999999,-0.03355500000000001,66.35211181640625,0,9,20.0,0.0,0.0,-20.0,0.0,-20.0,-20.0,0.0
42.41069316864014,0.019462500000000004,0.0728125,-0.0305,66.35211181640625,0,9,20.0,0.0,0.0,-20.0,0.0,-20.0,-20.0,0.0
42.510690450668335,0.018150000000000006,0.07108749999999998,-0.028435000000000002,66.35211181640625,0,9,20.0,0.0,0.0,-20.0,0.0,-20.0,-20.0,0.0
42.58268713951111,0.016837500000000005,0.0693125,-0.02636500000000001,66.35211181640625,0,10,20.0,0.0,0.0,-20.0,0.0,-20.0,-20.0,0.0
42.680700063705444,0.016162499999999993,0.06835000000000002,-0.0253125,66.35211181640625,0,9,20.0,0.0,0.0,-20.0,0.0,-20.0,-20.0,0.0
42.75668692588806,0.014912499999999993,0.06653750000000003,-0.023367500000000006,66.35211181640625,0,10,20.0,0.0,0.0,-20.0,0.0,-20.0,-20.0,0.0
42.907692432403564,0.013675000000000012,0.06461250000000002,-0.02141500000000002,66.35211181640625,0,9,20.0,0.0,0.0,-20.0,0.0,-20.0,-20.0,0.0
43.00568509101868,0.01223750000000001,0.06223750000000001,-0.019170000000000017,66.35211181640625,0,8,20.0,0.0,0.0,-20.0,0.0,-20.0,-20.0,0.0
43.10268712043762,0.011112500000000011,0.060212499999999974,-0.01739749999999998,66.35211181640625,0,7,20.0,0.0,0.0,-20.0,0.0,-20.0,-20.0,0.0
43.19968509674072,0.0101875,0.0585,-0.01594999999999999,66.35211181640625,0,8,20.0,0.0,0.0,-20.0,0.0,-20.0,-20.0,0.0
43.29868745803833,0.009387499999999988,0.056875,-0.014694999999999993,66.35211181640625,0,8,20.0,0.0,0.0,-20.0,0.0,-20.0,-20.0,0.0
43.39568495750427,0.008387499999999989,0.054787500000000024,-0.01313499999999999,66.35211181640625,0,7,20.0,0.0,0.0,-20.0,0.0,-20.0,-20.0,0.0
43.49468660354614,0.007599999999999994,0.052987500000000014,-0.01189749999999998,66.35211181640625,0,6,20.0,0.0,0.0,-20.0,0.0,-20.0,-20.0,0.0
43.59269618988037,0.00675,0.0509375,-0.010587499999999977,66.35211181640625,0,6,0.0,20.0,0.0,0.0,-20.0,-20.0,-20.0,0.0
43.68968462944031,0.006087500000000006,0.049162500000000026,-0.009537500000000023,66.35211181640625,0,4,0.0,20.0,0.0,0.0,-20.0,-20.0,-20.0,0.0
43.78879404067993,0.0055,0.047475000000000024,-0.00860250000000002,66.35211181640625,0,2,0.0,20.0,0.0,0.0,-20.0,-20.0,-20.0,0.0
43.88679361343384,0.004949999999999988,0.04585000000000002,-0.007754999999999995,66.35211181640625,0,1,0.0,20.0,0.0,0.0,-20.0,-20.0,-20.0,0.0
43.98733687400818,0.004699999999999989,0.04501249999999999,-0.007342499999999972,66.35211181640625,0,1,0.0,20.0,0.0,0.0,-20.0,-20.0,-20.0,0.0
44.08433485031128,0.0045500000000000115,0.0445625,-0.007132499999999993,66.35211181640625,0,1,0.0,20.0,0.0,0.0,-20.0,-20.0,-20.0,0.0
44.16433572769165,0.004337500000000005,0.043875,-0.0068075000000000045,66.35211181640625,0,1,0.0,20.0,0.0,0.0,-20.0,-20.0,-20.0,0.0
44.24634289741516,0.0041999999999999885,0.04336250000000001,-0.006577499999999986,66.35211181640625,0,1,0.0,20.0,0.0,0.0,-20.0,-20.0,-20.0,0.0
44.3263418674469,0.004037499999999994,0.04277499999999998,-0.006319999999999993,66.35211181640625,0,1,0.0,20.0,0.0,0.0,-20.0,-20.0,-20.0,0.0
44.407941818237305,0.003875,0.04221249999999998,-0.006072499999999991,66.35211181640625,0,1,0.0,20.0,0.0,0.0,-20.0,-20.0,-20.0,0.0
44.50157690048218,0.0037125000000000057,0.04161250000000001,-0.005819999999999994,66.35211181640625,0,1,0.0,20.0,0.0,0.0,-20.0,-20.0,-20.0,0.0
44.58168005943298,0.003537499999999994,0.040912500000000025,-0.0055299999999999724,66.35211181640625,0,1,0.0,20.0,0.0,0.0,-20.0,-20.0,-20.0,0.0
44.678242683410645,0.0034250000000000114,0.04042500000000001,-0.005339999999999975,66.35211181640625,0,1,0.0,20.0,0.0,0.0,-20.0,-20.0,-20.0,0.0
44.77324366569519,0.003237500000000011,0.03973750000000001,-0.005072499999999991,66.35211181640625,0,1,0.0,20.0,0.0,0.0,-20.0,-20.0,-20.0,0.0
44.85481309890747,0.0031125000000000115,0.0391875,-0.004875,66.35211181640625,0,1,0.0,20.0,0.0,0.0,-20.0,-20.0,-20.0,0.0
44.948808670043945,0.003,0.038712499999999976,-0.004702499999999986,66.35211181640625,0,1,0.0,20.0,0.0,0.0,-20.0,-20.0,-20.0,0.0
45.0608012676239,0.0028625000000000113,0.038087499999999976,-0.004480000000000018,66.35211181640625,0,0,0.0,20.0,0.0,0.0,-20.0,-20.0,-20.0,0.0
45.13880443572998,0.0027624999999999885,0.037625,-0.004317499999999996,66.35211181640625,0,1,0.0,20.0,0.0,0.0,-20.0,-20.0,-20.0,0.0
45.215335845947266,0.0026624999999999943,0.03716250000000002,-0.004167500000000018,66.35211181640625,0,1,0.0,20.0,0.0,0.0,-20.0,-20.0,-20.0,0.0
45.311405181884766,0.0025500000000000115,0.03667500000000001,-0.004002499999999997,66.35211181640625,0,1,0.0,20.0,0.0,0.0,-20.0,-20.0,-20.0,0.0
45.406400203704834,0.0024250000000000113,0.03603750000000002,-0.003810000000000002,66.35211181640625,0,0,0.0,20.0,0.0,0.0,-20.0,-20.0,-20.0,0.0
45.489591121673584,0.0023249999999999885,0.03555000000000001,-0.003649999999999977,66.35211181640625,0,0,0.0,20.0,0.0,0.0,-20.0,-20.0,-20.0,0.0
45.583584785461426,0.002237500000000011,0.03508750000000001,-0.003517499999999984,66.35211181640625,0,1,0.0,20.0,0.0,0.0,-20.0,-20.0,-20.0,0.0
45.67917060852051,0.0021500000000000056,0.03457499999999999,-0.0033700000000000045,66.35211181640625,0,0,0.0,20.0,0.0,0.0,-20.0,-20.0,-20.0,0.0
45.777167081832886,0.0020625,0.03411250000000001,-0.003230000000000018,66.35211181640625,0,0,0.0,20.0,0.0,0.0,-20.0,-20.0,-20.0,0.0
45.85616850852966,0.001974999999999994,0.03363749999999999,-0.003100000000000023,66.35211181640625,0,0,0.0,20.0,0.0,0.0,-20.0,-20.0,-20.0,0.0
45.955713748931885,0.0019000000000000056,0.0331875,-0.002982500000000016,66.35211181640625,0,1,0.0,20.0,0.0,0.0,-20.0,-20.0,-20.0,0.0
46.05569934844971,0.0018249999999999885,0.032725,-0.0028600000000000136,66.35211181640625,0,0,0.0,20.0,0.0,0.0,-20.0,-20.0,-20.0,0.0
46.16693377494812,0.00175,0.032275000000000005,-0.00275,66.35211181640625,0,0,0.0,20.0,0.0,0.0,-20.0,-20.0,-20.0,0.0
46.24648571014404,0.0016750000000000113,0.031837500000000005,-0.0026399999999999865,66.35211181640625,0,0,0.0,20.0,0.0,0.0,-20.0,-20.0,-20.0,0.0
46.32949352264404,0.001625,0.031400000000000004,-0.002529999999999973,66.35211181640625,0,0,0.0,20.0,0.0,0.0,-20.0,-20.0,-20.0,0.0
46.41149067878723,0.0015500000000000114,0.030974999999999996,-0.002430000000000007,66.35211181640625,0,0,0.0,20.0,0.0,0.0,-20.0,-20.0,-20.0,0.0
46.50256633758545,0.0014875000000000114,0.03055000000000001,-0.002329999999999984,66.35211181640625,0,0,0.0,20.0,0.0,0.0,-20.0,-20.0,-20.0,0.0
46.58464813232422,0.0014250000000000113,0.030125,-0.002240000000000009,66.35211181640625,0,0,0.0,20.0,0.0,0.0,-20.0,-20.0,-20.0,0.0
46.66462779045105,0.001375,0.029712500000000006,-0.0021499999999999774,66.35211181640625,0,0,0.0,20.0,0.0,0.0,-20.0,-20.0,-20.0,0.0
46.74316167831421,0.0013249999999999887,0.0293125,-0.0020600000000000024,66.35211181640625,0,0,0.0,20.0,0.0,0.0,-20.0,-20.0,-20.0,0.0
46.82418966293335,0.0012624999999999887,0.028912499999999994,-0.001980000000000018,66.35211181640625,0,0,0.0,20.0,0.0,0.0,-20.0,-20.0,-20.0,0.0
46.90723633766174,0.0012125000000000057,0.02851249999999999,-0.0018999999999999772,66.35211181640625,0,0,0.0,20.0,0.0,0.0,-20.0,-20.0,-20.0,0.0
46.98485231399536,0.0011750000000000113,0.028125,-0.0018199999999999933,66.35211181640625,0,0,0.0,20.0,0.0,0.0,-20.0,-20.0,-20.0,0.0
47.080986738204956,0.001125,0.027724999999999993,-0.00175,66.35211181640625,0,0,0.0,20.0,0.0,0.0,-20.0,-20.0,-20.0,0.0
47.17950201034546,0.0010749999999999887,0.027349999999999996,-0.0016800000000000068,66.35211181640625,0,0,0.0,20.0,0.0,0.0,-20.0,-20.0,-20.0,0.0
47.28604698181152,0.0010250000000000057,0.026974999999999996,-0.0016100000000000135,66.35211181640625,0,0,0.0,20.0,0.0,0.0,-20.0,-20.0,-20.0,0.0
47.36467099189758,0.0009875000000000114,0.02661250000000001,-0.0015500000000000114,66.35211181640625,0,0,0.0,20.0,0.0,0.0,-20.0,-20.0,-20.0,0.0
47.4456741809845,0.0009499999999999886,0.02625,-0.0014900000000000091,66.35211181640625,0,0,0.0,20.0,0.0,0.0,-20.0,-20.0,-20.0,0.0
47.538679361343384,0.0009124999999999943,0.025887499999999987,-0.0014300000000000068,66.35211181640625,0,0,0.0,20.0,0.0,0.0,-20.0,-20.0,-20.0,0.0
47.62167191505432,0.000875,0.025525000000000006,-0.0013700000000000045,66.35211181640625,0,0,0.0,20.0,0.0,0.0,-20.0,-20.0,-20.0,0.0
47.71768617630005,0.0008375000000000057,0.02517500000000001,-0.0013199999999999933,66.35211181640625,0,0,0.0,20.0,0.0,0.0,-20.0,-20.0,-20.0,0.0
47.812713623046875,0.0008125,0.024837500000000005,-0.001259999999999991,66.35211181640625,0,0,0.0,20.0,0.0,0.0,-20.0,-20.0,-20.0,0.0
47.89371418952942,0.0007750000000000057,0.0245,-0.0012099999999999795,66.35211181640625,0,0,0.0,20.0,0.0,0.0,-20.0,-20.0,-20.0,0.0
47.98671507835388,0.0007375000000000114,0.024162499999999993,-0.001160000000000025,66.35211181640625,0,0,0.0,20.0,0.0,0.0,-20.0,-20.0,-20.0,0.0
48.08282470703125,0.0007125000000000057,0.02382499999999999,-0.0011200000000000045,66.35211181640625,0,0,0.0,20.0,0.0,0.0,-20.0,-20.0,-20.0,0.0
48.178818464279175,0.0006875,0.0235,-0.0010699999999999933,66.35211181640625,0,0,0.0,20.0,0.0,0.0,-20.0,-20.0,-20.0,0.0
48.29357385635376,0.0006624999999999944,0.02317500000000001,-0.0010299999999999728,66.35211181640625,0,0,0.0,20.0,0.0,0.0,-20.0,-20.0,-20.0,0.0
48.39609694480896,0.000625,0.02286250000000001,-0.000990000000000009,66.35211181640625,0,0,0.0,20.0,0.0,0.0,-20.0,-20.0,-20.0,0.0
48.47417235374451,0.0006125000000000114,0.02255000000000001,-0.0009499999999999886,66.35211181640625,0,0,0.0,20.0,0.0,0.0,-20.0,-20.0,-20.0,0.0
48.55618453025818,0.0005749999999999886,0.02223750000000001,-0.000910000000000025,66.35211181640625,0,0,0.0,20.0,0.0,0.0,-20.0,-20.0,-20.0,0.0
48.66575789451599,0.0005625,0.0219375,-0.0008799999999999955,66.35211181640625,0,0,0.0,20.0,0.0,0.0,-20.0,-20.0,-20.0,0.0
48.772319316864014,0.0005374999999999944,0.02163749999999999,-0.000839999999999975,66.35211181640625,0,0,0.0,20.0,0.0,0.0,-20.0,-20.0,-20.0,0.0
48.85383486747742,0.0005250000000000057,0.021337500000000006,-0.0008100000000000022,66.35211181640625,0,0,0.0,20.0,0.0,0.0,-20.0,-20.0,-20.0,0.0
48.93342161178589,0.00048750000000001136,0.02105000000000001,-0.0007699999999999819,66.35211181640625,0,0,0.0,20.0,0.0,0.0,-20.0,-20.0,-20.0,0.0
49.02842164039612,0.0004749999999999943,0.02076249999999999,-0.0007400000000000091,66.35211181640625,0,0,0.0,20.0,0.0,0.0,-20.0,-20.0,-20.0,0.0
49.1244215965271,0.00046250000000000566,0.020474999999999993,-0.0007099999999999795,66.35211181640625,0,0,0.0,20.0,0.0,0.0,-20.0,-20.0,-20.0,0.0
49.22242856025696,0.0004375,0.02019999999999999,-0.0006899999999999977,66.35211181640625,0,0,0.0,20.0,0.0,0.0,-20.0,-20.0,-20.0,0.0
49.31941843032837,0.00042500000000001136,0.019925000000000012,-0.000660000000000025,66.35211181640625,0,0,0.0,20.0,0.0,0.0,-20.0,-20.0,-20.0,0.0
49.39994406700134,0.0004000000000000057,0.019650000000000004,-0.0006299999999999955,66.35211181640625,0,0,0.0,20.0,0.0,0.0,-20.0,-20.0,-20.0,0.0
49.48253798484802,0.00038749999999998866,0.019375,-0.0006100000000000136,66.35211181640625,0,0,0.0,20.0,0.0,0.0,-20.0,-20.0,-20.0,0.0
49.56260800361633,0.000375,0.01911250000000001,-0.0005799999999999841,66.35211181640625,0,0,0.0,20.0,0.0,0.0,-20.0,-20.0,-20.0,0.0
49.64362645149231,0.00036250000000001136,0.018849999999999995,-0.0005600000000000022,66.35211181640625,0,0,0.0,20.0,0.0,0.0,-20.0,-20.0,-20.0,0.0
49.752702951431274,0.0003375000000000057,0.018587500000000007,-0.0005400000000000205,66.35211181640625,0,0,0.0,20.0,0.0,0.0,-20.0,-20.0,-20.0,0.0
49.84324049949646,0.00032499999999998866,0.018337500000000007,-0.0005099999999999909,66.35211181640625,0,0,0.0,20.0,0.0,0.0,-20.0,-20.0,-20.0,0.0
49.9232382774353,0.00032499999999998866,0.018087500000000006,-0.0004900000000000091,66.35211181640625,0,0,0.0,20.0,0.0,0.0,-20.0,-20.0,-20.0,0.0
50.01925492286682,0.00030000000000001136,0.017837500000000006,-0.0004700000000000273,66.35211181640625,0,0,0.0,20.0,0.0,0.0,-20.0,-20.0,-20.0,0.0
50.117244720458984,0.0002874999999999943,0.017587500000000006,-0.0004599999999999795,66.35211181640625,0,0,0.0,20.0,0.0,0.0,-20.0,-20.0,-20.0,0.0
50.19834041595459,0.0002750000000000057,0.017349999999999994,-0.00043999999999999774,66.35211181640625,0,0,0.0,20.0,0.0,0.0,-20.0,-20.0,-20.0,0.0
50.29385709762573,0.0002750000000000057,0.01711250000000001,-0.0004200000000000159,66.35211181640625,0,0,0.0,20.0,0.0,0.0,-20.0,-20.0,-20.0,0.0
50.39085292816162,0.00026249999999998865,0.016875,-0.00039999999999997725,66.35211181640625,0,0,0.0,20.0,0.0,0.0,-20.0,-20.0,-20.0,0.0
50.47111630439758,0.00025,0.016650000000000005,-0.00038999999999998633,66.35211181640625,0,0,0.0,20.0,0.0,0.0,-20.0,-20.0,-20.0,0.0
50.55202865600586,0.00023750000000001136,0.016425000000000013,-0.00037000000000000455,66.35211181640625,0,0,0.0,20.0,0.0,0.0,-20.0,-20.0,-20.0,0.0
50.631553411483765,0.00022499999999999433,0.01619999999999999,-0.00036000000000001363,66.35211181640625,0,0,0.0,20.0,0.0,0.0,-20.0,-20.0,-20.0,0.0
50.71421194076538,0.00022499999999999433,0.015974999999999993,-0.000339999999999975,66.35211181640625,0,0,0.0,20.0,0.0,0.0,-20.0,-20.0,-20.0,0.0
50.82417321205139,0.00021250000000000568,0.01576249999999999,-0.00032999999999998406,66.35211181640625,0,0,0.0,20.0,0.0,0.0,-20.0,-20.0,-20.0,0.0
50.91723871231079,0.00019999999999998863,0.015537499999999994,-0.0003199999999999932,66.35211181640625,0,0,0.0,20.0,0.0,0.0,-20.0,-20.0,-20.0,0.0
50.99723815917969,0.0001875,0.015324999999999988,-0.00030000000000001136,66.35211181640625,0,0,0.0,20.0,0.0,0.0,-20.0,-20.0,-20.0,0.0
51.07586669921875,0.0001875,0.015125,-0.00029000000000002044,66.35211181640625,0,0,0.0,20.0,0.0,0.0,-20.0,-20.0,-20.0,0.0
51.1578528881073,0.00017500000000001136,0.014912499999999993,-0.0002799999999999727,66.35211181640625,0,0,0.0,20.0,0.0,0.0,-20.0,-20.0,-20.0,0.0
51.25585174560547,0.00017500000000001136,0.014712500000000005,-0.0002699999999999818,66.35211181640625,0,0,0.0,20.0,0.0,0.0,-20.0,-20.0,-20.0,0.0
51.33585262298584,0.00016249999999999433,0.0145,-0.0002599999999999909,66.35211181640625,0,0,0.0,20.0,0.0,0.0,-20.0,-20.0,-20.0,0.0
51.41585731506348,0.00016249999999999433,0.0143125,-0.00025,66.35211181640625,0,0,0.0,20.0,0.0,0.0,-20.0,-20.0,-20.0,0.0
51.51185727119446,0.00015000000000000568,0.014112500000000012,-0.00024000000000000909,66.35211181640625,0,0,0.0,20.0,0.0,0.0,-20.0,-20.0,-20.0,0.0
51.59184980392456,0.00015000000000000568,0.013925000000000012,-0.0002300000000000182,66.35211181640625,0,0,0.0,20.0,0.0,0.0,-20.0,-20.0,-20.0,0.0
51.688854932785034,0.00013749999999998862,0.013724999999999994,-0.00022000000000002728,66.35211181640625,0,0,0.0,20.0,0.0,0.0,-20.0,-20.0,-20.0,0.0
51.78384804725647,0.000125,0.013537499999999994,-0.00020999999999997954,66.35211181640625,0,0,0.0,20.0,0.0,0.0,-20.0,-20.0,-20.0,0.0
51.879860162734985,0.000125,0.013349999999999994,-0.00019999999999998863,66.35211181640625,0,0,0.0,20.0,0.0,0.0,-20.0,-20.0,-20.0,0.0
51.98488807678223,0.000125,0.013175000000000011,-0.00018999999999999773,66.35211181640625,0,0,0.0,20.0,0.0,0.0,-20.0,-20.0,-20.0,0.0
52.06784987449646,0.000125,0.012987500000000011,-0.00018999999999999773,66.35211181640625,0,0,0.0,20.0,0.0,0.0,-20.0,-20.0,-20.0,0.0
52.16486048698425,0.00011250000000001137,0.0128125,-0.00018000000000000681,66.35211181640625,0,0,0.0,20.0,0.0,0.0,-20.0,-20.0,-20.0,0.0
52.243850231170654,0.00011250000000001137,0.012637499999999989,-0.00017000000000001592,66.35211181640625,0,0,0.0,20.0,0.0,0.0,-20.0,-20.0,-20.0,0.0
52.32342028617859,9.999999999999431e-05,0.012462500000000005,-0.000160000000000025,66.35211181640625,0,0,0.0,20.0,0.0,0.0,-20.0,-20.0,-20.0,0.0
52.40241241455078,9.999999999999431e-05,0.012287499999999995,-0.000160000000000025,66.35211181640625,0,0,0.0,20.0,0.0,0.0,-20.0,-20.0,-20.0,0.0
52.4825005531311,9.999999999999431e-05,0.012125,-0.00014999999999997727,66.35211181640625,0,0,0.0,20.0,0.0,0.0,-20.0,-20.0,-20.0,0.0
52.580057859420776,8.750000000000568e-05,0.011962500000000006,-0.00014999999999997727,66.35211181640625,0,0,0.0,20.0,0.0,0.0,-20.0,-20.0,-20.0,0.0
52.66005063056946,8.750000000000568e-05,0.011787499999999994,-0.00013999999999998635,66.35211181640625,0,0,0.0,20.0,0.0,0.0,-20.0,-20.0,-20.0,0.0
52.74258065223694,8.750000000000568e-05,0.011625,-0.00012999999999999546,66.35211181640625,0,0,0.0,20.0,0.0,0.0,-20.0,-20.0,-20.0,0.0
52.82057738304138,7.499999999998864e-05,0.011474999999999994,-0.00012999999999999546,66.35211181640625,0,0,0.0,20.0,0.0,0.0,-20.0,-20.0,-20.0,0.0
52.91758751869202,7.499999999998864e-05,0.011324999999999988,-0.00012000000000000454,66.35211181640625,0,0,0.0,20.0,0.0,0.0,-20.0,-20.0,-20.0,0.0
53.0115761756897,7.499999999998864e-05,0.011162499999999994,-0.00012000000000000454,66.35211181640625,0,0,0.0,20.0,0.0,0.0,-20.0,-20.0,-20.0,0.0
53.10257267951965,7.499999999998864e-05,0.01101249999999999,-0.00011000000000001364,66.35211181640625,0,0,0.0,20.0,0.0,0.0,-20.0,-20.0,-20.0,0.0
53.19923710823059,7.499999999998864e-05,0.010862500000000011,-0.00011000000000001364,66.35211181640625,0,0,0.0,20.0,0.0,0.0,-20.0,-20.0,-20.0,0.0
53.29377365112305,7.499999999998864e-05,0.010712500000000005,-0.00010000000000002273,66.35211181640625,0,0,0.0,20.0,0.0,0.0,-20.0,-20.0,-20.0,0.0
53.388330936431885,6.25e-05,0.0105625,-0.00010000000000002273,66.35211181640625,0,0,0.0,20.0,0.0,0.0,-20.0,-20.0,-20.0,0.0
53.467331886291504,6.25e-05,0.01042500000000001,-0.00010000000000002273,66.35211181640625,0,0,0.0,20.0,0.0,0.0,-20.0,-20.0,-20.0,0.0
53.56284523010254,6.25e-05,0.010275000000000006,-8.999999999997499e-05,66.35211181640625,0,0,0.0,20.0,0.0,0.0,-20.0,-20.0,-20.0,0.0
53.64485239982605,6.25e-05,0.010125,-8.999999999997499e-05,66.35211181640625,0,0,0.0,20.0,0.0,0.0,-20.0,-20.0,-20.0,0.0
53.740846395492554,5.0000000000011366e-05,0.009987500000000012,-8.999999999997499e-05,66.35211181640625,0,0,0.0,20.0,0.0,0.0,-20.0,-20.0,-20.0,0.0
53.838847398757935,5.0000000000011366e-05,0.009862500000000012,-7.999999999998408e-05,66.35211181640625,0,0,0.0,20.0,0.0,0.0,-20.0,-20.0,-20.0,0.0
53.9323787689209,5.0000000000011366e-05,0.009724999999999994,-7.999999999998408e-05,66.35211181640625,0,0,0.0,20.0,0.0,0.0,-20.0,-20.0,-20.0,0.0
54.015982151031494,5.0000000000011366e-05,0.009587500000000006,-7.999999999998408e-05,66.35211181640625,0,0,0.0,20.0,0.0,0.0,-20.0,-20.0,-20.0,0.0
54.197988986968994,5.0000000000011366e-05,0.009462500000000006,-6.999999999999318e-05,68.46749305725098,0,0,0.0,18.523188,1.4768124,0.0,-20.0,-20.0,-20.0,0.0
54.34209442138672,3.749999999999432e-05,0.009324999999999988,-6.999999999999318e-05,73.6412525177002,0,0,0.0,14.911221,5.0887794,0.0,-20.0,-20.0,-20.0,0.0
54.489100217819214,3.749999999999432e-05,0.00919999999999999,-6.999999999999318e-05,77.90360069274902,0,0,0.0,11.935539,8.064461,0.0,-20.0,-20.0,-20.0,0.0
54.645607471466064,3.749999999999432e-05,0.00907499999999999,-6.000000000000227e-05,82.45007801055908,0,0,0.0,8.7614975,11.2385025,0.0,-20.0,-20.0,-20.0,0.0
54.80615210533142,3.749999999999432e-05,0.00894999999999999,-6.000000000000227e-05,86.72529125213623,0,0,0.0,5.7768373,14.223163,0.0,-20.0,-20.0,-20.0,0.0
54.95215153694153,3.749999999999432e-05,0.008824999999999989,-6.000000000000227e-05,91.00731062889099,0,0,0.0,2.7874222,17.212578,0.0,-20.0,-20.0,-20.0,0.0
55.09123420715332,3.749999999999432e-05,0.008712500000000005,-6.000000000000227e-05,94.86748750507832,0,0,0.0,0.09251128,19.907488,0.0,-20.0,-20.0,-20.0,0.0
55.2349956035614,2.5000000000005683e-05,0.008587500000000005,-5.0000000000011366e-05,95.0,0,0,0.0,0.0,20.0,0.0,-20.0,-20.0,-20.0,0.0
55.314000606536865,2.5000000000005683e-05,0.008474999999999995,-5.0000000000011366e-05,95.0,0,0,0.0,0.0,20.0,0.0,-20.0,-20.0,-20.0,0.0
55.39600229263306,2.5000000000005683e-05,0.008349999999999995,-5.0000000000011366e-05,95.0,0,0,0.0,0.0,20.0,0.0,-20.0,-20.0,-20.0,0.0
55.5059974193573,2.5000000000005683e-05,0.008237500000000012,-5.0000000000011366e-05,95.0,0,0,0.0,0.0,20.0,0.0,-20.0,-20.0,-20.0,0.0
55.5900936126709,2.5000000000005683e-05,0.008125,-5.0000000000011366e-05,95.0,0,0,0.0,0.0,20.0,0.0,-20.0,-20.0,-20.0,0.0
55.68310618400574,2.5000000000005683e-05,0.008025000000000006,-4.000000000002046e-05,95.0,0,0,0.0,0.0,20.0,0.0,-20.0,-20.0,-20.0,0.0
55.761637449264526,2.5000000000005683e-05,0.007912499999999994,-4.000000000002046e-05,95.0,0,0,0.0,0.0,20.0,0.0,-20.0,-20.0,-20.0,0.0
55.85764288902283,2.5000000000005683e-05,0.007800000000000012,-4.000000000002046e-05,95.0,0,0,0.0,0.0,20.0,0.0,-20.0,-20.0,-20.0,0.0
55.95415019989014,2.5000000000005683e-05,0.0076875,-4.000000000002046e-05,95.0,0,0,0.0,0.0,20.0,0.0,-20.0,-20.0,-20.0,0.0
56.05134081840515,2.5000000000005683e-05,0.007574999999999989,-4.000000000002046e-05,95.0,0,0,0.0,0.0,20.0,0.0,-20.0,-20.0,-20.0,0.0
56.14633822441101,2.5000000000005683e-05,0.007474999999999995,-4.000000000002046e-05,95.0,0,0,0.0,0.0,20.0,0.0,-20.0,-20.0,-20.0,0.0
56.225433349609375,2.5000000000005683e-05,0.007375,-2.9999999999972716e-05,95.0,0,0,0.0,0.0,20.0,0.0,-20.0,-20.0,-20.0,0.0
56.32243800163269,2.5000000000005683e-05,0.007275000000000005,-2.9999999999972716e-05,95.0,0,0,0.0,0.0,20.0,0.0,-20.0,-20.0,-20.0,0.0
56.42246985435486,2.5000000000005683e-05,0.007175000000000011,-2.9999999999972716e-05,95.0,0,0,0.0,0.0,20.0,0.0,-20.0,-20.0,-20.0,0.0
56.52443289756775,2.5000000000005683e-05,0.007074999999999988,-2.9999999999972716e-05,95.0,0,0,0.0,0.0,20.0,0.0,-20.0,-20.0,-20.0,0.0
56.61601400375366,2.5000000000005683e-05,0.006974999999999994,-2.9999999999972716e-05,95.0,0,0,0.0,0.0,20.0,0.0,-20.0,-20.0,-20.0,0.0
56.69567012786865,2.5000000000005683e-05,0.006887499999999988,-2.9999999999972716e-05,95.0,0,0,0.0,0.0,20.0,0.0,-20.0,-20.0,-20.0,0.0
56.77764701843262,2.5000000000005683e-05,0.006787499999999994,-2.9999999999972716e-05,95.0,0,0,0.0,0.0,20.0,0.0,-20.0,-20.0,-20.0,0.0
56.857192039489746,2.5000000000005683e-05,0.006699999999999989,-2.9999999999972716e-05,95.0,0,0,0.0,0.0,20.0,0.0,-20.0,-20.0,-20.0,0.0
56.938193559646606,2.5000000000005683e-05,0.006612500000000012,-2.9999999999972716e-05,95.0,0,0,0.0,0.0,20.0,0.0,-20.0,-20.0,-20.0,0.0
57.01970839500427,2.5000000000005683e-05,0.006525000000000006,-1.999999999998181e-05,95.0,0,0,0.0,0.0,20.0,0.0,-20.0,-20.0,-20.0,0.0
57.114729166030884,1.2499999999988632e-05,0.006425000000000011,-1.999999999998181e-05,95.0,0,0,0.0,0.0,20.0,0.0,-20.0,-20.0,-20.0,0.0
57.211708068847656,1.2499999999988632e-05,0.0063375000000000055,-1.999999999998181e-05,95.0,0,0,0.0,0.0,20.0,0.0,-20.0,-20.0,-20.0,0.0
57.29228091239929,1.2499999999988632e-05,0.00625,-1.999999999998181e-05,95.0,0,0,0.0,0.0,20.0,0.0,-20.0,-20.0,-20.0,0.0
57.3732852935791,1.2499999999988632e-05,0.006175000000000011,-1.999999999998181e-05,95.0,0,0,0.0,0.0,20.0,0.0,-20.0,-20.0,-20.0,0.0
57.453280210494995,1.2499999999988632e-05,0.006074999999999988,-1.999999999998181e-05,95.0,0,0,0.0,0.0,20.0,0.0,-20.0,-20.0,-20.0,0.0
57.532283544540405,1.2499999999988632e-05,0.006,-1.999999999998181e-05,95.0,0,0,0.0,0.0,20.0,0.0,-20.0,-20.0,-20.0,0.0
57.64779353141785,1.2499999999988632e-05,0.005925000000000011,-1.999999999998181e-05,95.0,0,0,0.0,0.0,20.0,0.0,-20.0,-20.0,-20.0,0.0
57.735817193984985,1.2499999999988632e-05,0.005837500000000006,-1.999999999998181e-05,95.0,0,0,0.0,0.0,20.0,0.0,-20.0,-20.0,-20.0,0.0
57.81698417663574,1.2499999999988632e-05,0.005762499999999989,-1.999999999998181e-05,95.0,0,0,0.0,0.0,20.0,0.0,-20.0,-20.0,-20.0,0.0
57.91049313545227,1.2499999999988632e-05,0.005675000000000012,-1.999999999998181e-05,95.0,0,0,0.0,0.0,20.0,0.0,-20.0,-20.0,-20.0,0.0
57.99304819107056,1.2499999999988632e-05,0.005599999999999995,-1.999999999998181e-05,95.0,0,0,0.0,0.0,20.0,0.0,-20.0,-20.0,-20.0,0.0
58.07704710960388,1.2499999999988632e-05,0.005525000000000006,-9.999999999990905e-06,95.0,0,0,0.0,0.0,20.0,0.0,-20.0,-20.0,-20.0,0.0
58.15814280509949,1.2499999999988632e-05,0.005449999999999989,-9.999999999990905e-06,95.0,0,0,0.0,0.0,20.0,0.0,-20.0,-20.0,-20.0,0.0
58.26018524169922,1.2499999999988632e-05,0.005375,-9.999999999990905e-06,95.0,0,0,0.0,0.0,20.0,0.0,-20.0,-20.0,-20.0,0.0
58.340142488479614,1.2499999999988632e-05,0.005300000000000011,-9.999999999990905e-06,95.0,0,0,0.0,0.0,20.0,0.0,-20.0,-20.0,-20.0,0.0
58.424148082733154,1.2499999999988632e-05,0.005224999999999994,-9.999999999990905e-06,95.0,0,0,0.0,0.0,20.0,0.0,-20.0,-20.0,-20.0,0.0
58.51914167404175,1.2499999999988632e-05,0.005224999999999994,-9.999999999990905e-06,95.0,0,0,0.0,0.0,20.0,0.0,-20.0,-20.0,-20.0,0.0
58.59868621826172,1.2499999999988632e-05,0.005074999999999988,-9.999999999990905e-06,95.0,0,0,0.0,0.0,20.0,0.0,-20.0,-20.0,-20.0,0.0
58.703672885894775,1.2499999999988632e-05,0.005074999999999988,-9.999999999990905e-06,95.0,0,0,0.0,0.0,20.0,0.0,-20.0,-20.0,-20.0,0.0
58.81467533111572,1.2499999999988632e-05,0.004949999999999988,-9.999999999990905e-06,95.0,0,0,0.0,0.0,20.0,0.0,-20.0,-20.0,-20.0,0.0
58.912211179733276,1.2499999999988632e-05,0.004875,-9.999999999990905e-06,95.0,0,0,0.0,0.0,20.0,0.0,-20.0,-20.0,-20.0,0.0
58.99121046066284,1.2499999999988632e-05,0.004875,-9.999999999990905e-06,95.0,0,0,0.0,0.0,20.0,0.0,-20.0,-20.0,-20.0,0.0
59.0732147693634,1.2499999999988632e-05,0.00475,-9.999999999990905e-06,95.0,0,0,0.0,0.0,20.0,0.0,-20.0,-20.0,-20.0,0.0
59.154212951660156,1.2499999999988632e-05,0.004675000000000012,-9.999999999990905e-06,95.0,0,0,0.0,0.0,20.0,0.0,-20.0,-20.0,-20.0,0.0
59.23576021194458,1.2499999999988632e-05,0.004675000000000012,-9.999999999990905e-06,95.0,0,0,0.0,0.0,20.0,0.0,-20.0,-20.0,-20.0,0.0
59.321741580963135,1.2499999999988632e-05,0.0045500000000000115,-9.999999999990905e-06,95.0,0,0,0.0,0.0,20.0,0.0,-20.0,-20.0,-20.0,0.0
59.395323038101196,1.2499999999988632e-05,0.0045500000000000115,-9.999999999990905e-06,95.0,0,0,0.0,0.0,20.0,0.0,-20.0,-20.0,-20.0,0.0
59.47684597969055,1.2499999999988632e-05,0.004425000000000011,-9.999999999990905e-06,95.0,0,0,0.0,0.0,20.0,0.0,-20.0,-20.0,-20.0,0.0
59.55639958381653,1.2499999999988632e-05,0.004425000000000011,-9.999999999990905e-06,95.0,0,0,0.0,0.0,20.0,0.0,-20.0,-20.0,-20.0,0.0
59.65191984176636,0.0,0.0043125,-9.999999999990905e-06,95.0,0,0,0.0,0.0,20.0,0.0,-20.0,-20.0,-20.0,0.0
59.751081466674805,0.0,0.0043125,-9.999999999990905e-06,95.0,0,0,0.0,0.0,20.0,0.0,-20.0,-20.0,-20.0,0.0
59.863637924194336,0.0,0.0041875,-9.999999999990905e-06,95.0,0,0,0.0,0.0,20.0,0.0,-20.0,-20.0,-20.0,0.0
59.945700883865356,0.0,0.0041875,-9.999999999990905e-06,95.0,0,0,0.0,0.0,20.0,0.0,-20.0,-20.0,-20.0,0.0
60.0267174243927,0.0,0.004074999999999988,-9.999999999990905e-06,95.0,0,0,0.0,0.0,20.0,0.0,-20.0,-20.0,-20.0,0.0
60.107704401016235,0.0,0.004074999999999988,-9.999999999990905e-06,95.0,0,0,0.0,0.0,20.0,0.0,-20.0,-20.0,-20.0,0.0
60.20572543144226,0.0,0.003974999999999994,-9.999999999990905e-06,95.0,0,0,0.0,0.0,20.0,0.0,-20.0,-20.0,-20.0,0.0
60.28670573234558,0.0,0.003974999999999994,-9.999999999990905e-06,95.0,0,0,0.0,0.0,20.0,0.0,-20.0,-20.0,-20.0,0.0
60.36770963668823,0.0,0.0038625000000000113,-9.999999999990905e-06,95.0,0,0,0.0,0.0,20.0,0.0,-20.0,-20.0,-20.0,0.0
60.44971179962158,0.0,0.0038625000000000113,-9.999999999990905e-06,95.0,0,0,0.0,0.0,20.0,0.0,-20.0,-20.0,-20.0,0.0
60.52870416641235,0.0,0.00375,0.0,95.0,0,0,0.0,0.0,20.0,0.0,-20.0,-20.0,-20.0,0.0
60.62674951553345,0.0,0.00375,0.0,95.0,0,0,0.0,0.0,20.0,0.0,-20.0,-20.0,-20.0,0.0
60.70569968223572,0.0,0.0036500000000000057,0.0,95.0,0,0,0.0,0.0,20.0,0.0,-20.0,-20.0,-20.0,0.0
60.80070376396179,0.0,0.0036500000000000057,0.0,95.0,0,0,0.0,0.0,20.0,0.0,-20.0,-20.0,-20.0,0.0
60.90372061729431,0.0,0.0035500000000000115,0.0,95.0,0,0,0.0,0.0,20.0,0.0,-20.0,-20.0,-20.0,0.0
60.98470449447632,0.0,0.0035500000000000115,0.0,95.0,0,0,0.0,0.0,20.0,0.0,-20.0,-20.0,-20.0,0.0
61.06470227241516,0.0,0.0034625000000000055,0.0,95.0,0,0,0.0,0.0,20.0,0.0,-20.0,-20.0,-20.0,0.0
61.14370322227478,0.0,0.0034625000000000055,0.0,95.0,0,0,0.0,0.0,20.0,0.0,-20.0,-20.0,-20.0,0.0
61.243826389312744,0.0,0.0033625000000000113,0.0,95.0,0,0,0.0,0.0,20.0,0.0,-20.0,-20.0,-20.0,0.0
61.319820165634155,0.0,0.0033625000000000113,0.0,95.0,0,0,0.0,0.0,20.0,0.0,-20.0,-20.0,-20.0,0.0
61.40083384513855,0.0,0.0032750000000000058,0.0,95.0,0,0,0.0,0.0,20.0,0.0,-20.0,-20.0,-20.0,0.0
61.48082113265991,0.0,0.0032750000000000058,0.0,95.0,0,0,0.0,0.0,20.0,0.0,-20.0,-20.0,-20.0,0.0
61.559831619262695,0.0,0.0031750000000000116,0.0,95.0,0,0,0.0,0.0,20.0,0.0,-20.0,-20.0,-20.0,0.0
61.66083288192749,0.0,0.0031750000000000116,0.0,95.0,0,0,0.0,0.0,20.0,0.0,-20.0,-20.0,-20.0,0.0
61.73682427406311,0.0,0.0030875000000000056,0.0,95.0,0,0,0.0,0.0,20.0,0.0,-20.0,-20.0,-20.0,0.0
61.81635236740112,0.0,0.0030875000000000056,0.0,95.0,0,0,0.0,0.0,20.0,0.0,-20.0,-20.0,-20.0,0.0
61.89687776565552,0.0,0.0030124999999999887,0.0,95.0,0,0,0.0,0.0,20.0,0.0,-20.0,-20.0,-20.0,0.0
62.01240396499634,0.0,0.0030124999999999887,0.0,95.0,0,0,0.0,0.0,20.0,0.0,-20.0,-20.0,-20.0,0.0
62.09394931793213,0.0,0.0029250000000000114,0.0,95.0,0,0,0.0,0.0,20.0,0.0,-20.0,-20.0,-20.0,0.0
62.173954486846924,0.0,0.0029250000000000114,0.0,95.0,0,0,0.0,0.0,20.0,0.0,-20.0,-20.0,-20.0,0.0
62.27497601509094,0.0,0.0028499999999999945,0.0,95.0,0,0,0.0,0.0,20.0,0.0,-20.0,-20.0,-20.0,0.0
62.34995174407959,0.0,0.0028499999999999945,0.0,95.0,0,0,0.0,0.0,20.0,0.0,-20.0,-20.0,-20.0,0.0
62.430054903030396,0.0,0.0027750000000000058,0.0,95.0,0,0,0.0,0.0,20.0,0.0,-20.0,-20.0,-20.0,0.0