Current Date: Wed 14 Sep 2022 21:45:23
Object Position (x,y,z)(m): 0,0,-0.305
Target Position (x,y,z)(m): 0.15,0.15,-0.31
Time,x (m),y (m),z (m),grasp angle (deg),force,Buffer Length,Move to Pre Grasp,Move to grasp,grasp,lift after grasp,move to pre release,move to release,release,lift after release
0.1609811782836914,0.0,0.0,0.0,66.35211181640625,0,0,20.0,0.0,0.0,-20.0,0.0,-20.0,-20.0,0.0
0.2599818706512451,0.0,0.0,-0.0008199999999999932,66.35211181640625,0,1,20.0,0.0,0.0,-20.0,0.0,-20.0,-20.0,0.0
0.40499377250671387,0.0,0.0,-0.0030699999999999933,66.35211181640625,0,2,20.0,0.0,0.0,-20.0,0.0,-20.0,-20.0,0.0
0.5139813423156738,0.0,0.0,-0.007120000000000005,66.35211181640625,0,3,20.0,0.0,0.0,-20.0,0.0,-20.0,-20.0,0.0
0.6109805107116699,0.0,0.0,-0.009822499999999991,66.35211181640625,0,4,20.0,0.0,0.0,-20.0,0.0,-20.0,-20.0,0.0
0.7099957466125488,0.0,0.0,-0.011462499999999978,66.35211181640625,0,5,20.0,0.0,0.0,-20.0,0.0,-20.0,-20.0,0.0
0.8049986362457275,0.0,0.0,-0.0121875,66.35211181640625,0,6,20.0,0.0,0.0,-20.0,0.0,-20.0,-20.0,0.0
0.9039864540100098,0.0,0.0,-0.012689999999999998,66.35211181640625,0,6,20.0,0.0,0.0,-20.0,0.0,-20.0,-20.0,0.0
1.0019772052764893,0.0,0.0,-0.014160000000000025,66.35211181640625,0,7,20.0,0.0,0.0,-20.0,0.0,-20.0,-20.0,0.0
1.1009774208068848,0.0,0.0,-0.01660500000000002,66.35211181640625,0,8,20.0,0.0,0.0,-20.0,0.0,-20.0,-20.0,0.0
1.2009766101837158,0.0,0.0,-0.019894999999999982,66.35211181640625,0,9,20.0,0.0,0.0,-20.0,0.0,-20.0,-20.0,0.0
1.2749760150909424,0.0,0.0,-0.023339999999999975,66.35211181640625,0,10,20.0,0.0,0.0,-20.0,0.0,-20.0,-20.0,0.0
1.3739817142486572,0.0,0.0,-0.02595999999999998,66.35211181640625,0,9,20.0,0.0,0.0,-20.0,0.0,-20.0,-20.0,0.0
1.4609777927398682,0.0,0.0,-0.029399999999999978,66.35211181640625,0,10,20.0,0.0,0.0,-20.0,0.0,-20.0,-20.0,0.0
1.5789787769317627,0.0,0.0,-0.032725000000000025,66.35211181640625,0,10,20.0,0.0,0.0,-20.0,0.0,-20.0,-20.0,0.0
1.674978256225586,0.0,0.0,-0.03655000000000001,66.35211181640625,0,9,20.0,0.0,0.0,-20.0,0.0,-20.0,-20.0,0.0
1.751009225845337,0.0,0.0,-0.03992500000000001,66.35211181640625,0,10,20.0,0.0,0.0,-20.0,0.0,-20.0,-20.0,0.0
1.8269908428192139,0.0,0.0,-0.042579999999999986,66.35211181640625,0,10,20.0,0.0,0.0,-20.0,0.0,-20.0,-20.0,0.0
1.8979809284210205,0.0,0.0,-0.045185,66.35211181640625,0,10,20.0,0.0,0.0,-20.0,0.0,-20.0,-20.0,0.0
1.9979798793792725,0.0,0.0,-0.047654999999999975,66.35211181640625,0,9,20.0,0.0,0.0,-20.0,0.0,-20.0,-20.0,0.0
2.069976568222046,0.0,0.0,-0.051160000000000025,66.35211181640625,0,10,20.0,0.0,0.0,-20.0,0.0,-20.0,-20.0,0.0
2.144988536834717,0.0,0.0,-0.05366000000000003,66.35211181640625,0,10,20.0,0.0,0.0,-20.0,0.0,-20.0,-20.0,0.0
2.2209761142730713,0.0,0.0,-0.05629500000000002,66.35211181640625,0,10,20.0,0.0,0.0,-20.0,0.0,-20.0,-20.0,0.0
2.318979024887085,0.0,0.0,-0.05894999999999999,66.35211181640625,0,9,20.0,0.0,0.0,-20.0,0.0,-20.0,-20.0,0.0
2.390986680984497,0.0,0.0,-0.062340000000000007,66.35211181640625,0,10,20.0,0.0,0.0,-20.0,0.0,-20.0,-20.0,0.0
2.4689807891845703,0.0,0.0,-0.06491499999999999,66.35211181640625,0,10,20.0,0.0,0.0,-20.0,0.0,-20.0,-20.0,0.0
2.5700345039367676,0.0,0.0,-0.06759,66.35211181640625,0,9,20.0,0.0,0.0,-20.0,0.0,-20.0,-20.0,0.0
2.661036252975464,0.0,0.0,-0.071155,66.35211181640625,0,10,20.0,0.0,0.0,-20.0,0.0,-20.0,-20.0,0.0
2.7410383224487305,0.0,0.0,-0.074435,66.35211181640625,0,10,20.0,0.0,0.0,-20.0,0.0,-20.0,-20.0,0.0
2.8400347232818604,0.0,0.0,-0.07706,66.35211181640625,0,9,20.0,0.0,0.0,-20.0,0.0,-20.0,-20.0,0.0
2.9160373210906982,0.0,0.0,-0.0805,66.35211181640625,0,10,20.0,0.0,0.0,-20.0,0.0,-20.0,-20.0,0.0
2.988030195236206,0.0,0.0,-0.08318,66.35211181640625,0,10,20.0,0.0,0.0,-20.0,0.0,-20.0,-20.0,0.0
3.090031862258911,0.0,0.0,-0.085695,66.35211181640625,0,9,20.0,0.0,0.0,-20.0,0.0,-20.0,-20.0,0.0
3.1600441932678223,0.0,0.0,-0.089225,66.35211181640625,0,10,20.0,0.0,0.0,-20.0,0.0,-20.0,-20.0,0.0
3.236104965209961,0.0,0.0,-0.09166999999999999,66.35211181640625,0,10,20.0,0.0,0.0,-20.0,0.0,-20.0,-20.0,0.0
3.3361148834228516,0.0,0.0,-0.09431999999999999,66.35211181640625,0,9,20.0,0.0,0.0,-20.0,0.0,-20.0,-20.0,0.0
3.4091055393218994,0.0,0.0,-0.09778999999999999,66.35211181640625,0,10,20.0,0.0,0.0,-20.0,0.0,-20.0,-20.0,0.0
3.484113931655884,0.0,0.0,-0.10031,66.35211181640625,0,10,20.0,0.0,0.0,-20.0,0.0,-20.0,-20.0,0.0
3.583106279373169,0.0,0.0,-0.10300999999999999,66.35211181640625,0,9,20.0,0.0,0.0,-20.0,0.0,-20.0,-20.0,0.0
3.657114028930664,0.0,0.0,-0.10640999999999999,66.35211181640625,0,10,20.0,0.0,0.0,-20.0,0.0,-20.0,-20.0,0.0
3.7321174144744873,0.0,0.0,-0.10897499999999999,66.35211181640625,0,10,20.0,0.0,0.0,-20.0,0.0,-20.0,-20.0,0.0
3.882108688354492,0.0,0.0,-0.112585,66.35211181640625,0,9,20.0,0.0,0.0,-20.0,0.0,-20.0,-20.0,0.0
3.9571049213409424,0.0,0.0,-0.117,66.35211181640625,0,10,20.0,0.0,0.0,-20.0,0.0,-20.0,-20.0,0.0
4.038117170333862,0.0,0.0,-0.11941999999999998,66.35211181640625,0,10,20.0,0.0,0.0,-20.0,0.0,-20.0,-20.0,0.0
4.113106966018677,0.0,0.0,-0.12224000000000002,66.35211181640625,0,10,20.0,0.0,0.0,-20.0,0.0,-20.0,-20.0,0.0
4.186105728149414,0.0,0.0,-0.12483000000000001,66.35211181640625,0,10,20.0,0.0,0.0,-20.0,0.0,-20.0,-20.0,0.0
4.283106088638306,0.0,0.0,-0.127405,66.35211181640625,0,9,20.0,0.0,0.0,-20.0,0.0,-20.0,-20.0,0.0
4.356107473373413,0.0,0.0,-0.130775,66.35211181640625,0,10,20.0,0.0,0.0,-20.0,0.0,-20.0,-20.0,0.0
4.435116529464722,0.0,0.0,-0.13331,66.35211181640625,0,10,20.0,0.0,0.0,-20.0,0.0,-20.0,-20.0,0.0
4.5091118812561035,0.0,0.0,-0.136075,66.35211181640625,0,10,20.0,0.0,0.0,-20.0,0.0,-20.0,-20.0,0.0
4.585104942321777,0.0,0.0,-0.13866,66.35211181640625,0,10,20.0,0.0,0.0,-20.0,0.0,-20.0,-20.0,0.0
4.658108711242676,0.0,0.0,-0.14130500000000001,66.35211181640625,0,10,20.0,0.0,0.0,-20.0,0.0,-20.0,-20.0,0.0
4.733118534088135,0.0,0.0,-0.14385499999999998,66.35211181640625,0,10,20.0,0.0,0.0,-20.0,0.0,-20.0,-20.0,0.0
4.831115961074829,0.0,0.0,-0.146475,66.35211181640625,0,9,20.0,0.0,0.0,-20.0,0.0,-20.0,-20.0,0.0
4.907112121582031,0.0,0.0,-0.14987999999999999,66.35211181640625,0,10,20.0,0.0,0.0,-20.0,0.0,-20.0,-20.0,0.0
4.997109413146973,0.0,0.0,-0.152645,66.35211181640625,0,10,20.0,0.0,0.0,-20.0,0.0,-20.0,-20.0,0.0
5.080103874206543,0.0,0.0,-0.155895,66.35211181640625,0,10,20.0,0.0,0.0,-20.0,0.0,-20.0,-20.0,0.0
5.152110815048218,0.0,0.0,-0.158565,66.35211181640625,0,10,20.0,0.0,0.0,-20.0,0.0,-20.0,-20.0,0.0
5.22710919380188,0.0,0.0,-0.161055,66.35211181640625,0,10,20.0,0.0,0.0,-20.0,0.0,-20.0,-20.0,0.0
5.302107095718384,0.0,0.0,-0.163665,66.35211181640625,0,10,20.0,0.0,0.0,-20.0,0.0,-20.0,-20.0,0.0
5.3751137256622314,0.0,0.0,-0.16628,66.35211181640625,0,10,20.0,0.0,0.0,-20.0,0.0,-20.0,-20.0,0.0
5.450275659561157,0.0,0.0,-0.16895500000000002,66.35211181640625,0,10,20.0,0.0,0.0,-20.0,0.0,-20.0,-20.0,0.0
5.551260232925415,0.0,0.0,-0.171445,66.35211181640625,0,9,20.0,0.0,0.0,-20.0,0.0,-20.0,-20.0,0.0
5.622261047363281,0.0,0.0,-0.17496,66.35211181640625,0,10,20.0,0.0,0.0,-20.0,0.0,-20.0,-20.0,0.0
5.697263717651367,0.0,0.0,-0.177445,66.35211181640625,0,10,20.0,0.0,0.0,-20.0,0.0,-20.0,-20.0,0.0
5.77126145362854,0.0,0.0,-0.18005000000000002,66.35211181640625,0,10,20.0,0.0,0.0,-20.0,0.0,-20.0,-20.0,0.0
5.852266073226929,0.0,0.0,-0.182625,66.35211181640625,0,10,20.0,0.0,0.0,-20.0,0.0,-20.0,-20.0,0.0
5.92626428604126,0.0,0.0,-0.18547,66.35211181640625,0,10,20.0,0.0,0.0,-20.0,0.0,-20.0,-20.0,0.0
6.002283334732056,0.0,0.0,-0.18804500000000002,66.35211181640625,0,10,20.0,0.0,0.0,-20.0,0.0,-20.0,-20.0,0.0
6.149264097213745,0.0,0.0,-0.190675,66.35211181640625,0,9,20.0,0.0,0.0,-20.0,0.0,-20.0,-20.0,0.0
6.2282609939575195,0.0,0.0,-0.195965,66.35211181640625,0,10,20.0,0.0,0.0,-20.0,0.0,-20.0,-20.0,0.0
6.302270889282227,0.0,0.0,-0.19856000000000001,66.35211181640625,0,10,20.0,0.0,0.0,-20.0,0.0,-20.0,-20.0,0.0
6.376267433166504,0.0,0.0,-0.20112,66.35211181640625,0,10,20.0,0.0,0.0,-20.0,0.0,-20.0,-20.0,0.0
6.475274085998535,0.0,0.0,-0.20370999999999997,66.35211181640625,0,9,20.0,0.0,0.0,-20.0,0.0,-20.0,-20.0,0.0
6.547264099121094,0.0,0.0,-0.20715999999999998,66.35211181640625,0,10,20.0,0.0,0.0,-20.0,0.0,-20.0,-20.0,0.0
6.62326192855835,0.0,0.0,-0.20965999999999999,66.35211181640625,0,10,20.0,0.0,0.0,-20.0,0.0,-20.0,-20.0,0.0
6.698281764984131,0.0,0.0,-0.212315,66.35211181640625,0,10,20.0,0.0,0.0,-20.0,0.0,-20.0,-20.0,0.0
6.770261526107788,0.0,0.0,-0.214925,66.35211181640625,0,10,20.0,0.0,0.0,-20.0,0.0,-20.0,-20.0,0.0
6.8682684898376465,0.0,0.0,-0.21744,66.35211181640625,0,9,20.0,0.0,0.0,-20.0,0.0,-20.0,-20.0,0.0
6.943276882171631,0.0,0.0,-0.22087,66.35211181640625,0,10,20.0,0.0,0.0,-20.0,0.0,-20.0,-20.0,0.0
7.015794515609741,0.0,0.0,-0.22348500000000002,66.35211181640625,0,10,20.0,0.0,0.0,-20.0,0.0,-20.0,-20.0,0.0
7.11479640007019,0.0,0.0,-0.22598500000000002,66.35211181640625,0,9,20.0,0.0,0.0,-20.0,0.0,-20.0,-20.0,0.0
7.188803672790527,0.0,0.0,-0.22945,66.35211181640625,0,10,20.0,0.0,0.0,-20.0,0.0,-20.0,-20.0,0.0
7.261799335479736,0.0,0.0,-0.232015,66.35211181640625,0,10,0.0,20.0,0.0,0.0,-20.0,-20.0,-20.0,0.0
7.352795839309692,0.0,0.0,-0.234785,66.35211181640625,0,10,0.0,20.0,0.0,0.0,-20.0,-20.0,-20.0,0.0
7.460809707641602,0.0,0.0,-0.23807,66.35211181640625,0,9,0.0,20.0,0.0,0.0,-20.0,-20.0,-20.0,0.0
7.533796548843384,0.0,0.0,-0.24152500000000002,66.35211181640625,0,10,0.0,20.0,0.0,0.0,-20.0,-20.0,-20.0,0.0
7.633803606033325,0.0,0.0,-0.244025,66.35211181640625,0,9,0.0,20.0,0.0,0.0,-20.0,-20.0,-20.0,0.0
7.704797267913818,0.0,0.0,-0.24751499999999999,66.35211181640625,0,10,0.0,20.0,0.0,0.0,-20.0,-20.0,-20.0,0.0
7.780794143676758,0.0,0.0,-0.25001999999999996,66.35211181640625,0,10,0.0,20.0,0.0,0.0,-20.0,-20.0,-20.0,0.0
7.88081431388855,0.0,0.0,-0.25266,66.35211181640625,0,9,0.0,20.0,0.0,0.0,-20.0,-20.0,-20.0,0.0
7.953486680984497,0.0,0.0,-0.25614,66.35211181640625,0,10,0.0,20.0,0.0,0.0,-20.0,-20.0,-20.0,0.0
8.028470754623413,0.0,0.0,-0.25869,66.35211181640625,0,10,0.0,20.0,0.0,0.0,-20.0,-20.0,-20.0,0.0
8.128472805023193,0.0,0.0,-0.26132,66.35211181640625,0,9,0.0,20.0,0.0,0.0,-20.0,-20.0,-20.0,0.0
8.202472925186157,0.0,0.0,-0.26476,66.35211181640625,0,10,0.0,20.0,0.0,0.0,-20.0,-20.0,-20.0,0.0
8.273474216461182,0.0,0.0,-0.267335,66.35211181640625,0,10,0.0,20.0,0.0,0.0,-20.0,-20.0,-20.0,0.0
8.348468780517578,0.0,0.0,-0.26984,66.35211181640625,0,10,0.0,20.0,0.0,0.0,-20.0,-20.0,-20.0,0.0
8.448771715164185,0.0,0.0,-0.27242,66.35211181640625,0,9,0.0,20.0,0.0,0.0,-20.0,-20.0,-20.0,0.0
8.540786266326904,0.0,0.0,-0.27615999999999996,66.35211181640625,0,10,0.0,20.0,0.0,0.0,-20.0,-20.0,-20.0,0.0
8.623892545700073,0.0,0.0,-0.27944,66.35211181640625,0,10,0.0,20.0,0.0,0.0,-20.0,-20.0,-20.0,0.0
8.723872184753418,0.0,0.0,-0.28205,66.35211181640625,0,9,0.0,20.0,0.0,0.0,-20.0,-20.0,-20.0,0.0
8.794874668121338,0.0,0.0,-0.2855,66.35211181640625,0,10,0.0,20.0,0.0,0.0,-20.0,-20.0,-20.0,0.0
8.893869638442993,0.0,0.0,-0.287985,66.35211181640625,0,9,0.0,20.0,0.0,0.0,-20.0,-20.0,-20.0,0.0
8.991870164871216,0.0,0.0,-0.29140499999999997,66.35211181640625,0,9,0.0,20.0,0.0,0.0,-20.0,-20.0,-20.0,0.0
9.153873920440674,0.0,0.0,-0.29474,92.34132862091064,0,8,0.0,1.8561023,18.143898,0.0,-20.0,-20.0,-20.0,0.0
9.300884246826172,0.0,0.0,-0.29866750000000003,95.0,0,5,0.0,0.0,20.0,0.0,-20.0,-20.0,-20.0,0.0
9.378872394561768,0.0,0.0,-0.3003825,95.0,0,4,0.0,0.0,20.0,0.0,-20.0,-20.0,-20.0,0.0
9.45687198638916,0.0,0.0,-0.3008925,95.0,20,2,0.0,0.0,20.0,0.0,-20.0,-20.0,-20.0,0.0
9.552964210510254,0.0,0.0,-0.30116750000000003,95.0,20,1,-20.0,-20.0,0.0,20.0,0.0,0.0,0.0,-20.0
9.647948741912842,0.0,0.0,-0.301085,95.0,20,1,-20.0,-20.0,0.0,20.0,0.0,0.0,0.0,-20.0
9.768966913223267,0.0,0.0,-0.30002,95.0,20,2,-20.0,-20.0,0.0,20.0,0.0,0.0,0.0,-20.0
9.882951736450195,0.0,0.0,-0.29788749999999997,95.0,20,3,-20.0,-20.0,0.0,20.0,0.0,0.0,0.0,-20.0
9.964975118637085,0.0,0.0,-0.29741500000000004,95.0,20,3,-20.0,-20.0,0.0,20.0,0.0,0.0,0.0,-20.0
10.061951160430908,0.0,0.0,-0.29687,95.0,20,4,-20.0,-20.0,0.0,20.0,0.0,0.0,0.0,-20.0
10.158569812774658,0.0,0.0,-0.2953775,95.0,20,5,-20.0,-20.0,0.0,20.0,0.0,0.0,0.0,-20.0
10.253581285476685,0.0,0.0,-0.29291500000000004,95.0,20,5,-20.0,0.0,-20.0,20.0,0.0,0.0,0.0,-20.0
10.352580547332764,0.0,0.0,-0.290105,95.0,20,5,-20.0,0.0,-20.0,20.0,0.0,0.0,0.0,-20.0
10.447569370269775,0.0,0.0,-0.286985,95.0,20,6,-20.0,0.0,-20.0,20.0,0.0,0.0,0.0,-20.0
10.54457712173462,0.0,0.0,-0.28406,95.0,20,6,-20.0,0.0,-20.0,20.0,0.0,0.0,0.0,-20.0
10.64256763458252,0.0,0.0,-0.28113,95.0,20,6,-20.0,0.0,-20.0,20.0,0.0,0.0,0.0,-20.0
10.741573333740234,0.0,0.0,-0.278255,95.0,20,6,-20.0,0.0,-20.0,20.0,0.0,0.0,0.0,-20.0
10.889566659927368,0.0,0.0,-0.2754,95.0,20,6,-20.0,0.0,-20.0,20.0,0.0,0.0,0.0,-20.0
10.999568700790405,0.0,0.0,-0.270925,95.0,20,5,-20.0,0.0,-20.0,20.0,0.0,0.0,0.0,-20.0
11.097568988800049,0.0,0.0,-0.268265,95.0,20,5,-20.0,0.0,-20.0,20.0,0.0,0.0,0.0,-20.0
11.191564798355103,0.0,0.0,-0.26564499999999996,95.0,20,5,-20.0,0.0,-20.0,20.0,0.0,0.0,0.0,-20.0
11.292584896087646,0.0,0.0,-0.26315999999999995,95.0,20,5,-20.0,0.0,-20.0,20.0,0.0,0.0,0.0,-20.0
11.388571739196777,0.0,0.0,-0.26055,95.0,20,5,-20.0,0.0,-20.0,20.0,0.0,0.0,0.0,-20.0
11.490579843521118,0.0,0.0,-0.2581675,95.0,20,5,-20.0,0.0,-20.0,20.0,0.0,0.0,0.0,-20.0
11.58656620979309,0.0,0.0,-0.255685,95.0,20,5,-20.0,0.0,-20.0,20.0,0.0,0.0,0.0,-20.0
11.68757176399231,0.0,0.0,-0.253575,95.0,20,5,-20.0,0.0,-20.0,20.0,0.0,0.0,0.0,-20.0
11.784570693969727,0.0,0.0,-0.2513975,95.0,20,5,-20.0,0.0,-20.0,20.0,0.0,0.0,0.0,-20.0
11.884571552276611,0.0,0.0,-0.2493575,95.0,20,5,-20.0,0.0,-20.0,20.0,0.0,0.0,0.0,-20.0
12.018565654754639,0.0,0.0,-0.24731,95.0,20,4,-20.0,0.0,-20.0,20.0,0.0,0.0,0.0,-20.0
12.13057255744934,0.0,0.0,-0.24433249999999998,95.0,20,4,-20.0,0.0,-20.0,20.0,0.0,0.0,0.0,-20.0
12.225584745407104,0.0,0.0,-0.242435,95.0,20,3,-20.0,0.0,-20.0,20.0,0.0,0.0,0.0,-20.0
12.327572345733643,0.0,0.0,-0.24059999999999998,95.0,20,3,-20.0,0.0,-20.0,20.0,0.0,0.0,0.0,-20.0
12.418581485748291,0.0,0.0,-0.23868999999999999,95.0,20,3,-20.0,0.0,-20.0,20.0,0.0,0.0,0.0,-20.0
12.500238418579102,0.0,0.0,-0.237085,95.0,20,3,-20.0,0.0,-20.0,20.0,0.0,0.0,0.0,-20.0
12.597400426864624,0.0,0.0,-0.23564249999999998,95.0,20,2,-20.0,0.0,-20.0,20.0,0.0,0.0,0.0,-20.0
12.679403305053711,0.0,0.0,-0.23398000000000002,95.0,20,2,-20.0,0.0,-20.0,20.0,0.0,0.0,0.0,-20.0
12.777402639389038,0.0,0.0,-0.23259,95.0,20,2,-20.0,0.0,-20.0,20.0,0.0,0.0,0.0,-20.0
12.875398397445679,0.0,0.0,-0.23136,95.0,20,2,-20.0,0.0,-20.0,20.0,0.0,0.0,0.0,-20.0
12.957486152648926,0.0,0.0,-0.23099,95.0,20,2,-20.0,0.0,-20.0,20.0,0.0,0.0,0.0,-20.0
13.055490732192993,0.0,0.0,-0.2302925,95.0,20,3,-15.202293,-4.7977066,-20.0,15.202293,4.7977066,0.0,0.0,-20.0
13.201476573944092,0.0,0.0,-0.2284225,95.0,20,2,0.0,-20.0,-20.0,0.0,20.0,0.0,0.0,-20.0
13.306479454040527,0.0,0.0,-0.2253425,95.0,20,2,0.0,-20.0,-20.0,0.0,20.0,0.0,0.0,-20.0
13.404480457305908,0.0,0.0,-0.2222625,95.0,20,3,0.0,-20.0,-20.0,0.0,20.0,0.0,0.0,-20.0
13.503483057022095,0.0,0.0,-0.22002,95.0,20,4,0.0,-20.0,-20.0,0.0,20.0,0.0,0.0,-20.0
13.598475933074951,0.0,0.0,-0.21880750000000002,95.0,20,5,0.0,-20.0,-20.0,0.0,20.0,0.0,0.0,-20.0
13.693491697311401,0.00015000000000000568,5.0000000000011366e-05,-0.2186,95.0,20,5,0.0,-20.0,-20.0,0.0,20.0,0.0,0.0,-20.0
13.791100263595581,0.0015500000000000114,0.0005250000000000057,-0.21945749999999997,95.0,20,6,0.0,-20.0,-20.0,0.0,20.0,0.0,0.0,-20.0
13.89009714126587,0.0045625,0.0015625,-0.22129250000000003,95.0,20,7,0.0,-20.0,-20.0,0.0,20.0,0.0,0.0,-20.0
13.984093427658081,0.00855000000000001,0.0029499999999999887,-0.2237225,95.0,20,7,0.0,-20.0,-20.0,0.0,20.0,0.0,0.0,-20.0
14.08409833908081,0.012387499999999989,0.004300000000000011,-0.2260625,95.0,20,7,0.0,-20.0,-20.0,0.0,20.0,0.0,0.0,-20.0
14.177091360092163,0.016474999999999993,0.005775000000000006,-0.22856,95.0,20,8,0.0,-20.0,-20.0,0.0,20.0,0.0,0.0,-20.0
14.301093339920044,0.02025,0.007175000000000011,-0.23087,95.0,20,8,0.0,-20.0,-20.0,0.0,20.0,0.0,0.0,-20.0
14.403091192245483,0.02548750000000001,0.009150000000000005,-0.2340575,95.0,20,8,0.0,-20.0,-20.0,0.0,20.0,0.0,0.0,-20.0
14.502098083496094,0.0294375,0.010675000000000011,-0.236465,95.0,20,8,0.0,-20.0,-20.0,0.0,20.0,0.0,0.0,-20.0
14.596092700958252,0.03344999999999999,0.012262499999999989,-0.2389175,95.0,20,8,0.0,-20.0,-20.0,0.0,20.0,0.0,0.0,-20.0
14.698091745376587,0.037212499999999975,0.013787499999999994,-0.241215,95.0,20,9,0.0,-20.0,-20.0,0.0,20.0,0.0,0.0,-20.0
14.794097900390625,0.041350000000000026,0.015487500000000012,-0.24373000000000003,95.0,20,9,0.0,-20.0,-20.0,0.0,20.0,0.0,0.0,-20.0
14.893115758895874,0.04522500000000002,0.01713749999999999,-0.2460925,95.0,20,9,0.0,-20.0,-20.0,0.0,20.0,0.0,0.0,-20.0
14.990106582641602,0.04914999999999998,0.018837500000000007,-0.248495,95.0,20,9,0.0,-20.0,-20.0,0.0,20.0,0.0,0.0,-20.0
15.08711051940918,0.053024999999999975,0.0205625,-0.250855,95.0,20,9,0.0,-20.0,-20.0,0.0,20.0,0.0,0.0,-20.0
15.18709397315979,0.056850000000000026,0.0223125,-0.253185,95.0,20,9,0.0,-20.0,-20.0,0.0,20.0,0.0,0.0,-20.0
15.283093214035034,0.06078750000000002,0.024162499999999993,-0.2555875,95.0,20,9,0.0,-20.0,-20.0,0.0,20.0,0.0,0.0,-20.0
15.422094106674194,0.064575,0.02598750000000001,-0.25789999999999996,95.0,20,9,0.0,-20.0,-20.0,0.0,20.0,0.0,0.0,-20.0
15.531092643737793,0.07035000000000002,0.02888749999999999,-0.261425,95.0,20,8,0.0,-20.0,-20.0,0.0,20.0,0.0,0.0,-20.0
15.628095388412476,0.07423750000000001,0.03092500000000001,-0.26379,95.0,20,8,0.0,-20.0,-20.0,0.0,20.0,0.0,0.0,-20.0
15.726099729537964,0.0779375,0.0329125,-0.26604500000000003,95.0,20,8,0.0,-20.0,-20.0,0.0,20.0,0.0,0.0,-20.0
15.820137023925781,0.0817375,0.03503749999999999,-0.268365,95.0,20,7,0.0,-20.0,-20.0,0.0,20.0,0.0,0.0,-20.0
15.918989896774292,0.08528750000000002,0.03710000000000002,-0.2705325,95.0,20,7,0.0,-20.0,-20.0,0.0,20.0,0.0,0.0,-20.0
16.011992931365967,0.08902499999999998,0.03933749999999998,-0.272805,95.0,20,6,0.0,-20.0,-20.0,0.0,20.0,0.0,0.0,-20.0
16.11310839653015,0.09251249999999998,0.04152499999999998,-0.2749325,95.0,20,6,0.0,-20.0,-20.0,0.0,20.0,0.0,0.0,-20.0
16.209105014801025,0.0959375,0.04375,-0.27702750000000004,95.0,20,6,0.0,-20.0,-20.0,0.0,20.0,0.0,0.0,-20.0
16.310181140899658,0.0990625,0.045875,-0.2789375,95.0,20,5,0.0,-20.0,-20.0,0.0,20.0,0.0,0.0,-20.0
16.40572190284729,0.10208749999999998,0.048,-0.2807775,95.0,20,5,0.0,-20.0,-20.0,0.0,20.0,0.0,0.0,-20.0
16.545738220214844,0.1046875,0.04989999999999998,-0.2823675,95.0,20,4,0.0,-20.0,-20.0,0.0,20.0,0.0,0.0,-20.0
16.641727209091187,0.10844999999999999,0.052800000000000014,-0.28466,95.0,20,3,0.0,-20.0,-20.0,0.0,20.0,0.0,0.0,-20.0
16.739261388778687,0.11091250000000002,0.054774999999999976,-0.2861575,95.0,20,3,0.0,-20.0,-20.0,0.0,20.0,0.0,0.0,-20.0
16.82086420059204,0.11335000000000002,0.05682499999999999,-0.287645,95.0,20,2,0.0,-20.0,-20.0,0.0,20.0,0.0,0.0,-20.0
16.917869091033936,0.11497500000000002,0.05823750000000001,-0.288635,95.0,20,2,0.0,-20.0,-20.0,0.0,20.0,0.0,0.0,-20.0
17.014915704727173,0.1156125,0.0588125,-0.289025,95.0,20,2,0.0,-20.0,-20.0,0.0,20.0,0.0,0.0,-20.0
17.09691333770752,0.11698750000000001,0.0600625,-0.28987,95.0,20,2,0.0,-20.0,-20.0,0.0,20.0,0.0,0.0,-20.0
17.193459033966064,0.118875,0.061837499999999976,-0.2910175,95.0,20,2,0.0,-20.0,-20.0,0.0,20.0,0.0,0.0,-20.0
17.291463613510132,0.12047500000000003,0.06338749999999999,-0.2919925,95.0,20,2,0.0,-20.0,-20.0,0.0,20.0,0.0,0.0,-20.0
17.370460748672485,0.1210625,0.06397500000000002,-0.29235,95.0,20,2,0.0,-20.0,-20.0,0.0,20.0,0.0,0.0,-20.0
17.46946096420288,0.122425,0.065375,-0.2931825,95.0,20,2,0.0,-20.0,-20.0,0.0,20.0,0.0,0.0,-20.0
17.563459396362305,0.1239375,0.06696249999999998,-0.294105,95.0,20,2,0.0,-20.0,-20.0,0.0,20.0,0.0,0.0,-20.0
17.6664617061615,0.12451249999999998,0.06758749999999998,-0.29445499999999997,95.0,20,2,0.0,-20.0,-20.0,0.0,20.0,0.0,0.0,-20.0
17.77148675918579,0.12527499999999997,0.06842500000000001,-0.29492250000000003,95.0,20,2,0.0,-20.0,-20.0,0.0,20.0,0.0,0.0,-20.0
17.85203742980957,0.12677499999999997,0.07013749999999999,-0.2958325,95.0,20,2,0.0,-20.0,-20.0,0.0,20.0,0.0,0.0,-20.0
17.933111667633057,0.12783749999999997,0.07139999999999998,-0.2964875,95.0,20,2,0.0,-20.0,-20.0,0.0,20.0,0.0,0.0,-20.0
18.02910566329956,0.12827499999999997,0.07192500000000002,-0.296755,95.0,20,2,0.0,-20.0,-20.0,0.0,20.0,0.0,0.0,-20.0
18.128194332122803,0.128925,0.07271249999999997,-0.29714999999999997,95.0,20,2,0.0,-20.0,-20.0,0.0,20.0,0.0,0.0,-20.0
18.22321343421936,0.1302375,0.074375,-0.297945,95.0,20,2,0.0,-20.0,-20.0,0.0,20.0,0.0,0.0,-20.0
18.302838802337646,0.13128750000000003,0.07575,-0.29857999999999996,95.0,20,2,0.0,-20.0,-20.0,0.0,20.0,0.0,0.0,-20.0
18.399361848831177,0.1318,0.07646249999999997,-0.298905,95.0,20,2,0.0,-20.0,-20.0,0.0,20.0,0.0,0.0,-20.0
18.49589443206787,0.13236250000000002,0.07723750000000001,-0.29925,95.0,20,2,0.0,-20.0,-20.0,0.0,20.0,0.0,0.0,-20.0
18.592901468276978,0.1334,0.07871249999999998,-0.2998825,95.0,20,2,0.0,-20.0,-20.0,0.0,20.0,0.0,0.0,-20.0
18.68788766860962,0.13402499999999998,0.079625,-0.3002575,95.0,20,2,0.0,-20.0,-20.0,0.0,20.0,0.0,0.0,-20.0
18.795905113220215,0.134625,0.08052499999999997,-0.30062,95.0,20,2,0.0,-20.0,-20.0,0.0,20.0,0.0,0.0,-20.0
18.89289093017578,0.1352375,0.08148750000000002,-0.30099750000000003,95.0,20,2,0.0,-20.0,-20.0,0.0,20.0,0.0,0.0,-20.0
18.989003896713257,0.1358125,0.08238749999999999,-0.30134500000000003,95.0,20,2,0.0,-20.0,-20.0,0.0,20.0,0.0,0.0,-20.0
19.085991859436035,0.136375,0.08330000000000001,-0.3016875,95.0,20,2,0.0,-20.0,-20.0,0.0,20.0,0.0,0.0,-20.0
19.165992259979248,0.13692500000000002,0.08422500000000002,-0.30202249999999997,95.0,20,2,-20.0,-20.0,-20.0,0.0,0.0,20.0,0.0,0.0
19.263005018234253,0.13733749999999997,0.08492500000000001,-0.3022775,95.0,20,2,-20.0,-20.0,-20.0,0.0,0.0,20.0,0.0,0.0
19.343990087509155,0.13791250000000002,0.08594999999999998,-0.30263,95.0,20,2,-20.0,-20.0,-20.0,0.0,0.0,20.0,0.0,0.0
19.422995567321777,0.13853750000000004,0.08710000000000002,-0.30301249999999996,95.0,20,1,-20.0,-20.0,-20.0,0.0,0.0,20.0,0.0,0.0
19.5199933052063,0.1389875,0.0879375,-0.303285,95.0,20,2,-20.0,-20.0,-20.0,0.0,0.0,20.0,0.0,0.0
19.6170392036438,0.13945,0.08883749999999997,-0.30357,95.0,20,1,-20.0,-20.0,-20.0,0.0,0.0,20.0,0.0,0.0
19.71503233909607,0.13995,0.0898,-0.3038675,95.0,20,1,-20.0,-20.0,-20.0,0.0,0.0,20.0,0.0,0.0
19.819054126739502,0.14047500000000002,0.09089999999999998,-0.304185,95.0,20,1,-20.0,-20.0,-20.0,0.0,0.0,20.0,0.0,0.0
19.930036783218384,0.14102499999999998,0.09208749999999997,-0.30452999999999997,95.0,20,0,-20.0,-20.0,-20.0,0.0,0.0,20.0,0.0,0.0
20.008554697036743,0.14135000000000003,0.09280000000000001,-0.30472750000000004,95.0,20,1,-20.0,-20.0,-20.0,0.0,0.0,20.0,0.0,0.0
20.109787464141846,0.141625,0.09342500000000001,-0.30489499999999997,95.0,20,1,-20.0,-20.0,-20.0,0.0,0.0,20.0,0.0,0.0
20.18378210067749,0.14205,0.09441250000000002,-0.30515499999999995,95.0,20,1,-20.0,-20.0,-20.0,0.0,0.0,20.0,0.0,0.0
20.266332864761353,0.14227499999999998,0.09496249999999998,-0.30529,95.0,20,1,-20.0,-20.0,-20.0,0.0,0.0,20.0,0.0,0.0
20.34631061553955,0.1426375,0.095825,-0.3055075,95.0,20,1,-20.0,-20.0,-20.0,0.0,0.0,20.0,0.0,0.0
20.427313327789307,0.14292500000000002,0.09655000000000001,-0.305685,95.0,20,1,-20.0,-20.0,-20.0,0.0,0.0,20.0,0.0,0.0
20.510326147079468,0.14322500000000002,0.097325,-0.3058675,95.0,20,1,-20.0,-20.0,-20.0,0.0,0.0,20.0,0.0,0.0
20.60430932044983,0.1435,0.0980625,-0.30603250000000004,95.0,20,1,-20.0,-20.0,-20.0,0.0,0.0,20.0,0.0,0.0
20.68484401702881,0.1437875,0.09885000000000002,-0.30621,95.0,20,0,-20.0,-20.0,-20.0,0.0,0.0,20.0,0.0,0.0
20.781842947006226,0.1440125,0.09947500000000002,-0.30634500000000003,95.0,20,1,-20.0,-20.0,-20.0,0.0,0.0,20.0,0.0,0.0
20.880855321884155,0.144275,0.10023750000000001,-0.30651,95.0,20,0,-20.0,-20.0,-20.0,0.0,0.0,20.0,0.0,0.0
20.97485089302063,0.1445,0.10092500000000001,-0.30665,95.0,20,0,-20.0,-20.0,-20.0,0.0,0.0,20.0,0.0,0.0
21.07184076309204,0.1447,0.10153750000000002,-0.30676749999999997,95.0,20,1,-20.0,-20.0,-20.0,0.0,0.0,20.0,0.0,0.0
21.15438723564148,0.144925,0.10226249999999999,-0.30691,95.0,20,0,-20.0,-20.0,-20.0,0.0,0.0,20.0,0.0,0.0
21.236395359039307,0.145125,0.10288749999999999,-0.307025,95.0,20,1,-20.0,-20.0,-20.0,0.0,0.0,20.0,0.0,0.0
21.315401554107666,0.14532499999999998,0.10355000000000002,-0.30714749999999996,95.0,20,1,-20.0,-20.0,-20.0,0.0,0.0,20.0,0.0,0.0
21.395385026931763,0.1455125,0.10416250000000002,-0.307265,95.0,20,1,-20.0,-20.0,-20.0,0.0,0.0,20.0,0.0,0.0
21.493385791778564,0.1456875,0.10480000000000002,-0.307375,95.0,20,1,-20.0,-20.0,-20.0,0.0,0.0,20.0,0.0,0.0
21.571385145187378,0.145875,0.1054375,-0.30748000000000003,95.0,20,0,-20.0,-20.0,-20.0,0.0,0.0,20.0,0.0,0.0
21.669381141662598,0.146025,0.10601249999999998,-0.307575,95.0,20,1,-20.0,-20.0,-20.0,0.0,0.0,20.0,0.0,0.0
21.748379945755005,0.1461875,0.10664999999999998,-0.30768,95.0,20,0,-20.0,-20.0,-20.0,0.0,0.0,20.0,0.0,0.0
21.83138084411621,0.14635000000000004,0.10725,-0.30777,95.0,20,0,-20.0,-20.0,-20.0,0.0,0.0,20.0,0.0,0.0
21.912379503250122,0.14648750000000002,0.10782499999999999,-0.30786,95.0,20,0,-20.0,-20.0,-20.0,0.0,0.0,20.0,0.0,0.0
22.023397207260132,0.146625,0.10839999999999998,-0.3079475,95.0,20,1,-20.0,-20.0,-20.0,0.0,0.0,20.0,0.0,0.0
22.120383977890015,0.146775,0.10897500000000002,-0.30802999999999997,95.0,20,0,-20.0,-20.0,-20.0,0.0,0.0,20.0,0.0,0.0
22.19837975502014,0.14689999999999998,0.10953750000000002,-0.30811,95.0,20,0,-20.0,-20.0,-20.0,0.0,0.0,20.0,0.0,0.0
22.279385805130005,0.147025,0.11010000000000002,-0.30818,95.0,20,0,-20.0,-20.0,-20.0,0.0,0.0,20.0,0.0,0.0
22.37338900566101,0.14713749999999998,0.11063749999999999,-0.30826,95.0,20,0,-20.0,-20.0,-20.0,0.0,0.0,20.0,0.0,0.0
22.45338201522827,0.14725,0.11117500000000001,-0.30833,95.0,20,0,-20.0,-20.0,-20.0,0.0,0.0,20.0,0.0,0.0
22.550381183624268,0.1473625,0.11171249999999998,-0.30839,95.0,20,0,-20.0,-20.0,-20.0,0.0,0.0,20.0,0.0,0.0
22.630382299423218,0.14747500000000002,0.11223750000000002,-0.30845999999999996,95.0,20,0,-20.0,-20.0,-20.0,0.0,0.0,20.0,0.0,0.0
22.70998215675354,0.14757499999999998,0.11276249999999999,-0.30851999999999996,95.0,20,0,-20.0,-20.0,-20.0,0.0,0.0,20.0,0.0,0.0
22.789960145950317,0.147675,0.11327499999999997,-0.30857999999999997,95.0,20,0,-20.0,-20.0,-20.0,0.0,0.0,20.0,0.0,0.0
22.87097930908203,0.1477625,0.11377499999999997,-0.30863,95.0,20,0,-20.0,-20.0,-20.0,0.0,0.0,20.0,0.0,0.0
22.969963550567627,0.14785,0.11426249999999999,-0.30869,95.0,20,0,-20.0,-20.0,-20.0,0.0,0.0,20.0,0.0,0.0
23.062958240509033,0.1479375,0.11475,-0.30874,95.0,20,0,-20.0,-20.0,-20.0,0.0,0.0,20.0,0.0,0.0
23.17196273803711,0.148025,0.1152375,-0.30879,95.0,20,0,-20.0,-20.0,-20.0,0.0,0.0,20.0,0.0,0.0
23.250556230545044,0.1481,0.11571249999999998,-0.30883999999999995,95.0,20,0,-20.0,-20.0,-20.0,0.0,0.0,20.0,0.0,0.0
23.330555200576782,0.148175,0.11617500000000001,-0.30889,95.0,20,0,-20.0,-20.0,-20.0,0.0,0.0,20.0,0.0,0.0
23.41356325149536,0.14825,0.11664999999999998,-0.30893,95.0,20,0,-20.0,-20.0,-20.0,0.0,0.0,20.0,0.0,0.0
23.50855565071106,0.14832499999999998,0.11710000000000002,-0.30897,95.0,20,0,-20.0,-20.0,-20.0,0.0,0.0,20.0,0.0,0.0
23.588557243347168,0.14838749999999998,0.11755000000000002,-0.30901,95.0,20,0,-20.0,-20.0,-20.0,0.0,0.0,20.0,0.0,0.0
23.668555974960327,0.14845,0.118,-0.30905,95.0,20,0,-20.0,-20.0,-20.0,0.0,0.0,20.0,0.0,0.0
23.76457118988037,0.1485125,0.1184375,-0.30909,95.0,20,0,-20.0,-20.0,-20.0,0.0,0.0,20.0,0.0,0.0
23.846564531326294,0.14857499999999998,0.118875,-0.30913,95.0,20,0,-20.0,-20.0,-20.0,0.0,0.0,20.0,0.0,0.0
23.942555904388428,0.148625,0.11930000000000002,-0.30916000000000005,95.0,20,0,-20.0,-20.0,-20.0,0.0,0.0,20.0,0.0,0.0
24.024563312530518,0.148675,0.11972500000000003,-0.3092,95.0,20,0,-20.0,-20.0,-20.0,0.0,0.0,20.0,0.0,0.0
24.10556721687317,0.14873750000000002,0.120125,-0.30923,95.0,20,0,-20.0,-20.0,-20.0,0.0,0.0,20.0,0.0,0.0
24.220559120178223,0.14878750000000002,0.12053750000000002,-0.30926,95.0,20,0,-20.0,-20.0,-20.0,0.0,0.0,20.0,0.0,0.0
24.298240900039673,0.14883749999999998,0.1209375,-0.30929,95.0,20,0,-20.0,-20.0,-20.0,0.0,0.0,20.0,0.0,0.0
24.379231929779053,0.148875,0.12133749999999997,-0.30932,95.0,20,0,-20.0,-20.0,-20.0,0.0,0.0,20.0,0.0,0.0
24.479299306869507,0.148925,0.12172500000000003,-0.30935,95.0,20,0,-20.0,-20.0,-20.0,0.0,0.0,20.0,0.0,0.0
24.554300785064697,0.14897500000000002,0.122125,-0.30937,95.0,20,0,-20.0,-20.0,-20.0,0.0,0.0,20.0,0.0,0.0
24.63391637802124,0.1490125,0.1225,-0.30939999999999995,95.0,20,0,-20.0,-20.0,-20.0,0.0,0.0,20.0,0.0,0.0
24.732919216156006,0.14905000000000002,0.122875,-0.30942000000000003,95.0,20,0,-20.0,-20.0,-20.0,0.0,0.0,20.0,0.0,0.0
24.81291675567627,0.14908749999999998,0.12325,-0.30944,95.0,20,0,-20.0,-20.0,-20.0,0.0,0.0,20.0,0.0,0.0
24.893918752670288,0.149125,0.123625,-0.30947,95.0,20,0,-20.0,-20.0,-20.0,0.0,0.0,20.0,0.0,0.0
24.98892045021057,0.14916250000000003,0.12397500000000003,-0.30949,95.0,20,0,-20.0,-20.0,-20.0,0.0,0.0,20.0,0.0,0.0
25.084947109222412,0.1491875,0.12433749999999998,-0.30951,95.0,20,0,-20.0,-20.0,-20.0,0.0,0.0,20.0,0.0,0.0
25.164924144744873,0.14922500000000002,0.1246875,-0.30952999999999997,95.0,20,0,-20.0,-20.0,-20.0,0.0,0.0,20.0,0.0,0.0
25.266912937164307,0.1492625,0.12502499999999997,-0.30955,95.0,20,0,-20.0,-20.0,-20.0,0.0,0.0,20.0,0.0,0.0
25.348923683166504,0.14928750000000002,0.125375,-0.30956,95.0,20,0,-20.0,-20.0,-20.0,0.0,0.0,20.0,0.0,0.0
25.44692373275757,0.1493125,0.12571249999999998,-0.30957999999999997,95.0,20,0,-20.0,-20.0,-20.0,0.0,0.0,20.0,0.0,0.0
25.538915634155273,0.14933749999999998,0.12605000000000002,-0.30960000000000004,95.0,20,0,-20.0,-20.0,-20.0,0.0,0.0,20.0,0.0,0.0
25.621456384658813,0.149375,0.126375,-0.30961,95.0,20,0,-20.0,-20.0,-20.0,0.0,0.0,20.0,0.0,0.0
25.701005935668945,0.14938749999999998,0.12669999999999998,-0.30963,95.0,20,0,-20.0,-20.0,-20.0,0.0,0.0,20.0,0.0,0.0
25.781564712524414,0.149425,0.12702499999999997,-0.30965,95.0,20,0,-20.0,-20.0,-20.0,0.0,0.0,20.0,0.0,0.0
25.880578756332397,0.1494375,0.127325,-0.30966000000000005,95.0,20,0,-20.0,-20.0,-20.0,0.0,0.0,20.0,0.0,0.0
25.958558320999146,0.14946249999999997,0.1276375,-0.30967,95.0,20,0,-20.0,-20.0,-20.0,0.0,0.0,20.0,0.0,0.0
26.043708324432373,0.14948750000000002,0.12794999999999998,-0.30969,95.0,20,0,-20.0,-20.0,-20.0,0.0,0.0,20.0,0.0,0.0
26.131702661514282,0.1495125,0.12825,-0.3097,95.0,20,0,-20.0,-20.0,-20.0,0.0,0.0,20.0,0.0,0.0
26.21321439743042,0.14952499999999996,0.12855,-0.30971,95.0,20,0,-20.0,-20.0,-20.0,0.0,0.0,20.0,0.0,0.0
26.296226263046265,0.14953750000000002,0.12883749999999997,-0.30972000000000005,95.0,20,0,-20.0,-20.0,-20.0,0.0,0.0,20.0,0.0,0.0
26.40879225730896,0.1495625,0.129125,-0.30973,95.0,20,0,-20.0,-20.0,-20.0,0.0,0.0,20.0,0.0,0.0
26.506792306900024,0.14957499999999999,0.129425,-0.30974,95.0,20,0,-20.0,-20.0,-20.0,0.0,0.0,20.0,0.0,0.0
26.58778738975525,0.1496,0.12969999999999998,-0.30975,95.0,20,0,-20.0,-20.0,-20.0,0.0,0.0,20.0,0.0,0.0
26.666805028915405,0.1496125,0.12997500000000003,-0.30976,95.0,20,0,-20.0,-20.0,-20.0,0.0,0.0,20.0,0.0,0.0
26.765791654586792,0.149625,0.13025,-0.30977,95.0,20,0,-20.0,-20.0,-20.0,0.0,0.0,20.0,0.0,0.0
26.846785068511963,0.14963749999999998,0.13052499999999997,-0.30978,95.0,20,0,-20.0,-20.0,-20.0,0.0,0.0,20.0,0.0,0.0
26.925783395767212,0.14966250000000003,0.13078750000000003,-0.30979,95.0,20,0,-20.0,-20.0,-20.0,0.0,0.0,20.0,0.0,0.0
27.02178716659546,0.149675,0.13105,-0.3098,95.0,20,0,-20.0,-20.0,-20.0,0.0,0.0,20.0,0.0,0.0
27.10178565979004,0.149675,0.1313125,-0.30981000000000003,95.0,20,0,-20.0,-20.0,-20.0,0.0,0.0,20.0,0.0,0.0
27.183788776397705,0.1497,0.131575,-0.30982,95.0,20,0,-20.0,-20.0,-20.0,0.0,0.0,20.0,0.0,0.0
27.264787435531616,0.14971249999999997,0.131825,-0.30982,95.0,20,0,-20.0,-20.0,-20.0,0.0,0.0,20.0,0.0,0.0
27.34580373764038,0.14972500000000002,0.132075,-0.30983,95.0,20,0,-20.0,-20.0,-20.0,0.0,0.0,20.0,0.0,0.0
27.456791162490845,0.14972500000000002,0.132325,-0.30983999999999995,95.0,20,0,-20.0,-20.0,-20.0,0.0,0.0,20.0,0.0,0.0
27.544785261154175,0.14973750000000002,0.1325625,-0.30983999999999995,95.0,20,0,-20.0,-20.0,-20.0,0.0,0.0,20.0,0.0,0.0
27.625792741775513,0.14975,0.1328,-0.30985,95.0,20,0,-20.0,-20.0,-20.0,0.0,0.0,20.0,0.0,0.0
27.720804691314697,0.1497625,0.13302499999999998,-0.30986,95.0,20,0,-20.0,-20.0,-20.0,0.0,0.0,20.0,0.0,0.0
27.802792072296143,0.14977499999999996,0.13327499999999998,-0.30986,95.0,20,0,-20.0,-20.0,-20.0,0.0,0.0,20.0,0.0,0.0
27.900790452957153,0.14977499999999996,0.1334875,-0.30987,95.0,20,0,-20.0,-20.0,-20.0,0.0,0.0,20.0,0.0,0.0
27.97935724258423,0.14978750000000002,0.133725,-0.30987,95.0,20,0,-20.0,-20.0,-20.0,0.0,0.0,20.0,0.0,0.0
28.061362266540527,0.14980000000000002,0.1339375,-0.30988,95.0,20,0,-20.0,-20.0,-20.0,0.0,0.0,20.0,0.0,0.0
28.153359413146973,0.1498125,0.13416250000000002,-0.30988,95.0,20,0,-20.0,-20.0,-20.0,0.0,0.0,20.0,0.0,0.0
28.233121156692505,0.1498125,0.134375,-0.30989,95.0,20,0,-20.0,-20.0,-20.0,0.0,0.0,20.0,0.0,0.0
28.315687894821167,0.14982499999999999,0.13458749999999997,-0.30989,95.0,20,0,-20.0,-20.0,-20.0,0.0,0.0,20.0,0.0,0.0
28.412692070007324,0.14982499999999999,0.1348125,-0.30989999999999995,95.0,20,0,-20.0,-20.0,-20.0,0.0,0.0,20.0,0.0,0.0
28.491697072982788,0.14983749999999998,0.13501249999999998,-0.30989999999999995,95.0,20,0,-20.0,-20.0,-20.0,0.0,0.0,20.0,0.0,0.0
28.598687410354614,0.14983749999999998,0.135225,-0.30989999999999995,95.0,20,0,-20.0,-20.0,-20.0,0.0,0.0,20.0,0.0,0.0
28.680904626846313,0.14985,0.13542500000000002,-0.30991,95.0,20,0,-20.0,-20.0,-20.0,0.0,0.0,20.0,0.0,0.0
28.762901544570923,0.1498625,0.135625,-0.30991,95.0,20,0,-20.0,-20.0,-20.0,0.0,0.0,20.0,0.0,0.0
28.842900276184082,0.1498625,0.135825,-0.30992000000000003,95.0,20,0,-20.0,-20.0,-20.0,0.0,0.0,20.0,0.0,0.0
28.93990206718445,0.149875,0.13601249999999998,-0.30992000000000003,95.0,20,0,-20.0,-20.0,-20.0,0.0,0.0,20.0,0.0,0.0
29.02053952217102,0.149875,0.1362,-0.30992000000000003,95.0,20,0,-20.0,-20.0,-20.0,0.0,0.0,20.0,0.0,0.0
29.102075815200806,0.149875,0.1363875,-0.30992000000000003,95.0,20,0,-20.0,-20.0,-20.0,0.0,0.0,20.0,0.0,0.0
29.1830792427063,0.149875,0.136575,-0.30993,95.0,20,0,-20.0,-20.0,-20.0,0.0,0.0,20.0,0.0,0.0
29.264080047607422,0.14988749999999998,0.13676249999999998,-0.30993,95.0,20,0,-20.0,-20.0,-20.0,0.0,0.0,20.0,0.0,0.0
29.36259961128235,0.14988749999999998,0.1369375,-0.30993,95.0,20,0,-20.0,-20.0,-20.0,0.0,0.0,20.0,0.0,0.0
29.44159960746765,0.14989999999999998,0.137125,-0.30994,95.0,20,0,-20.0,-20.0,-20.0,0.0,0.0,20.0,0.0,0.0
29.523175477981567,0.14989999999999998,0.1373,-0.30994,95.0,20,0,-20.0,-20.0,-20.0,0.0,0.0,20.0,0.0,0.0
29.64793109893799,0.14989999999999998,0.137475,-0.30994,95.0,20,0,-20.0,-20.0,-20.0,0.0,0.0,20.0,0.0,0.0
29.727508306503296,0.14991250000000003,0.13764999999999997,-0.30994,95.0,20,0,-20.0,-20.0,-20.0,0.0,0.0,20.0,0.0,0.0
29.80852460861206,0.14991250000000003,0.13782499999999998,-0.30995,95.0,20,0,-20.0,-20.0,-20.0,0.0,0.0,20.0,0.0,0.0
29.90450644493103,0.14991250000000003,0.13797500000000001,-0.30995,95.0,20,0,-20.0,-20.0,-20.0,0.0,0.0,20.0,0.0,0.0
29.986513376235962,0.149925,0.13814999999999997,-0.30995,95.0,20,0,-20.0,-20.0,-20.0,0.0,0.0,20.0,0.0,0.0
30.081514358520508,0.149925,0.1383125,-0.30995,95.0,20,0,-20.0,-20.0,-20.0,0.0,0.0,20.0,0.0,0.0
30.158507347106934,0.149925,0.13847500000000001,-0.30995,95.0,20,0,-20.0,-20.0,-20.0,0.0,0.0,20.0,0.0,0.0
30.2545108795166,0.149925,0.138625,-0.30995999999999996,95.0,20,0,-20.0,-20.0,-20.0,0.0,0.0,20.0,0.0,0.0
30.33350372314453,0.149925,0.13877499999999998,-0.30995999999999996,95.0,20,0,-20.0,-20.0,-20.0,0.0,0.0,20.0,0.0,0.0
30.41551184654236,0.149925,0.1389375,-0.30995999999999996,95.0,20,0,-20.0,-20.0,-20.0,0.0,0.0,20.0,0.0,0.0
30.49105215072632,0.1499375,0.13908749999999998,-0.30995999999999996,95.0,20,0,-20.0,-20.0,-20.0,0.0,0.0,20.0,0.0,0.0
30.57113480567932,0.1499375,0.13923750000000001,-0.30995999999999996,95.0,20,0,-20.0,-20.0,-20.0,0.0,0.0,20.0,0.0,0.0
30.66913914680481,0.1499375,0.1393875,-0.30995999999999996,95.0,20,0,-20.0,-20.0,-20.0,0.0,0.0,20.0,0.0,0.0
30.778138875961304,0.1499375,0.13952499999999998,-0.30997,95.0,20,0,-20.0,-20.0,-20.0,0.0,0.0,20.0,0.0,0.0
30.875142574310303,0.14995,0.13967500000000002,-0.30997,95.0,20,0,-20.0,-20.0,-20.0,0.0,0.0,20.0,0.0,0.0
30.95613384246826,0.14995,0.13982499999999998,-0.30997,95.0,20,0,-20.0,-20.0,-20.0,0.0,0.0,20.0,0.0,0.0
31.037135362625122,0.14995,0.1399625,-0.30997,95.0,20,0,-20.0,-20.0,-20.0,0.0,0.0,20.0,0.0,0.0
31.13114023208618,0.14995,0.14008749999999998,-0.30997,95.0,20,0,-20.0,-20.0,-20.0,0.0,0.0,20.0,0.0,0.0
31.211686849594116,0.14995,0.14022500000000002,-0.30997,95.0,20,0,-20.0,-20.0,-20.0,0.0,0.0,20.0,0.0,0.0
31.30568838119507,0.14996249999999997,0.1403625,-0.30997,95.0,20,0,-20.0,-20.0,-20.0,0.0,0.0,20.0,0.0,0.0
31.382705450057983,0.14996249999999997,0.14048750000000002,-0.30997,95.0,20,0,-20.0,-20.0,-20.0,0.0,0.0,20.0,0.0,0.0
31.465698719024658,0.14996249999999997,0.140625,-0.30998000000000003,95.0,20,0,-20.0,-20.0,-20.0,0.0,0.0,20.0,0.0,0.0
31.559683322906494,0.14996249999999997,0.14075,-0.30998000000000003,95.0,20,0,-20.0,-20.0,-20.0,0.0,0.0,20.0,0.0,0.0
31.704685926437378,0.14996249999999997,0.140875,-0.30998000000000003,79.74715042114258,20,0,-20.0,-20.0,-20.0,0.0,0.0,9.351501,10.648499,0.0
31.870846271514893,0.14996249999999997,0.141,-0.30998000000000003,66.35211181640625,20,0,-20.0,-20.0,-20.0,0.0,0.0,0.0,20.0,0.0
31.95185613632202,0.14997500000000002,0.141125,-0.30998000000000003,66.35211181640625,20,0,-20.0,-20.0,-20.0,0.0,0.0,0.0,20.0,0.0
32.03185796737671,0.14997500000000002,0.14125,-0.30998000000000003,66.35211181640625,20,0,-20.0,-20.0,-20.0,0.0,0.0,0.0,20.0,0.0
32.1124107837677,0.14997500000000002,0.141375,-0.30998000000000003,66.35211181640625,20,0,-20.0,-20.0,-20.0,0.0,0.0,0.0,20.0,0.0
32.20942282676697,0.14997500000000002,0.14148750000000002,-0.30998000000000003,66.35211181640625,20,0,-20.0,-20.0,-20.0,0.0,0.0,0.0,20.0,0.0
32.28750014305115,0.14997500000000002,0.14160000000000003,-0.30998000000000003,66.35211181640625,20,0,-20.0,-20.0,-20.0,0.0,0.0,0.0,20.0,0.0
32.36910676956177,0.14997500000000002,0.14172500000000002,-0.30998000000000003,66.35211181640625,20,0,-20.0,-20.0,-20.0,0.0,0.0,0.0,20.0,0.0
32.46466612815857,0.14997500000000002,0.14182499999999998,-0.30998000000000003,66.35211181640625,20,0,-20.0,-20.0,-20.0,0.0,0.0,0.0,20.0,0.0
32.54463601112366,0.14997500000000002,0.1419375,-0.30998000000000003,66.35211181640625,0,0,-20.0,-20.0,-20.0,0.0,0.0,0.0,20.0,0.0
32.64363408088684,0.14997500000000002,0.14205,-0.30998000000000003,66.35211181640625,0,0,0.0,0.0,0.0,-20.0,-20.0,-20.0,0.0,20.0
32.72263264656067,0.14997500000000002,0.1420625,-0.30971499999999996,66.35211181640625,0,1,0.0,0.0,0.0,-20.0,-20.0,-20.0,0.0,20.0
32.82063603401184,0.14997500000000002,0.14208749999999998,-0.3088175,66.35211181640625,0,2,0.0,0.0,0.0,-20.0,-20.0,-20.0,0.0,20.0
32.91764235496521,0.14997500000000002,0.142125,-0.30710000000000004,66.35211181640625,0,3,0.0,0.0,0.0,-20.0,-20.0,0.0,-20.0,20.0
33.036205768585205,0.14997500000000002,0.14216250000000002,-0.306035,66.35211181640625,0,4,0.0,0.0,0.0,-20.0,-20.0,0.0,-20.0,20.0
33.127227783203125,0.14997500000000002,0.14217500000000002,-0.3055975,66.35211181640625,0,4,0.0,0.0,0.0,-20.0,-20.0,0.0,-20.0,20.0
33.22774314880371,0.14997500000000002,0.14221249999999996,-0.304365,66.35211181640625,0,5,0.0,0.0,0.0,-20.0,-20.0,0.0,-20.0,20.0
33.323723793029785,0.14997500000000002,0.14227499999999998,-0.302045,66.35211181640625,0,5,0.0,0.0,0.0,-20.0,-20.0,0.0,-20.0,20.0
33.40930795669556,0.14997500000000002,0.1423625,-0.29907,66.35211181640625,0,6,0.0,0.0,0.0,-20.0,-20.0,0.0,-20.0,20.0
33.504823207855225,0.14997500000000002,0.1424375,-0.296365,66.35211181640625,0,6,0.0,0.0,0.0,-20.0,-20.0,0.0,-20.0,20.0
33.60182189941406,0.14997500000000002,0.14252499999999999,-0.293325,66.35211181640625,0,6,0.0,0.0,0.0,-20.0,-20.0,0.0,-20.0,20.0
33.700891971588135,0.14997500000000002,0.142625,-0.289945,66.35211181640625,0,6,0.0,0.0,0.0,-20.0,-20.0,0.0,-20.0,20.0
33.79789161682129,0.14997500000000002,0.14273750000000002,-0.286505,66.35211181640625,0,6,0.0,0.0,0.0,-20.0,-20.0,0.0,-20.0,20.0
33.89589238166809,0.14997500000000002,0.14285000000000003,-0.28314,66.35211181640625,0,6,0.0,0.0,0.0,-20.0,-20.0,0.0,-20.0,20.0
33.991421937942505,0.14997500000000002,0.14295,-0.28005,66.35211181640625,0,6,0.0,0.0,0.0,-20.0,-20.0,0.0,-20.0,20.0
34.139986991882324,0.14997500000000002,0.1430625,-0.27692,66.35211181640625,0,6,0.0,0.0,0.0,-20.0,-20.0,0.0,-20.0,20.0
34.24204444885254,0.14997500000000002,0.1432,-0.27323000000000003,66.35211181640625,0,5,0.0,0.0,0.0,-20.0,-20.0,0.0,-20.0,20.0
34.33904433250427,0.14997500000000002,0.1433,-0.27059000000000005,66.35211181640625,0,5,0.0,0.0,0.0,-20.0,-20.0,0.0,-20.0,20.0
34.435044288635254,0.14998750000000002,0.1433875,-0.268015,66.35211181640625,0,5,0.0,0.0,0.0,-20.0,-20.0,0.0,-20.0,20.0
34.53305387496948,0.14998750000000002,0.14348750000000002,-0.26558499999999996,66.35211181640625,0,5,0.0,0.0,0.0,-20.0,-20.0,0.0,-20.0,20.0
34.63105249404907,0.14998750000000002,0.14357499999999998,-0.26312,66.35211181640625,0,5,0.0,0.0,0.0,-20.0,-20.0,0.0,-20.0,20.0
34.73104548454285,0.14998750000000002,0.1436875,-0.2607,66.35211181640625,0,5,0.0,0.0,0.0,-20.0,-20.0,0.0,-20.0,20.0
34.831047773361206,0.14998750000000002,0.1437875,-0.258355,66.35211181640625,0,5,0.0,0.0,0.0,-20.0,-20.0,0.0,-20.0,20.0
34.927045583724976,0.14998750000000002,0.143875,-0.256195,66.35211181640625,0,5,0.0,0.0,0.0,-20.0,-20.0,0.0,-20.0,20.0
35.028045892715454,0.14998750000000002,0.14397500000000002,-0.25418,66.35211181640625,0,4,0.0,0.0,0.0,-20.0,-20.0,0.0,-20.0,20.0
35.12304735183716,0.14998750000000002,0.1440625,-0.2521325,66.35211181640625,0,4,0.0,0.0,0.0,-20.0,-20.0,0.0,-20.0,20.0
35.26904892921448,0.14998750000000002,0.1441875,-0.249685,66.35211181640625,0,4,0.0,0.0,0.0,-20.0,-20.0,0.0,-20.0,20.0
35.35210347175598,0.14998750000000002,0.1443,-0.24730000000000002,66.35211181640625,0,3,0.0,0.0,0.0,-20.0,-20.0,0.0,-20.0,20.0
35.45174479484558,0.14998750000000002,0.1443875,-0.2457825,66.35211181640625,0,3,0.0,0.0,0.0,-20.0,-20.0,0.0,-20.0,20.0
35.54972767829895,0.14998750000000002,0.14448750000000002,-0.243905,66.35211181640625,0,3,0.0,0.0,0.0,-20.0,-20.0,0.0,-20.0,20.0
35.650288343429565,0.14998750000000002,0.14458749999999998,-0.24211000000000002,66.35211181640625,0,3,0.0,0.0,0.0,-20.0,-20.0,0.0,-20.0,20.0
35.74528479576111,0.14998750000000002,0.1446875,-0.24039249999999998,66.35211181640625,0,2,0.0,0.0,0.0,-20.0,-20.0,0.0,-20.0,20.0
35.827287673950195,0.14998750000000002,0.1447875,-0.23873250000000001,66.35211181640625,0,2,0.0,0.0,0.0,-20.0,-20.0,0.0,-20.0,20.0
35.923285245895386,0.14998750000000002,0.1448625,-0.2375875,66.35211181640625,0,2,0.0,0.0,0.0,-20.0,-20.0,0.0,-20.0,20.0
36.01832890510559,0.14998750000000002,0.14489999999999997,-0.2369775,66.35211181640625,0,2,20.0,0.0,0.0,-20.0,0.0,-20.0,-20.0,0.0
36.118332386016846,0.14998750000000002,0.145,-0.235415,66.35211181640625,0,2,20.0,0.0,0.0,-20.0,0.0,-20.0,-20.0,0.0
36.216333866119385,0.14921249999999997,0.144775,-0.233745,66.35211181640625,0,2,20.0,0.0,0.0,-20.0,0.0,-20.0,-20.0,0.0
36.328333139419556,0.14764999999999998,0.14425,-0.23129000000000002,66.35211181640625,0,3,20.0,0.0,0.0,-20.0,0.0,-20.0,-20.0,0.0
36.45286154747009,0.14545,0.14352499999999999,-0.227845,66.35211181640625,0,4,20.0,0.0,0.0,-20.0,0.0,-20.0,-20.0,0.0
36.534435749053955,0.14432499999999998,0.14314999999999997,-0.2260975,66.35211181640625,0,5,20.0,0.0,0.0,-20.0,0.0,-20.0,-20.0,0.0
36.631436824798584,0.144,0.1430375,-0.22557999999999997,66.35211181640625,0,6,20.0,0.0,0.0,-20.0,0.0,-20.0,-20.0,0.0
36.73044228553772,0.14371249999999997,0.14295,-0.22513,66.35211181640625,0,6,20.0,0.0,0.0,-20.0,0.0,-20.0,-20.0,0.0
36.8277153968811,0.1428,0.1426375,-0.2236975,66.35211181640625,0,7,20.0,0.0,0.0,-20.0,0.0,-20.0,-20.0,0.0
36.90955924987793,0.1413,0.142125,-0.22135500000000002,66.35211181640625,0,8,20.0,0.0,0.0,-20.0,0.0,-20.0,-20.0,0.0
37.009565353393555,0.1396125,0.14155,-0.21870499999999998,66.35211181640625,0,9,20.0,0.0,0.0,-20.0,0.0,-20.0,-20.0,0.0
37.10555839538574,0.13735000000000003,0.14077499999999998,-0.21516500000000002,66.35211181640625,0,9,20.0,0.0,0.0,-20.0,0.0,-20.0,-20.0,0.0
37.182148694992065,0.1352375,0.1400375,-0.211845,66.35211181640625,0,10,20.0,0.0,0.0,-20.0,0.0,-20.0,-20.0,0.0
37.25513696670532,0.13351249999999998,0.13942500000000002,-0.209135,66.35211181640625,0,10,20.0,0.0,0.0,-20.0,0.0,-20.0,-20.0,0.0
37.35265111923218,0.13191250000000002,0.1388625,-0.20663499999999999,66.35211181640625,0,9,20.0,0.0,0.0,-20.0,0.0,-20.0,-20.0,0.0
37.42765688896179,0.1297375,0.13807499999999998,-0.20322,66.35211181640625,0,10,20.0,0.0,0.0,-20.0,0.0,-20.0,-20.0,0.0
37.52166247367859,0.1279375,0.13742500000000002,-0.200395,66.35211181640625,0,10,20.0,0.0,0.0,-20.0,0.0,-20.0,-20.0,0.0
37.6336772441864,0.12578750000000002,0.13664999999999997,-0.19704000000000002,66.35211181640625,0,9,20.0,0.0,0.0,-20.0,0.0,-20.0,-20.0,0.0
37.70965886116028,0.12348750000000001,0.1358,-0.193435,66.35211181640625,0,10,20.0,0.0,0.0,-20.0,0.0,-20.0,-20.0,0.0
37.8103928565979,0.12178750000000002,0.13516250000000002,-0.190775,66.35211181640625,0,9,20.0,0.0,0.0,-20.0,0.0,-20.0,-20.0,0.0
37.88597226142883,0.11953750000000002,0.1343125,-0.18725,66.35211181640625,0,10,20.0,0.0,0.0,-20.0,0.0,-20.0,-20.0,0.0
37.957951068878174,0.117875,0.1336875,-0.18464,66.35211181640625,0,10,20.0,0.0,0.0,-20.0,0.0,-20.0,-20.0,0.0
38.05797338485718,0.11630000000000001,0.133075,-0.18217,66.35211181640625,0,9,20.0,0.0,0.0,-20.0,0.0,-20.0,-20.0,0.0
38.13195180892944,0.11405000000000001,0.13219999999999998,-0.17865999999999999,66.35211181640625,0,10,20.0,0.0,0.0,-20.0,0.0,-20.0,-20.0,0.0
38.22595500946045,0.11242500000000001,0.1315625,-0.17610499999999998,66.35211181640625,0,9,20.0,0.0,0.0,-20.0,0.0,-20.0,-20.0,0.0
38.30099272727966,0.1103125,0.13071249999999998,-0.1728,66.35211181640625,0,10,20.0,0.0,0.0,-20.0,0.0,-20.0,-20.0,0.0
38.373992681503296,0.10867500000000001,0.1300625,-0.170225,66.35211181640625,0,10,20.0,0.0,0.0,-20.0,0.0,-20.0,-20.0,0.0
38.45614290237427,0.10701249999999998,0.1293875,-0.167625,66.35211181640625,0,9,20.0,0.0,0.0,-20.0,0.0,-20.0,-20.0,0.0
38.527145862579346,0.10522500000000003,0.12865,-0.164825,66.35211181640625,0,10,20.0,0.0,0.0,-20.0,0.0,-20.0,-20.0,0.0
38.66513991355896,0.10361250000000001,0.1279875,-0.162295,66.35211181640625,0,9,20.0,0.0,0.0,-20.0,0.0,-20.0,-20.0,0.0
38.75014591217041,0.10036250000000001,0.12661250000000002,-0.15721000000000002,66.35211181640625,0,10,20.0,0.0,0.0,-20.0,0.0,-20.0,-20.0,0.0
38.850143909454346,0.09866250000000003,0.125875,-0.154545,66.35211181640625,0,9,20.0,0.0,0.0,-20.0,0.0,-20.0,-20.0,0.0
38.92215180397034,0.0964375,0.12492500000000001,-0.15106999999999998,66.35211181640625,0,10,20.0,0.0,0.0,-20.0,0.0,-20.0,-20.0,0.0
39.02414584159851,0.09482499999999999,0.12421249999999998,-0.14855000000000002,66.35211181640625,0,9,20.0,0.0,0.0,-20.0,0.0,-20.0,-20.0,0.0
39.093146562576294,0.09255000000000001,0.12319999999999999,-0.144985,66.35211181640625,0,10,20.0,0.0,0.0,-20.0,0.0,-20.0,-20.0,0.0
39.192145347595215,0.09103750000000002,0.1225,-0.14260499999999998,66.35211181640625,0,9,20.0,0.0,0.0,-20.0,0.0,-20.0,-20.0,0.0
39.265156984329224,0.0888125,0.12146249999999997,-0.13913,66.35211181640625,0,10,20.0,0.0,0.0,-20.0,0.0,-20.0,-20.0,0.0
39.33817172050476,0.08719999999999999,0.12069999999999999,-0.13660499999999998,66.35211181640625,0,10,20.0,0.0,0.0,-20.0,0.0,-20.0,-20.0,0.0
39.4161434173584,0.08557499999999998,0.1199375,-0.134045,66.35211181640625,0,10,20.0,0.0,0.0,-20.0,0.0,-20.0,-20.0,0.0
39.48814105987549,0.08383749999999998,0.11911250000000001,-0.131335,66.35211181640625,0,10,20.0,0.0,0.0,-20.0,0.0,-20.0,-20.0,0.0
39.56314158439636,0.08225,0.11836250000000001,-0.128835,66.35211181640625,0,10,20.0,0.0,0.0,-20.0,0.0,-20.0,-20.0,0.0
39.6621470451355,0.08058749999999998,0.1175625,-0.12624000000000002,66.35211181640625,0,9,20.0,0.0,0.0,-20.0,0.0,-20.0,-20.0,0.0
39.733142614364624,0.07839999999999998,0.1164375,-0.12280500000000001,66.35211181640625,0,10,20.0,0.0,0.0,-20.0,0.0,-20.0,-20.0,0.0
39.834144115448,0.07655,0.1155,-0.11991999999999998,66.35211181640625,0,10,20.0,0.0,0.0,-20.0,0.0,-20.0,-20.0,0.0
39.915141105651855,0.07439999999999998,0.11439999999999997,-0.116555,66.35211181640625,0,10,20.0,0.0,0.0,-20.0,0.0,-20.0,-20.0,0.0
39.98967957496643,0.07275,0.11355000000000001,-0.113965,66.35211181640625,0,10,20.0,0.0,0.0,-20.0,0.0,-20.0,-20.0,0.0
40.0896782875061,0.07110000000000002,0.11267500000000001,-0.11137000000000001,66.35211181640625,0,9,20.0,0.0,0.0,-20.0,0.0,-20.0,-20.0,0.0
40.15867614746094,0.06885000000000002,0.11145,-0.10785499999999999,66.35211181640625,0,10,20.0,0.0,0.0,-20.0,0.0,-20.0,-20.0,0.0
40.233214378356934,0.06733749999999998,0.110625,-0.105475,66.35211181640625,0,10,20.0,0.0,0.0,-20.0,0.0,-20.0,-20.0,0.0
40.330204010009766,0.0656875,0.10969999999999999,-0.10288999999999998,66.35211181640625,0,9,20.0,0.0,0.0,-20.0,0.0,-20.0,-20.0,0.0
40.40131115913391,0.06352499999999997,0.1084375,-0.0995,66.35211181640625,0,10,20.0,0.0,0.0,-20.0,0.0,-20.0,-20.0,0.0
40.47485089302063,0.061925000000000015,0.10751249999999998,-0.097,66.35211181640625,0,10,20.0,0.0,0.0,-20.0,0.0,-20.0,-20.0,0.0
40.54985761642456,0.06028750000000002,0.10655,-0.09441999999999999,66.35211181640625,0,10,20.0,0.0,0.0,-20.0,0.0,-20.0,-20.0,0.0
40.64785838127136,0.05863749999999999,0.10558749999999997,-0.09183500000000001,66.35211181640625,0,9,20.0,0.0,0.0,-20.0,0.0,-20.0,-20.0,0.0
40.71986103057861,0.056449999999999986,0.10422500000000003,-0.08842500000000002,66.35211181640625,0,10,20.0,0.0,0.0,-20.0,0.0,-20.0,-20.0,0.0
40.79185080528259,0.054850000000000024,0.10322500000000003,-0.08591999999999998,66.35211181640625,0,10,20.0,0.0,0.0,-20.0,0.0,-20.0,-20.0,0.0
40.89300560951233,0.05325,0.1021875,-0.08341,66.35211181640625,0,9,20.0,0.0,0.0,-20.0,0.0,-20.0,-20.0,0.0
40.97500562667847,0.05101249999999999,0.1006875,-0.0799,66.35211181640625,0,10,20.0,0.0,0.0,-20.0,0.0,-20.0,-20.0,0.0
41.06900644302368,0.0489375,0.0993125,-0.076665,66.35211181640625,0,10,20.0,0.0,0.0,-20.0,0.0,-20.0,-20.0,0.0
41.16900420188904,0.04698750000000001,0.09797500000000002,-0.07360499999999999,66.35211181640625,0,9,20.0,0.0,0.0,-20.0,0.0,-20.0,-20.0,0.0
41.23952388763428,0.044862500000000013,0.0964375,-0.07027000000000001,66.35211181640625,0,10,20.0,0.0,0.0,-20.0,0.0,-20.0,-20.0,0.0
41.338083028793335,0.04330000000000001,0.09528750000000002,-0.06782499999999998,66.35211181640625,0,9,20.0,0.0,0.0,-20.0,0.0,-20.0,-20.0,0.0
41.415080547332764,0.041074999999999987,0.09361250000000002,-0.064335,66.35211181640625,0,10,20.0,0.0,0.0,-20.0,0.0,-20.0,-20.0,0.0
41.5120906829834,0.03939999999999998,0.09230000000000001,-0.06170500000000001,66.35211181640625,0,9,20.0,0.0,0.0,-20.0,0.0,-20.0,-20.0,0.0
41.61309456825256,0.037237500000000014,0.09057499999999999,-0.05832499999999999,66.35211181640625,0,9,20.0,0.0,0.0,-20.0,0.0,-20.0,-20.0,0.0
41.68218231201172,0.03498750000000001,0.0886875,-0.05480000000000001,66.35211181640625,0,10,20.0,0.0,0.0,-20.0,0.0,-20.0,-20.0,0.0
41.780720949172974,0.033462500000000006,0.08730000000000002,-0.052410000000000026,66.35211181640625,0,9,20.0,0.0,0.0,-20.0,0.0,-20.0,-20.0,0.0
41.85071015357971,0.03126249999999999,0.08525,-0.04897000000000003,66.35211181640625,0,10,20.0,0.0,0.0,-20.0,0.0,-20.0,-20.0,0.0
41.92173719406128,0.029712500000000006,0.08378750000000003,-0.046524999999999976,66.35211181640625,0,10,20.0,0.0,0.0,-20.0,0.0,-20.0,-20.0,0.0
41.99774122238159,0.028125,0.08230000000000001,-0.044040000000000024,66.35211181640625,0,10,20.0,0.0,0.0,-20.0,0.0,-20.0,-20.0,0.0
42.09628987312317,0.0264375,0.08063749999999999,-0.04139999999999998,66.35211181640625,0,9,20.0,0.0,0.0,-20.0,0.0,-20.0,-20.0,0.0
42.18930387496948,0.024087500000000005,0.07807499999999999,-0.03771499999999998,66.35211181640625,0,10,20.0,0.0,0.0,-20.0,0.0,-20.0,-20.0,0.0
42.29728436470032,0.0219375,0.07573750000000001,-0.034360000000000016,66.35211181640625,0,9,20.0,0.0,0.0,-20.0,0.0,-20.0,-20.0,0.0
42.37031078338623,0.02013749999999999,0.07357499999999999,-0.03155500000000001,66.35211181640625,0,10,20.0,0.0,0.0,-20.0,0.0,-20.0,-20.0,0.0
42.468283891677856,0.019125,0.0723125,-0.029970000000000028,66.35211181640625,0,9,20.0,0.0,0.0,-20.0,0.0,-20.0,-20.0,0.0
42.53980875015259,0.017650000000000006,0.07033749999999998,-0.02765499999999997,66.35211181640625,0,10,20.0,0.0,0.0,-20.0,0.0,-20.0,-20.0,0.0
42.6108078956604,0.0168125,0.06921249999999998,-0.02633499999999998,66.35211181640625,0,10,20.0,0.0,0.0,-20.0,0.0,-20.0,-20.0,0.0
42.70881104469299,0.01619999999999999,0.0683625,-0.025379999999999996,66.35211181640625,0,9,20.0,0.0,0.0,-20.0,0.0,-20.0,-20.0,0.0
42.77981090545654,0.015050000000000011,0.06667500000000001,-0.02357249999999999,66.35211181640625,0,10,20.0,0.0,0.0,-20.0,0.0,-20.0,-20.0,0.0
42.87882089614868,0.014449999999999989,0.06576249999999999,-0.0226275,66.35211181640625,0,9,20.0,0.0,0.0,-20.0,0.0,-20.0,-20.0,0.0
42.95281195640564,0.013287499999999994,0.0639375,-0.020827499999999985,66.35211181640625,0,10,20.0,0.0,0.0,-20.0,0.0,-20.0,-20.0,0.0
43.0518102645874,0.0124375,0.06252499999999998,-0.01949000000000001,66.35211181640625,0,9,20.0,0.0,0.0,-20.0,0.0,-20.0,-20.0,0.0
43.14882302284241,0.011449999999999988,0.06078750000000002,-0.01793000000000001,66.35211181640625,0,9,20.0,0.0,0.0,-20.0,0.0,-20.0,-20.0,0.0
43.246816635131836,0.010462500000000007,0.05898750000000001,-0.016389999999999988,66.35211181640625,0,8,20.0,0.0,0.0,-20.0,0.0,-20.0,-20.0,0.0
43.36335635185242,0.009587500000000006,0.05727499999999998,-0.015037500000000023,66.35211181640625,0,8,20.0,0.0,0.0,-20.0,0.0,-20.0,-20.0,0.0
43.462921142578125,0.00848750000000001,0.05492500000000001,-0.013282500000000027,66.35211181640625,0,9,20.0,0.0,0.0,-20.0,0.0,-20.0,-20.0,0.0
43.544918060302734,0.0078125,0.053425000000000014,-0.012232500000000016,66.35211181640625,0,9,20.0,0.0,0.0,-20.0,0.0,-20.0,-20.0,0.0
43.64192509651184,0.0071999999999999885,0.05197500000000002,-0.011277499999999975,66.35211181640625,0,9,0.0,20.0,0.0,0.0,-20.0,-20.0,-20.0,0.0
43.74093055725098,0.006375,0.04986250000000001,-0.009977500000000021,66.35211181640625,0,9,0.0,20.0,0.0,0.0,-20.0,-20.0,-20.0,0.0
43.83554029464722,0.005662499999999994,0.047912500000000025,-0.008862500000000011,66.35211181640625,0,8,0.0,20.0,0.0,0.0,-20.0,-20.0,-20.0,0.0
43.933560848236084,0.005,0.04594999999999999,-0.007827499999999986,66.35211181640625,0,7,0.0,20.0,0.0,0.0,-20.0,-20.0,-20.0,0.0
44.03154540061951,0.004375,0.04391250000000002,-0.006850000000000023,66.35211181640625,0,5,0.0,20.0,0.0,0.0,-20.0,-20.0,-20.0,0.0
44.116546392440796,0.003875,0.04213749999999999,-0.006060000000000002,66.35211181640625,0,3,0.0,20.0,0.0,0.0,-20.0,-20.0,-20.0,0.0
44.21107721328735,0.003474999999999994,0.04061250000000001,-0.005427500000000009,66.35211181640625,0,1,0.0,20.0,0.0,0.0,-20.0,-20.0,-20.0,0.0
44.2930793762207,0.0032624999999999885,0.0398125,-0.005115000000000009,66.35211181640625,0,1,0.0,20.0,0.0,0.0,-20.0,-20.0,-20.0,0.0
44.376094341278076,0.003125,0.03925,-0.004904999999999973,66.35211181640625,0,1,0.0,20.0,0.0,0.0,-20.0,-20.0,-20.0,0.0
44.482726097106934,0.002974999999999994,0.03860000000000002,-0.004677500000000009,66.35211181640625,0,1,0.0,20.0,0.0,0.0,-20.0,-20.0,-20.0,0.0
44.564741134643555,0.002875,0.038125,-0.004504999999999995,66.35211181640625,0,1,0.0,20.0,0.0,0.0,-20.0,-20.0,-20.0,0.0
44.644726037979126,0.0027750000000000058,0.037612500000000014,-0.004329999999999984,66.35211181640625,0,1,0.0,20.0,0.0,0.0,-20.0,-20.0,-20.0,0.0
44.726258516311646,0.0026624999999999943,0.037112500000000014,-0.004160000000000025,66.35211181640625,0,1,0.0,20.0,0.0,0.0,-20.0,-20.0,-20.0,0.0
44.80725121498108,0.002537499999999994,0.03660000000000002,-0.003987500000000011,66.35211181640625,0,1,0.0,20.0,0.0,0.0,-20.0,-20.0,-20.0,0.0
44.90234899520874,0.0024375,0.03607499999999999,-0.0038274999999999863,66.35211181640625,0,1,0.0,20.0,0.0,0.0,-20.0,-20.0,-20.0,0.0
44.98545837402344,0.0023249999999999885,0.03552500000000001,-0.003649999999999977,66.35211181640625,0,0,0.0,20.0,0.0,0.0,-20.0,-20.0,-20.0,0.0
45.06545877456665,0.002237500000000011,0.03505000000000001,-0.003517499999999984,66.35211181640625,0,1,0.0,20.0,0.0,0.0,-20.0,-20.0,-20.0,0.0
45.162460803985596,0.0021624999999999943,0.03458750000000001,-0.003382499999999993,66.35211181640625,0,1,0.0,20.0,0.0,0.0,-20.0,-20.0,-20.0,0.0
45.25846576690674,0.0020625,0.03407499999999999,-0.003230000000000018,66.35211181640625,0,0,0.0,20.0,0.0,0.0,-20.0,-20.0,-20.0,0.0
45.3374547958374,0.001974999999999994,0.03361250000000001,-0.003100000000000023,66.35211181640625,0,0,0.0,20.0,0.0,0.0,-20.0,-20.0,-20.0,0.0
45.41658568382263,0.0019000000000000056,0.03317500000000001,-0.0029875000000000114,66.35211181640625,0,1,0.0,20.0,0.0,0.0,-20.0,-20.0,-20.0,0.0
45.520570039749146,0.0018249999999999885,0.032725,-0.002865000000000009,66.35211181640625,0,1,0.0,20.0,0.0,0.0,-20.0,-20.0,-20.0,0.0
45.631649017333984,0.00175,0.03225,-0.00275,66.35211181640625,0,0,0.0,20.0,0.0,0.0,-20.0,-20.0,-20.0,0.0
45.71371078491211,0.0016750000000000113,0.0318125,-0.0026399999999999865,66.35211181640625,0,0,0.0,20.0,0.0,0.0,-20.0,-20.0,-20.0,0.0
45.794710874557495,0.001625,0.031375,-0.002529999999999973,66.35211181640625,0,0,0.0,20.0,0.0,0.0,-20.0,-20.0,-20.0,0.0
45.89171004295349,0.0015500000000000114,0.0309375,-0.002430000000000007,66.35211181640625,0,0,0.0,20.0,0.0,0.0,-20.0,-20.0,-20.0,0.0
45.97071981430054,0.0014875000000000114,0.030525000000000007,-0.002329999999999984,66.35211181640625,0,0,0.0,20.0,0.0,0.0,-20.0,-20.0,-20.0,0.0
46.068713426589966,0.0014250000000000113,0.030099999999999995,-0.002240000000000009,66.35211181640625,0,0,0.0,20.0,0.0,0.0,-20.0,-20.0,-20.0,0.0
46.150710582733154,0.001375,0.0296875,-0.0021499999999999774,66.35211181640625,0,0,0.0,20.0,0.0,0.0,-20.0,-20.0,-20.0,0.0
46.231250524520874,0.0013249999999999887,0.029275000000000006,-0.0020600000000000024,66.35211181640625,0,0,0.0,20.0,0.0,0.0,-20.0,-20.0,-20.0,0.0
46.31480574607849,0.0012624999999999887,0.028875,-0.001980000000000018,66.35211181640625,0,0,0.0,20.0,0.0,0.0,-20.0,-20.0,-20.0,0.0
46.3918092250824,0.0012125000000000057,0.028474999999999993,-0.0018999999999999772,66.35211181640625,0,0,0.0,20.0,0.0,0.0,-20.0,-20.0,-20.0,0.0
46.472411155700684,0.0011750000000000113,0.028087500000000005,-0.0018199999999999933,66.35211181640625,0,0,0.0,20.0,0.0,0.0,-20.0,-20.0,-20.0,0.0
46.58298301696777,0.001125,0.027712500000000004,-0.00175,66.35211181640625,0,0,0.0,20.0,0.0,0.0,-20.0,-20.0,-20.0,0.0
46.67563486099243,0.0010749999999999887,0.027324999999999988,-0.0016800000000000068,66.35211181640625,0,0,0.0,20.0,0.0,0.0,-20.0,-20.0,-20.0,0.0
46.77317142486572,0.0010250000000000057,0.026949999999999988,-0.0016100000000000135,66.35211181640625,0,0,0.0,20.0,0.0,0.0,-20.0,-20.0,-20.0,0.0
46.85117316246033,0.0009875000000000114,0.026587500000000007,-0.0015500000000000114,66.35211181640625,0,0,0.0,20.0,0.0,0.0,-20.0,-20.0,-20.0,0.0
46.93217468261719,0.0009499999999999886,0.026224999999999995,-0.0014900000000000091,66.35211181640625,0,0,0.0,20.0,0.0,0.0,-20.0,-20.0,-20.0,0.0
47.029157638549805,0.0009124999999999943,0.02586250000000001,-0.0014300000000000068,66.35211181640625,0,0,0.0,20.0,0.0,0.0,-20.0,-20.0,-20.0,0.0
47.12734079360962,0.000875,0.02551249999999999,-0.0013700000000000045,66.35211181640625,0,0,0.0,20.0,0.0,0.0,-20.0,-20.0,-20.0,0.0
47.209333419799805,0.0008375000000000057,0.025162499999999994,-0.0013199999999999933,66.35211181640625,0,0,0.0,20.0,0.0,0.0,-20.0,-20.0,-20.0,0.0
47.28891682624817,0.0008125,0.0248125,-0.001259999999999991,66.35211181640625,0,0,0.0,20.0,0.0,0.0,-20.0,-20.0,-20.0,0.0
47.371010303497314,0.0007750000000000057,0.024474999999999993,-0.0012099999999999795,66.35211181640625,0,0,0.0,20.0,0.0,0.0,-20.0,-20.0,-20.0,0.0
47.45099377632141,0.0007375000000000114,0.02413749999999999,-0.001160000000000025,66.35211181640625,0,0,0.0,20.0,0.0,0.0,-20.0,-20.0,-20.0,0.0
47.534000396728516,0.0007125000000000057,0.0238125,-0.0011200000000000045,66.35211181640625,0,0,0.0,20.0,0.0,0.0,-20.0,-20.0,-20.0,0.0
47.6289918422699,0.0006875,0.023474999999999996,-0.0010699999999999933,66.35211181640625,0,0,0.0,20.0,0.0,0.0,-20.0,-20.0,-20.0,0.0
47.73851656913757,0.0006624999999999944,0.023162499999999996,-0.0010299999999999728,66.35211181640625,0,0,0.0,20.0,0.0,0.0,-20.0,-20.0,-20.0,0.0
47.81907653808594,0.000625,0.022837500000000007,-0.000990000000000009,66.35211181640625,0,0,0.0,20.0,0.0,0.0,-20.0,-20.0,-20.0,0.0
47.91505670547485,0.0006125000000000114,0.022525000000000007,-0.0009499999999999886,66.35211181640625,0,0,0.0,20.0,0.0,0.0,-20.0,-20.0,-20.0,0.0
47.99608278274536,0.0005749999999999886,0.022224999999999995,-0.000910000000000025,66.35211181640625,0,0,0.0,20.0,0.0,0.0,-20.0,-20.0,-20.0,0.0
48.075066566467285,0.0005625,0.02192500000000001,-0.0008799999999999955,66.35211181640625,0,0,0.0,20.0,0.0,0.0,-20.0,-20.0,-20.0,0.0
48.1530647277832,0.0005374999999999944,0.021625,-0.000839999999999975,66.35211181640625,0,0,0.0,20.0,0.0,0.0,-20.0,-20.0,-20.0,0.0
48.23506188392639,0.0005250000000000057,0.02132499999999999,-0.0008100000000000022,66.35211181640625,0,0,0.0,20.0,0.0,0.0,-20.0,-20.0,-20.0,0.0
48.31506276130676,0.00048750000000001136,0.021025000000000005,-0.0007699999999999819,66.35211181640625,0,0,0.0,20.0,0.0,0.0,-20.0,-20.0,-20.0,0.0
48.41413354873657,0.0004749999999999943,0.020737500000000013,-0.0007400000000000091,66.35211181640625,0,0,0.0,20.0,0.0,0.0,-20.0,-20.0,-20.0,0.0
48.49213624000549,0.00046250000000000566,0.020462500000000005,-0.0007099999999999795,66.35211181640625,0,0,0.0,20.0,0.0,0.0,-20.0,-20.0,-20.0,0.0
48.56823110580444,0.0004375,0.020175000000000012,-0.0006899999999999977,66.35211181640625,0,0,0.0,20.0,0.0,0.0,-20.0,-20.0,-20.0,0.0
48.66592216491699,0.00042500000000001136,0.019900000000000004,-0.000660000000000025,66.35211181640625,0,0,0.0,20.0,0.0,0.0,-20.0,-20.0,-20.0,0.0
48.76543068885803,0.0004000000000000057,0.019625,-0.0006299999999999955,66.35211181640625,0,0,0.0,20.0,0.0,0.0,-20.0,-20.0,-20.0,0.0
48.84544038772583,0.00038749999999998866,0.01936250000000001,-0.0006100000000000136,66.35211181640625,0,0,0.0,20.0,0.0,0.0,-20.0,-20.0,-20.0,0.0
48.942439556121826,0.000375,0.019087500000000007,-0.0005799999999999841,66.35211181640625,0,0,0.0,20.0,0.0,0.0,-20.0,-20.0,-20.0,0.0
49.02243614196777,0.00036250000000001136,0.018824999999999988,-0.0005600000000000022,66.35211181640625,0,0,0.0,20.0,0.0,0.0,-20.0,-20.0,-20.0,0.0
49.120436906814575,0.0003375000000000057,0.018574999999999987,-0.0005400000000000205,66.35211181640625,0,0,0.0,20.0,0.0,0.0,-20.0,-20.0,-20.0,0.0
49.2014377117157,0.00032499999999998866,0.018324999999999987,-0.0005099999999999909,66.35211181640625,0,0,0.0,20.0,0.0,0.0,-20.0,-20.0,-20.0,0.0
49.28443455696106,0.00032499999999998866,0.018074999999999987,-0.0004900000000000091,66.35211181640625,0,0,0.0,20.0,0.0,0.0,-20.0,-20.0,-20.0,0.0
49.38244962692261,0.00030000000000001136,0.01782499999999999,-0.0004700000000000273,66.35211181640625,0,0,0.0,20.0,0.0,0.0,-20.0,-20.0,-20.0,0.0
49.46043848991394,0.0002874999999999943,0.01757499999999999,-0.0004599999999999795,66.35211181640625,0,0,0.0,20.0,0.0,0.0,-20.0,-20.0,-20.0,0.0
49.554434299468994,0.0002750000000000057,0.017337500000000006,-0.00043999999999999774,66.35211181640625,0,0,0.0,20.0,0.0,0.0,-20.0,-20.0,-20.0,0.0
49.634437799453735,0.0002750000000000057,0.017099999999999994,-0.0004200000000000159,66.35211181640625,0,0,0.0,20.0,0.0,0.0,-20.0,-20.0,-20.0,0.0
49.71596574783325,0.00026249999999998865,0.016862500000000013,-0.00039999999999997725,66.35211181640625,0,0,0.0,20.0,0.0,0.0,-20.0,-20.0,-20.0,0.0
49.81855368614197,0.00025,0.016625,-0.00038999999999998633,66.35211181640625,0,0,0.0,20.0,0.0,0.0,-20.0,-20.0,-20.0,0.0
49.912617683410645,0.00023750000000001136,0.016412499999999993,-0.00037000000000000455,66.35211181640625,0,0,0.0,20.0,0.0,0.0,-20.0,-20.0,-20.0,0.0
50.00961685180664,0.00022499999999999433,0.016175000000000012,-0.00036000000000001363,66.35211181640625,0,0,0.0,20.0,0.0,0.0,-20.0,-20.0,-20.0,0.0
50.09163808822632,0.00022499999999999433,0.015962500000000004,-0.000339999999999975,66.35211181640625,0,0,0.0,20.0,0.0,0.0,-20.0,-20.0,-20.0,0.0
50.18961715698242,0.00021250000000000568,0.015737500000000012,-0.00032999999999998406,66.35211181640625,0,0,0.0,20.0,0.0,0.0,-20.0,-20.0,-20.0,0.0
50.26612854003906,0.00019999999999998863,0.015525000000000006,-0.0003199999999999932,66.35211181640625,0,0,0.0,20.0,0.0,0.0,-20.0,-20.0,-20.0,0.0
50.363242626190186,0.0001875,0.0153125,-0.00030000000000001136,66.35211181640625,0,0,0.0,20.0,0.0,0.0,-20.0,-20.0,-20.0,0.0
50.44325256347656,0.0001875,0.015099999999999994,-0.00029000000000002044,66.35211181640625,0,0,0.0,20.0,0.0,0.0,-20.0,-20.0,-20.0,0.0
50.54184007644653,0.00017500000000001136,0.014900000000000005,-0.0002799999999999727,66.35211181640625,0,0,0.0,20.0,0.0,0.0,-20.0,-20.0,-20.0,0.0
50.62484169006348,0.00017500000000001136,0.0146875,-0.0002699999999999818,66.35211181640625,0,0,0.0,20.0,0.0,0.0,-20.0,-20.0,-20.0,0.0
50.70436954498291,0.00016249999999999433,0.01448750000000001,-0.0002599999999999909,66.35211181640625,0,0,0.0,20.0,0.0,0.0,-20.0,-20.0,-20.0,0.0
50.80296301841736,0.00016249999999999433,0.014287499999999995,-0.00025,66.35211181640625,0,0,0.0,20.0,0.0,0.0,-20.0,-20.0,-20.0,0.0
50.88095736503601,0.00015000000000000568,0.014099999999999994,-0.00024000000000000909,66.35211181640625,0,0,0.0,20.0,0.0,0.0,-20.0,-20.0,-20.0,0.0
50.99104380607605,0.00015000000000000568,0.013900000000000006,-0.0002300000000000182,66.35211181640625,0,0,0.0,20.0,0.0,0.0,-20.0,-20.0,-20.0,0.0
51.07005763053894,0.00013749999999998862,0.013712500000000006,-0.00022000000000002728,66.35211181640625,0,0,0.0,20.0,0.0,0.0,-20.0,-20.0,-20.0,0.0
51.151691198349,0.000125,0.013525000000000006,-0.00020999999999997954,66.35211181640625,0,0,0.0,20.0,0.0,0.0,-20.0,-20.0,-20.0,0.0
51.23424935340881,0.000125,0.013337500000000006,-0.00019999999999998863,66.35211181640625,0,0,0.0,20.0,0.0,0.0,-20.0,-20.0,-20.0,0.0
51.33024525642395,0.000125,0.013162499999999994,-0.00018999999999999773,66.35211181640625,0,0,0.0,20.0,0.0,0.0,-20.0,-20.0,-20.0,0.0
51.42588973045349,0.000125,0.012974999999999993,-0.00018999999999999773,66.35211181640625,0,0,0.0,20.0,0.0,0.0,-20.0,-20.0,-20.0,0.0
51.50588130950928,0.00011250000000001137,0.012800000000000011,-0.00018000000000000681,66.35211181640625,0,0,0.0,20.0,0.0,0.0,-20.0,-20.0,-20.0,0.0
51.58499884605408,0.00011250000000001137,0.012625,-0.00017000000000001592,66.35211181640625,0,0,0.0,20.0,0.0,0.0,-20.0,-20.0,-20.0,0.0
51.68200135231018,9.999999999999431e-05,0.012449999999999989,-0.000160000000000025,66.35211181640625,0,0,0.0,20.0,0.0,0.0,-20.0,-20.0,-20.0,0.0
51.76299548149109,9.999999999999431e-05,0.012275000000000006,-0.000160000000000025,66.35211181640625,0,0,0.0,20.0,0.0,0.0,-20.0,-20.0,-20.0,0.0
51.84499955177307,9.999999999999431e-05,0.012112500000000012,-0.00014999999999997727,66.35211181640625,0,0,0.0,20.0,0.0,0.0,-20.0,-20.0,-20.0,0.0
51.938000202178955,8.750000000000568e-05,0.011949999999999988,-0.00014999999999997727,66.35211181640625,0,0,0.0,20.0,0.0,0.0,-20.0,-20.0,-20.0,0.0
52.041011333465576,8.750000000000568e-05,0.011775000000000006,-0.00013999999999998635,66.35211181640625,0,0,0.0,20.0,0.0,0.0,-20.0,-20.0,-20.0,0.0
52.134997606277466,8.750000000000568e-05,0.011625,-0.00012999999999999546,66.35211181640625,0,0,0.0,20.0,0.0,0.0,-20.0,-20.0,-20.0,0.0
52.214998960494995,7.499999999998864e-05,0.011462500000000006,-0.00012999999999999546,66.35211181640625,0,0,0.0,20.0,0.0,0.0,-20.0,-20.0,-20.0,0.0
52.29499673843384,7.499999999998864e-05,0.011300000000000011,-0.00012000000000000454,66.35211181640625,0,0,0.0,20.0,0.0,0.0,-20.0,-20.0,-20.0,0.0
52.391072034835815,7.499999999998864e-05,0.011150000000000005,-0.00012000000000000454,66.35211181640625,0,0,0.0,20.0,0.0,0.0,-20.0,-20.0,-20.0,0.0
52.4702410697937,7.499999999998864e-05,0.011,-0.00011000000000001364,66.35211181640625,0,0,0.0,20.0,0.0,0.0,-20.0,-20.0,-20.0,0.0
52.56924772262573,7.499999999998864e-05,0.010849999999999995,-0.00011000000000001364,66.35211181640625,0,0,0.0,20.0,0.0,0.0,-20.0,-20.0,-20.0,0.0
52.645283937454224,7.499999999998864e-05,0.010699999999999989,-0.00010000000000002273,66.35211181640625,0,0,0.0,20.0,0.0,0.0,-20.0,-20.0,-20.0,0.0
52.728291034698486,6.25e-05,0.01055000000000001,-0.00010000000000002273,66.35211181640625,0,0,0.0,20.0,0.0,0.0,-20.0,-20.0,-20.0,0.0
52.824281454086304,6.25e-05,0.010412499999999995,-0.00010000000000002273,66.35211181640625,0,0,0.0,20.0,0.0,0.0,-20.0,-20.0,-20.0,0.0
52.9048068523407,6.25e-05,0.010262499999999989,-8.999999999997499e-05,66.35211181640625,0,0,0.0,20.0,0.0,0.0,-20.0,-20.0,-20.0,0.0
53.00281381607056,6.25e-05,0.010125,-8.999999999997499e-05,66.35211181640625,0,0,0.0,20.0,0.0,0.0,-20.0,-20.0,-20.0,0.0
53.101810693740845,5.0000000000011366e-05,0.009974999999999994,-8.999999999997499e-05,66.35211181640625,0,0,0.0,20.0,0.0,0.0,-20.0,-20.0,-20.0,0.0
53.207897663116455,5.0000000000011366e-05,0.009849999999999994,-7.999999999998408e-05,66.35211181640625,0,0,0.0,20.0,0.0,0.0,-20.0,-20.0,-20.0,0.0
53.287899017333984,5.0000000000011366e-05,0.009712500000000006,-7.999999999998408e-05,66.35211181640625,0,0,0.0,20.0,0.0,0.0,-20.0,-20.0,-20.0,0.0
53.384896993637085,5.0000000000011366e-05,0.009574999999999988,-7.999999999998408e-05,66.35211181640625,0,0,0.0,20.0,0.0,0.0,-20.0,-20.0,-20.0,0.0
53.52802610397339,5.0000000000011366e-05,0.009449999999999988,-6.999999999999318e-05,68.89349937438965,0,0,0.0,18.225777,1.7742233,0.0,-20.0,-20.0,-20.0,0.0
53.673566579818726,3.749999999999432e-05,0.009324999999999988,-6.999999999999318e-05,73.6412525177002,0,0,0.0,14.911221,5.0887794,0.0,-20.0,-20.0,-20.0,0.0
53.83456325531006,3.749999999999432e-05,0.0091875,-6.999999999999318e-05,78.32998466491699,0,0,0.0,11.637865,8.362135,0.0,-20.0,-20.0,-20.0,0.0
53.977622747421265,3.749999999999432e-05,0.00907499999999999,-6.000000000000227e-05,82.45007801055908,0,0,0.0,8.7614975,11.2385025,0.0,-20.0,-20.0,-20.0,0.0
54.12262415885925,3.749999999999432e-05,0.0089375,-6.000000000000227e-05,87.15394687652588,0,0,0.0,5.4775786,14.522421,0.0,-20.0,-20.0,-20.0,0.0
54.27161741256714,3.749999999999432e-05,0.008824999999999989,-6.000000000000227e-05,91.00731062889099,0,0,0.0,2.7874222,17.212578,0.0,-20.0,-20.0,-20.0,0.0
54.443684339523315,3.749999999999432e-05,0.008699999999999989,-6.000000000000227e-05,95.0,0,0,0.0,0.0,20.0,0.0,-20.0,-20.0,-20.0,0.0
54.540691614151,2.5000000000005683e-05,0.008574999999999989,-5.0000000000011366e-05,95.0,0,0,0.0,0.0,20.0,0.0,-20.0,-20.0,-20.0,0.0
54.61968159675598,2.5000000000005683e-05,0.008462500000000006,-5.0000000000011366e-05,95.0,0,0,0.0,0.0,20.0,0.0,-20.0,-20.0,-20.0,0.0
54.699687004089355,2.5000000000005683e-05,0.008349999999999995,-5.0000000000011366e-05,95.0,0,0,0.0,0.0,20.0,0.0,-20.0,-20.0,-20.0,0.0
54.79568004608154,2.5000000000005683e-05,0.008224999999999994,-5.0000000000011366e-05,95.0,0,0,0.0,0.0,20.0,0.0,-20.0,-20.0,-20.0,0.0
54.894779920578,2.5000000000005683e-05,0.008125,-5.0000000000011366e-05,95.0,0,0,0.0,0.0,20.0,0.0,-20.0,-20.0,-20.0,0.0
54.98975586891174,2.5000000000005683e-05,0.008012499999999988,-4.000000000002046e-05,95.0,0,0,0.0,0.0,20.0,0.0,-20.0,-20.0,-20.0,0.0
55.06829476356506,2.5000000000005683e-05,0.007900000000000006,-4.000000000002046e-05,95.0,0,0,0.0,0.0,20.0,0.0,-20.0,-20.0,-20.0,0.0
55.164896965026855,2.5000000000005683e-05,0.007787499999999994,-4.000000000002046e-05,95.0,0,0,0.0,0.0,20.0,0.0,-20.0,-20.0,-20.0,0.0
55.24441170692444,2.5000000000005683e-05,0.007675000000000012,-4.000000000002046e-05,95.0,0,0,0.0,0.0,20.0,0.0,-20.0,-20.0,-20.0,0.0
55.342979192733765,2.5000000000005683e-05,0.007574999999999989,-4.000000000002046e-05,95.0,0,0,0.0,0.0,20.0,0.0,-20.0,-20.0,-20.0,0.0
55.44398355484009,2.5000000000005683e-05,0.007474999999999995,-4.000000000002046e-05,95.0,0,0,0.0,0.0,20.0,0.0,-20.0,-20.0,-20.0,0.0
55.52306890487671,2.5000000000005683e-05,0.007375,-2.9999999999972716e-05,95.0,0,0,0.0,0.0,20.0,0.0,-20.0,-20.0,-20.0,0.0
55.62005114555359,2.5000000000005683e-05,0.007275000000000005,-2.9999999999972716e-05,95.0,0,0,0.0,0.0,20.0,0.0,-20.0,-20.0,-20.0,0.0
55.69905638694763,2.5000000000005683e-05,0.007175000000000011,-2.9999999999972716e-05,95.0,0,0,0.0,0.0,20.0,0.0,-20.0,-20.0,-20.0,0.0
55.79805135726929,2.5000000000005683e-05,0.007074999999999988,-2.9999999999972716e-05,95.0,0,0,0.0,0.0,20.0,0.0,-20.0,-20.0,-20.0,0.0
55.87609601020813,2.5000000000005683e-05,0.006974999999999994,-2.9999999999972716e-05,95.0,0,0,0.0,0.0,20.0,0.0,-20.0,-20.0,-20.0,0.0
55.959100008010864,2.5000000000005683e-05,0.006875,-2.9999999999972716e-05,95.0,0,0,0.0,0.0,20.0,0.0,-20.0,-20.0,-20.0,0.0
56.03509259223938,2.5000000000005683e-05,0.006787499999999994,-2.9999999999972716e-05,95.0,0,0,0.0,0.0,20.0,0.0,-20.0,-20.0,-20.0,0.0
56.13062357902527,2.5000000000005683e-05,0.0066875,-2.9999999999972716e-05,95.0,0,0,0.0,0.0,20.0,0.0,-20.0,-20.0,-20.0,0.0
56.227254152297974,2.5000000000005683e-05,0.006599999999999994,-2.9999999999972716e-05,95.0,0,0,0.0,0.0,20.0,0.0,-20.0,-20.0,-20.0,0.0
56.30686140060425,2.5000000000005683e-05,0.006512499999999989,-1.999999999998181e-05,95.0,0,0,0.0,0.0,20.0,0.0,-20.0,-20.0,-20.0,0.0
56.38386034965515,1.2499999999988632e-05,0.006425000000000011,-1.999999999998181e-05,95.0,0,0,0.0,0.0,20.0,0.0,-20.0,-20.0,-20.0,0.0
56.50386452674866,1.2499999999988632e-05,0.006324999999999989,-1.999999999998181e-05,95.0,0,0,0.0,0.0,20.0,0.0,-20.0,-20.0,-20.0,0.0
56.58692789077759,1.2499999999988632e-05,0.00625,-1.999999999998181e-05,95.0,0,0,0.0,0.0,20.0,0.0,-20.0,-20.0,-20.0,0.0
56.664931774139404,1.2499999999988632e-05,0.006162499999999994,-1.999999999998181e-05,95.0,0,0,0.0,0.0,20.0,0.0,-20.0,-20.0,-20.0,0.0
56.746931314468384,1.2499999999988632e-05,0.006074999999999988,-1.999999999998181e-05,95.0,0,0,0.0,0.0,20.0,0.0,-20.0,-20.0,-20.0,0.0
56.82894229888916,1.2499999999988632e-05,0.005987500000000011,-1.999999999998181e-05,95.0,0,0,0.0,0.0,20.0,0.0,-20.0,-20.0,-20.0,0.0
56.906928062438965,1.2499999999988632e-05,0.005912499999999994,-1.999999999998181e-05,95.0,0,0,0.0,0.0,20.0,0.0,-20.0,-20.0,-20.0,0.0
56.98698377609253,1.2499999999988632e-05,0.005824999999999989,-1.999999999998181e-05,95.0,0,0,0.0,0.0,20.0,0.0,-20.0,-20.0,-20.0,0.0
57.07098412513733,1.2499999999988632e-05,0.00575,-1.999999999998181e-05,95.0,0,0,0.0,0.0,20.0,0.0,-20.0,-20.0,-20.0,0.0
57.16398048400879,1.2499999999988632e-05,0.005675000000000012,-1.999999999998181e-05,95.0,0,0,0.0,0.0,20.0,0.0,-20.0,-20.0,-20.0,0.0
57.244986057281494,1.2499999999988632e-05,0.005587500000000006,-1.999999999998181e-05,95.0,0,0,0.0,0.0,20.0,0.0,-20.0,-20.0,-20.0,0.0
57.34399223327637,1.2499999999988632e-05,0.005587500000000006,-1.999999999998181e-05,95.0,0,0,0.0,0.0,20.0,0.0,-20.0,-20.0,-20.0,0.0
57.424986362457275,1.2499999999988632e-05,0.0054375,-9.999999999990905e-06,95.0,0,0,0.0,0.0,20.0,0.0,-20.0,-20.0,-20.0,0.0
57.518986225128174,1.2499999999988632e-05,0.0054375,-9.999999999990905e-06,95.0,0,0,0.0,0.0,20.0,0.0,-20.0,-20.0,-20.0,0.0
57.6289849281311,1.2499999999988632e-05,0.0052874999999999945,-9.999999999990905e-06,95.0,0,0,0.0,0.0,20.0,0.0,-20.0,-20.0,-20.0,0.0
57.726988792419434,1.2499999999988632e-05,0.0052874999999999945,-9.999999999990905e-06,95.0,0,0,0.0,0.0,20.0,0.0,-20.0,-20.0,-20.0,0.0
57.822981119155884,1.2499999999988632e-05,0.005150000000000005,-9.999999999990905e-06,95.0,0,0,0.0,0.0,20.0,0.0,-20.0,-20.0,-20.0,0.0
57.90501141548157,1.2499999999988632e-05,0.005074999999999988,-9.999999999990905e-06,95.0,0,0,0.0,0.0,20.0,0.0,-20.0,-20.0,-20.0,0.0
57.999982833862305,1.2499999999988632e-05,0.005074999999999988,-9.999999999990905e-06,95.0,0,0,0.0,0.0,20.0,0.0,-20.0,-20.0,-20.0,0.0
58.095985889434814,1.2499999999988632e-05,0.0049375,-9.999999999990905e-06,95.0,0,0,0.0,0.0,20.0,0.0,-20.0,-20.0,-20.0,0.0
58.19098114967346,1.2499999999988632e-05,0.0049375,-9.999999999990905e-06,95.0,0,0,0.0,0.0,20.0,0.0,-20.0,-20.0,-20.0,0.0
58.27099132537842,1.2499999999988632e-05,0.0048125,-9.999999999990905e-06,95.0,0,0,0.0,0.0,20.0,0.0,-20.0,-20.0,-20.0,0.0
58.369999170303345,1.2499999999988632e-05,0.004737500000000012,-9.999999999990905e-06,95.0,0,0,0.0,0.0,20.0,0.0,-20.0,-20.0,-20.0,0.0
58.44707536697388,1.2499999999988632e-05,0.004737500000000012,-9.999999999990905e-06,95.0,0,0,0.0,0.0,20.0,0.0,-20.0,-20.0,-20.0,0.0
58.52907729148865,1.2499999999988632e-05,0.0046125000000000116,-9.999999999990905e-06,95.0,0,0,0.0,0.0,20.0,0.0,-20.0,-20.0,-20.0,0.0
58.633084297180176,1.2499999999988632e-05,0.0046125000000000116,-9.999999999990905e-06,95.0,0,0,0.0,0.0,20.0,0.0,-20.0,-20.0,-20.0,0.0
58.733086824417114,1.2499999999988632e-05,0.0044875000000000114,-9.999999999990905e-06,95.0,0,0,0.0,0.0,20.0,0.0,-20.0,-20.0,-20.0,0.0
58.82907581329346,1.2499999999988632e-05,0.0044875000000000114,-9.999999999990905e-06,95.0,0,0,0.0,0.0,20.0,0.0,-20.0,-20.0,-20.0,0.0
58.911078214645386,0.0,0.004362500000000011,-9.999999999990905e-06,95.0,0,0,0.0,0.0,20.0,0.0,-20.0,-20.0,-20.0,0.0
58.99207663536072,0.0,0.004362500000000011,-9.999999999990905e-06,95.0,0,0,0.0,0.0,20.0,0.0,-20.0,-20.0,-20.0,0.0
59.072630405426025,0.0,0.00425,-9.999999999990905e-06,95.0,0,0,0.0,0.0,20.0,0.0,-20.0,-20.0,-20.0,0.0
59.15164542198181,0.0,0.00425,-9.999999999990905e-06,95.0,0,0,0.0,0.0,20.0,0.0,-20.0,-20.0,-20.0,0.0
59.22962832450867,0.0,0.004125,-9.999999999990905e-06,95.0,0,0,0.0,0.0,20.0,0.0,-20.0,-20.0,-20.0,0.0
59.31064200401306,0.0,0.004125,-9.999999999990905e-06,95.0,0,0,0.0,0.0,20.0,0.0,-20.0,-20.0,-20.0,0.0
59.39169502258301,0.0,0.004025000000000006,-9.999999999990905e-06,95.0,0,0,0.0,0.0,20.0,0.0,-20.0,-20.0,-20.0,0.0
59.48621678352356,0.0,0.004025000000000006,-9.999999999990905e-06,95.0,0,0,0.0,0.0,20.0,0.0,-20.0,-20.0,-20.0,0.0
59.56637191772461,0.0,0.003912499999999994,-9.999999999990905e-06,95.0,0,0,0.0,0.0,20.0,0.0,-20.0,-20.0,-20.0,0.0
59.66189217567444,0.0,0.003912499999999994,-9.999999999990905e-06,95.0,0,0,0.0,0.0,20.0,0.0,-20.0,-20.0,-20.0,0.0
59.76489210128784,0.0,0.0038000000000000113,0.0,95.0,0,0,0.0,0.0,20.0,0.0,-20.0,-20.0,-20.0,0.0
59.844892501831055,0.0,0.0038000000000000113,0.0,95.0,0,0,0.0,0.0,20.0,0.0,-20.0,-20.0,-20.0,0.0
59.93989610671997,0.0,0.0036999999999999885,0.0,95.0,0,0,0.0,0.0,20.0,0.0,-20.0,-20.0,-20.0,0.0
60.02089476585388,0.0,0.0036999999999999885,0.0,95.0,0,0,0.0,0.0,20.0,0.0,-20.0,-20.0,-20.0,0.0
60.11689209938049,0.0,0.0035999999999999943,0.0,95.0,0,0,0.0,0.0,20.0,0.0,-20.0,-20.0,-20.0,0.0
60.19689106941223,0.0,0.0035999999999999943,0.0,95.0,0,0,0.0,0.0,20.0,0.0,-20.0,-20.0,-20.0,0.0
60.27589464187622,0.0,0.0035,0.0,95.0,0,0,0.0,0.0,20.0,0.0,-20.0,-20.0,-20.0,0.0
60.37289619445801,0.0,0.0035,0.0,95.0,0,0,0.0,0.0,20.0,0.0,-20.0,-20.0,-20.0,0.0
60.454893350601196,0.0,0.0034124999999999945,0.0,95.0,0,0,0.0,0.0,20.0,0.0,-20.0,-20.0,-20.0,0.0
60.55189251899719,0.0,0.0034124999999999945,0.0,95.0,0,0,0.0,0.0,20.0,0.0,-20.0,-20.0,-20.0,0.0
60.63189172744751,0.0,0.0033125,0.0,95.0,0,0,0.0,0.0,20.0,0.0,-20.0,-20.0,-20.0,0.0
60.71242070198059,0.0,0.0033125,0.0,95.0,0,0,0.0,0.0,20.0,0.0,-20.0,-20.0,-20.0,0.0
60.82441830635071,0.0,0.0032249999999999944,0.0,95.0,0,0,0.0,0.0,20.0,0.0,-20.0,-20.0,-20.0,0.0
60.91842699050903,0.0,0.0032249999999999944,0.0,95.0,0,0,0.0,0.0,20.0,0.0,-20.0,-20.0,-20.0,0.0
60.999411821365356,0.0,0.003125,0.0,95.0,0,0,0.0,0.0,20.0,0.0,-20.0,-20.0,-20.0,0.0
61.07842016220093,0.0,0.003125,0.0,95.0,0,0,0.0,0.0,20.0,0.0,-20.0,-20.0,-20.0,0.0
61.15941786766052,0.0,0.0030500000000000115,0.0,95.0,0,0,0.0,0.0,20.0,0.0,-20.0,-20.0,-20.0,0.0
61.25441122055054,0.0,0.0030500000000000115,0.0,95.0,0,0,0.0,0.0,20.0,0.0,-20.0,-20.0,-20.0,0.0
61.336426734924316,0.0,0.002974999999999994,0.0,95.0,0,0,0.0,0.0,20.0,0.0,-20.0,-20.0,-20.0,0.0
61.43242692947388,0.0,0.002974999999999994,0.0,95.0,0,0,0.0,0.0,20.0,0.0,-20.0,-20.0,-20.0,0.0
61.51348376274109,0.0,0.0028874999999999886,0.0,95.0,0,0,0.0,0.0,20.0,0.0,-20.0,-20.0,-20.0,0.0
61.59348702430725,0.0,0.0028874999999999886,0.0,95.0,0,0,0.0,0.0,20.0,0.0,-20.0,-20.0,-20.0,0.0